#x #y #phase
1 1 1
1 2 1
1 3 1
1 4 1
1 5 1
1 6 1
1 7 1
1 8 1
1 9 1
1 10 1
1 11 1
1 12 1
1 13 1
1 14 1
1 15 1
1 16 1
1 17 1
1 18 1
1 19 1
1 20 1
1 21 1
1 22 1
1 23 0.999999
1 24 0.999998
1 25 0.999993
1 26 0.999978
1 27 0.999932
1 28 0.999792
1 29 0.999367
1 30 0.998071
1 31 0.994136
1 32 0.982276
1 33 0.947314
1 34 0.850969
1 35 0.633745
1 36 0.342862
1 37 0.145211
1 38 0.0548776
1 39 0.0198433
1 40 0.0070591
1 41 0.0024953
1 42 0.000879187
1 43 0.000308933
1 44 0.000108215
1 45 3.77593e-05
1 46 1.31144e-05
1 47 4.5313e-06
1 48 1.55764e-06
1 49 5.3434e-07
1 50 1.87812e-07
1 51 8.1859e-08

2 1 1
2 2 1
2 3 1
2 4 1
2 5 1
2 6 1
2 7 1
2 8 1
2 9 1
2 10 1
2 11 1
2 12 1
2 13 1
2 14 1
2 15 1
2 16 1
2 17 1
2 18 1
2 19 1
2 20 1
2 21 1
2 22 1
2 23 0.999999
2 24 0.999997
2 25 0.999992
2 26 0.999977
2 27 0.999929
2 28 0.999784
2 29 0.999344
2 30 0.998005
2 31 0.99394
2 32 0.981705
2 33 0.945709
2 34 0.846915
2 35 0.626231
2 36 0.336204
2 37 0.141845
2 38 0.0535371
2 39 0.0193546
2 40 0.00688653
2 41 0.00243506
2 42 0.000858264
2 43 0.000301687
2 44 0.000105713
2 45 3.68986e-05
2 46 1.28196e-05
2 47 4.43086e-06
2 48 1.5236e-06
2 49 5.22838e-07
2 50 1.83837e-07
2 51 8.01586e-08

3 1 1
3 2 1
3 3 1
3 4 1
3 5 1
3 6 1
3 7 1
3 8 1
3 9 1
3 10 1
3 11 1
3 12 1
3 13 1
3 14 1
3 15 1
3 16 1
3 17 1
3 18 1
3 19 1
3 20 1
3 21 1
3 22 1
3 23 0.999999
3 24 0.999997
3 25 0.999992
3 26 0.999975
3 27 0.999924
3 28 0.999768
3 29 0.999297
3 30 0.997865
3 31 0.993528
3 32 0.980505
3 33 0.942348
3 34 0.838507
3 35 0.611006
3 36 0.323095
3 37 0.135306
3 38 0.0509447
3 39 0.0184107
3 40 0.00655321
3 41 0.00231867
3 42 0.000817819
3 43 0.000287674
3 44 0.000100872
3 45 3.52325e-05
3 46 1.22487e-05
3 47 4.23623e-06
3 48 1.45762e-06
3 49 5.00528e-07
3 50 1.76123e-07
3 51 7.68565e-08

4 1 1
4 2 1
4 3 1
4 4 1
4 5 1
4 6 1
4 7 1
4 8 1
4 9 1
4 10 1
4 11 1
4 12 1
4 13 1
4 14 1
4 15 1
4 16 1
4 17 1
4 18 1
4 19 1
4 20 1
4 21 1
4 22 1
4 23 0.999999
4 24 0.999997
4 25 0.999991
4 26 0.999972
4 27 0.999915
4 28 0.999742
4 29 0.999219
4 30 0.997635
4 31 0.992854
4 32 0.978551
4 33 0.936912
4 34 0.825123
4 35 0.587741
4 36 0.303983
4 37 0.125969
4 38 0.0472696
4 39 0.0170752
4 40 0.00608166
4 41 0.00215393
4 42 0.000760525
4 43 0.000267806
4 44 9.40033e-05
4 45 3.28663e-05
4 46 1.14372e-05
4 47 3.95939e-06
4 48 1.36368e-06
4 49 4.68741e-07
4 50 1.65121e-07
4 51 7.21426e-08

5 1 1
5 2 1
5 3 1
5 4 1
5 5 1
5 6 1
5 7 1
5 8 1
5 9 1
5 10 1
5 11 1
5 12 1
5 13 1
5 14 1
5 15 1
5 16 1
5 17 1
5 18 1
5 19 1
5 20 1
5 21 1
5 22 1
5 23 0.999999
5 24 0.999996
5 25 0.999989
5 26 0.999967
5 27 0.999901
5 28 0.999701
5 29 0.999101
5 30 0.997289
5 31 0.991843
5 32 0.975634
5 33 0.928868
5 34 0.805781
5 35 0.55612
5 36 0.279594
5 37 0.114375
5 38 0.0427481
5 39 0.0154361
5 40 0.00550292
5 41 0.00195157
5 42 0.000690069
5 43 0.000243346
5 44 8.55364e-05
5 45 2.99462e-05
5 46 1.04347e-05
5 47 3.61697e-06
5 48 1.24736e-06
5 49 4.29336e-07
5 50 1.51466e-07
5 51 6.62832e-08

6 1 1
6 2 1
6 3 1
6 4 1
6 5 1
6 6 1
6 7 1
6 8 1
6 9 1
6 10 1
6 11 1
6 12 1
6 13 1
6 14 1
6 15 1
6 16 1
6 17 1
6 18 1
6 19 1
6 20 1
6 21 1
6 22 0.999999
6 23 0.999999
6 24 0.999995
6 25 0.999987
6 26 0.99996
6 27 0.99988
6 28 0.999642
6 29 0.998927
6 30 0.996782
6 31 0.990371
6 32 0.97142
6 33 0.917405
6 34 0.779108
6 35 0.51607
6 36 0.250966
6 37 0.101191
6 38 0.0376613
6 39 0.0135969
6 40 0.00485341
6 41 0.0017242
6 42 0.000610791
6 43 0.00021578
6 44 7.59799e-05
6 45 2.66454e-05
6 46 9.29976e-06
6 47 3.22881e-06
6 48 1.11532e-06
6 49 3.84536e-07
6 50 1.35915e-07
6 51 5.95986e-08

7 1 1
7 2 1
7 3 1
7 4 1
7 5 1
7 6 1
7 7 1
7 8 1
7 9 1
7 10 1
7 11 1
7 12 1
7 13 1
7 14 1
7 15 1
7 16 1
7 17 1
7 18 1
7 19 1
7 20 1
7 21 1
7 22 0.999999
7 23 0.999998
7 24 0.999994
7 25 0.999983
7 26 0.999949
7 27 0.99985
7 28 0.999554
7 29 0.998672
7 30 0.996045
7 31 0.988246
7 32 0.965401
7 33 0.901338
7 34 0.743368
7 35 0.468051
7 36 0.219441
7 37 0.0871627
7 38 0.0323083
7 39 0.0116665
7 40 0.00417134
7 41 0.00148507
7 42 0.000527257
7 43 0.000186679
7 44 6.58724e-05
7 45 2.3148e-05
7 46 8.09512e-06
7 47 2.81607e-06
7 48 9.74664e-07
7 49 3.36731e-07
7 50 1.19288e-07
7 51 5.24356e-08

8 1 1
8 2 1
8 3 1
8 4 1
8 5 1
8 6 1
8 7 1
8 8 1
8 9 1
8 10 1
8 11 1
8 12 1
8 13 1
8 14 1
8 15 1
8 16 1
8 17 1
8 18 1
8 19 1
8 20 1
8 21 1
8 22 0.999999
8 23 0.999997
8 24 0.999992
8 25 0.999977
8 26 0.999933
8 27 0.999804
8 28 0.999423
8 29 0.998296
8 30 0.994966
8 31 0.985165
8 32 0.956799
8 33 0.878992
8 34 0.696673
8 35 0.413326
8 36 0.186584
8 37 0.0730387
8 38 0.0269776
8 39 0.00974829
8 40 0.00349297
8 41 0.00124678
8 42 0.00044383
8 43 0.000157549
8 44 5.57322e-05
8 45 1.96317e-05
8 46 6.88144e-06
8 47 2.39938e-06
8 48 8.32373e-07
8 49 2.88266e-07
8 50 1.02392e-07
8 51 4.51375e-08

9 1 1
9 2 1
9 3 1
9 4 1
9 5 1
9 6 1
9 7 1
9 8 1
9 9 1
9 10 1
9 11 1
9 12 1
9 13 1
9 14 1
9 15 1
9 16 0.999999
9 17 1
9 18 0.999999
9 19 1
9 20 0.999999
9 21 1
9 22 0.999999
9 23 0.999996
9 24 0.999989
9 25 0.999969
9 26 0.999909
9 27 0.999735
9 28 0.999226
9 29 0.997735
9 30 0.993367
9 31 0.98065
9 32 0.944424
9 33 0.848065
9 34 0.637535
9 35 0.354101
9 36 0.154039
9 37 0.0595036
9 38 0.0219199
9 39 0.00793111
9 40 0.00284943
9 41 0.00102018
9 42 0.000364286
9 43 0.0001297
9 44 4.6013e-05
9 45 1.62529e-05
9 46 5.71241e-06
9 47 1.99707e-06
9 48 6.94665e-07
9 49 2.41245e-07
9 50 8.59537e-08
9 51 3.80164e-08

10 1 1
10 2 1
10 3 1
10 4 1
10 5 1
10 6 1
10 7 1
10 8 1
10 9 1
10 10 1
10 11 1
10 12 1
10 13 1
10 14 1
10 15 0.999999
10 16 1
10 17 0.999999
10 18 1
10 19 0.999999
10 20 1
10 21 0.999999
10 22 0.999998
10 23 0.999994
10 24 0.999984
10 25 0.999955
10 26 0.999871
10 27 0.999627
10 28 0.998923
10 29 0.996881
10 30 0.99096
10 31 0.973941
10 32 0.926468
10 33 0.805529
10 34 0.565808
10 35 0.293383
10 36 0.123339
10 37 0.0471111
10 38 0.0173282
10 39 0.00628253
10 40 0.00226442
10 41 0.000813596
10 42 0.000291545
10 43 0.000104155
10 44 3.70712e-05
10 45 1.31355e-05
10 46 4.63085e-06
10 47 1.62385e-06
10 48 5.66569e-07
10 49 1.97383e-07
10 50 7.05718e-08
10 51 3.133e-08

11 1 1
11 2 1
11 3 1
11 4 1
11 5 1
11 6 1
11 7 1
11 8 1
11 9 1
11 10 1
11 11 1
11 12 0.999999
11 13 1
11 14 0.999999
11 15 1
11 16 0.999998
11 17 1
11 18 0.999998
11 19 1
11 20 0.999998
11 21 1
11 22 0.999996
11 23 0.999992
11 24 0.999976
11 25 0.999933
11 26 0.999809
11 27 0.999457
11 28 0.998448
11 29 0.995555
11 30 0.987269
11 31 0.963829
11 32 0.900243
11 33 0.747807
11 34 0.483691
11 35 0.234543
11 36 0.0957176
11 37 0.0362426
11 38 0.0133274
11 39 0.00484567
11 40 0.00175319
11 41 0.000632455
11 42 0.000227535
11 43 8.15987e-05
11 44 2.91489e-05
11 45 1.03648e-05
11 46 3.66655e-06
11 47 1.29007e-06
11 48 4.51658e-07
11 49 1.5791e-07
11 50 5.66804e-08
11 51 2.52682e-08

12 1 1
12 2 1
12 3 1
12 4 1
12 5 1
12 6 1
12 7 1
12 8 1
12 9 1
12 10 1
12 11 0.999999
12 12 1
12 13 0.999999
12 14 1
12 15 0.999998
12 16 1
12 17 0.999997
12 18 1
12 19 0.999997
12 20 1
12 21 0.999996
12 22 0.999996
12 23 0.999985
12 24 0.999963
12 25 0.999895
12 26 0.999707
12 27 0.999179
12 28 0.997684
12 29 0.993451
12 30 0.9815
12 31 0.948382
12 32 0.861953
12 33 0.671809
12 34 0.396056
12 35 0.180693
12 36 0.0719816
12 37 0.0270928
12 38 0.00997416
12 39 0.00363969
12 40 0.00132267
12 41 0.000479311
12 42 0.000173203
12 43 6.23772e-05
12 44 2.23729e-05
12 45 7.98635e-06
12 46 2.83593e-06
12 47 1.00159e-06
12 48 3.51999e-07
12 49 1.23554e-07
12 50 4.45419e-08
12 51 1.99487e-08

13 1 1
13 2 1
13 3 1
13 4 1
13 5 1
13 6 1
13 7 1
13 8 1
13 9 1
13 10 1
13 11 1
13 12 0.999999
13 13 1
13 14 0.999997
13 15 1
13 16 0.999996
13 17 1
13 18 0.999995
13 19 1
13 20 0.999995
13 21 1
13 22 0.999989
13 23 0.999979
13 24 0.999937
13 25 0.999832
13 26 0.999535
13 27 0.998716
13 28 0.996427
13 29 0.990036
13 30 0.972309
13 31 0.924536
13 32 0.806656
13 33 0.577338
13 34 0.309536
13 35 0.134124
13 36 0.0524677
13 37 0.0196855
13 38 0.00726538
13 39 0.00266307
13 40 0.000972618
13 41 0.000354233
13 42 0.000128629
13 43 4.654e-05
13 44 1.67668e-05
13 45 6.0108e-06
13 46 2.14336e-06
13 47 7.60142e-07
13 48 2.6827e-07
13 49 9.45759e-08
13 50 3.42583e-08
13 51 1.54207e-08

14 1 1
14 2 1
14 3 1
14 4 1
14 5 1
14 6 1
14 7 1
14 8 1
14 9 1
14 10 1
14 11 0.999999
14 12 1
14 13 0.999997
14 14 1
14 15 0.999995
14 16 1.00001
14 17 0.999994
14 18 1.00001
14 19 0.999993
14 20 1
14 21 0.99999
14 22 0.999988
14 23 0.999958
14 24 0.999896
14 25 0.999717
14 26 0.999238
14 27 0.997923
14 28 0.994308
14 29 0.984376
14 30 0.957432
14 31 0.887598
14 32 0.728965
14 33 0.469737
14 34 0.230668
14 35 0.0959896
14 36 0.0370903
14 37 0.0139087
14 38 0.005153
14 39 0.00189873
14 40 0.000697349
14 41 0.000255384
14 42 9.32276e-05
14 43 3.39023e-05
14 44 1.22729e-05
14 45 4.42035e-06
14 46 1.58344e-06
14 47 5.64125e-07
14 48 2.00009e-07
14 49 7.08477e-08
14 50 2.57972e-08
14 51 1.16759e-08

15 1 1
15 2 1
15 3 1
15 4 1
15 5 1
15 6 1
15 7 1
15 8 1
15 9 1
15 10 0.999999
15 11 1
15 12 0.999998
15 13 1
15 14 0.999995
15 15 1.00001
15 16 0.999993
15 17 1.00001
15 18 0.999991
15 19 1.00001
15 20 0.999989
15 21 0.999994
15 22 0.999969
15 23 0.999932
15 24 0.999814
15 25 0.999515
15 26 0.998707
15 27 0.996534
15 28 0.990654
15 29 0.974813
15 30 0.933104
15 31 0.831017
15 32 0.625927
15 33 0.359657
15 34 0.164099
15 35 0.0663261
15 36 0.0254504
15 37 0.0095617
15 38 0.00356035
15 39 0.00131979
15 40 0.000487712
15 41 0.000179684
15 42 6.59708e-05
15 43 2.41216e-05
15 44 8.77792e-06
15 45 3.17753e-06
15 46 1.14389e-06
15 47 4.09545e-07
15 48 1.4593e-07
15 49 5.19594e-08
15 50 1.90263e-08
15 51 8.66223e-09

16 1 1
16 2 1
16 3 1
16 4 1
16 5 1
16 6 1
16 7 1
16 8 1
16 9 0.999999
16 10 1
16 11 0.999998
16 12 1
16 13 0.999996
16 14 1.00001
16 15 0.999993
16 16 1.00001
16 17 0.99999
16 18 1.00001
16 19 0.999988
16 20 0.999999
16 21 0.999973
16 22 0.999953
16 23 0.999867
16 24 0.999668
16 25 0.999134
16 26 0.997739
16 27 0.994038
16 28 0.984216
16 29 0.958409
16 30 0.893301
16 31 0.74729
16 32 0.502472
16 33 0.258972
16 34 0.111757
16 35 0.0443261
16 36 0.0169684
16 37 0.00640021
16 38 0.00239778
16 39 0.000894813
16 40 0.000332887
16 41 0.000123438
16 42 4.55995e-05
16 43 1.67708e-05
16 44 6.13719e-06
16 45 2.23369e-06
16 46 8.08416e-07
16 47 2.90981e-07
16 48 1.04244e-07
16 49 3.73234e-08
16 50 1.37498e-08
16 51 6.29943e-09

17 1 1
17 2 1
17 3 1
17 4 1
17 5 1
17 6 1
17 7 1
17 8 1
17 9 1
17 10 0.999999
17 11 1
17 12 0.999997
17 13 1
17 14 0.999994
17 15 1.00001
17 16 0.99999
17 17 1.00001
17 18 0.999987
17 19 1
17 20 0.999975
17 21 0.999965
17 22 0.999895
17 23 0.999755
17 24 0.999375
17 25 0.998416
17 26 0.995928
17 27 0.98946
17 28 0.972677
17 29 0.93007
17 30 0.829324
17 31 0.63191
17 32 0.373605
17 33 0.176032
17 34 0.0731219
17 35 0.0287077
17 36 0.0110049
17 37 0.00417452
17 38 0.00157504
17 39 0.000592116
17 40 0.000221869
17 41 8.28399e-05
17 42 3.0803e-05
17 43 1.13996e-05
17 44 4.19659e-06
17 45 1.53627e-06
17 46 5.59191e-07
17 47 2.02428e-07
17 48 7.29395e-08
17 49 2.6271e-08
17 50 9.74068e-09
17 51 4.49249e-09

18 1 1
18 2 1
18 3 1
18 4 1
18 5 1
18 6 1
18 7 1
18 8 1
18 9 0.999999
18 10 1
18 11 0.999998
18 12 1
18 13 0.999995
18 14 1.00001
18 15 0.999991
18 16 1.00001
18 17 0.999987
18 18 1
18 19 0.999976
18 20 0.999972
18 21 0.99991
18 22 0.999804
18 23 0.999511
18 24 0.998804
18 25 0.997011
18 26 0.992468
18 27 0.9809
18 28 0.951763
18 29 0.881485
18 30 0.731504
18 31 0.491763
18 32 0.257448
18 33 0.113662
18 34 0.04614
18 35 0.0180533
18 36 0.00695083
18 37 0.0026555
18 38 0.00100986
18 39 0.000382661
18 40 0.000144488
18 41 5.43427e-05
18 42 2.03469e-05
18 43 7.5797e-06
18 44 2.80805e-06
18 45 1.0343e-06
18 46 3.78778e-07
18 47 1.37956e-07
18 48 5.00153e-08
18 49 1.81283e-08
18 50 6.76758e-09
18 51 3.14322e-09

19 1 1
19 2 1
19 3 1
19 4 1
19 5 1
19 6 1
19 7 1
19 8 1
19 9 1
19 10 0.999999
19 11 1
19 12 0.999997
19 13 1
19 14 0.999993
19 15 1.00001
19 16 0.999988
19 17 1
19 18 0.999976
19 19 0.999974
19 20 0.999916
19 21 0.999829
19 22 0.999585
19 23 0.999024
19 24 0.997636
19 25 0.99422
19 26 0.985726
19 27 0.964685
19 28 0.913909
19 29 0.800972
19 30 0.596231
19 31 0.348556
19 32 0.165739
19 33 0.0701982
19 34 0.0281788
19 35 0.0110447
19 36 0.00428067
19 37 0.00164894
19 38 0.000632487
19 39 0.000241695
19 40 9.20009e-05
19 41 3.48681e-05
19 42 1.31503e-05
19 43 4.93279e-06
19 44 1.83967e-06
19 45 6.8204e-07
19 46 2.51389e-07
19 47 9.21517e-08
19 48 3.36274e-08
19 49 1.227e-08
19 50 4.61354e-09
19 51 2.15855e-09

20 1 1
20 2 1
20 3 1
20 4 1
20 5 1
20 6 1
20 7 1
20 8 1
20 9 0.999999
20 10 1
20 11 0.999998
20 12 1
20 13 0.999995
20 14 1
20 15 0.999989
20 16 0.999999
20 17 0.999975
20 18 0.999972
20 19 0.999916
20 20 0.999837
20 21 0.999617
20 22 0.999136
20 23 0.99798
20 24 0.995225
20 25 0.988558
20 26 0.972413
20 27 0.933901
20 28 0.847028
20 29 0.677914
20 30 0.438224
20 31 0.226159
20 32 0.100788
20 33 0.0417357
20 34 0.0167097
20 35 0.00658496
20 36 0.00257351
20 37 0.00100045
20 38 0.000387284
20 39 0.000149313
20 40 5.73174e-05
20 41 2.18973e-05
20 42 8.32117e-06
20 43 3.14398e-06
20 44 1.18075e-06
20 45 4.40762e-07
20 46 1.63565e-07
20 47 6.03673e-08
20 48 2.21802e-08
20 49 8.14993e-09
20 50 3.08747e-09
20 51 1.4556e-09

21 1 1
21 2 1
21 3 1
21 4 1
21 5 1
21 6 1
21 7 1
21 8 1
21 9 1
21 10 0.999999
21 11 1
21 12 0.999996
21 13 1
21 14 0.99999
21 15 0.999994
21 16 0.999973
21 17 0.999965
21 18 0.99991
21 19 0.999829
21 20 0.999617
21 21 0.999171
21 22 0.998133
21 23 0.995745
21 24 0.990139
21 25 0.976926
21 26 0.946022
21 27 0.876528
21 28 0.736489
21 29 0.516356
21 30 0.289001
21 31 0.136294
21 32 0.0585174
21 33 0.0240167
21 34 0.00964735
21 35 0.00383237
21 36 0.00151215
21 37 0.000593673
21 38 0.000232044
21 39 9.0292e-05
21 40 3.49652e-05
21 41 1.34688e-05
21 42 5.15858e-06
21 43 1.96376e-06
21 44 7.42908e-07
21 45 2.79314e-07
21 46 1.04394e-07
21 47 3.88044e-08
21 48 1.43601e-08
21 49 5.31511e-09
21 50 2.02932e-09
21 51 9.643e-10

22 1 1
22 2 1
22 3 1
22 4 1
22 5 1
22 6 0.999999
22 7 0.999999
22 8 0.999999
22 9 0.999999
22 10 0.999998
22 11 0.999996
22 12 0.999996
22 13 0.999989
22 14 0.999988
22 15 0.999969
22 16 0.999953
22 17 0.999895
22 18 0.999804
22 19 0.999585
22 20 0.999136
22 21 0.998133
22 22 0.995906
22 23 0.990849
22 24 0.979289
22 25 0.95293
22 26 0.894519
22 27 0.77563
22 28 0.577303
22 29 0.347294
22 30 0.17355
22 31 0.0775373
22 32 0.0327278
22 33 0.0134348
22 34 0.00543574
22 35 0.00218049
22 36 0.000869401
22 37 0.000344896
22 38 0.000136164
22 39 5.34905e-05
22 40 2.09011e-05
22 41 8.11998e-06
22 42 3.13522e-06
22 43 1.20283e-06
22 44 4.58502e-07
22 45 1.73678e-07
22 46 6.53967e-08
22 47 2.449e-08
22 48 9.13064e-09
22 49 3.40521e-09
22 50 1.31065e-09
22 51 6.27871e-10

23 1 0.999999
23 2 0.999999
23 3 0.999999
23 4 0.999999
23 5 0.999999
23 6 0.999999
23 7 0.999998
23 8 0.999997
23 9 0.999996
23 10 0.999994
23 11 0.999992
23 12 0.999985
23 13 0.999979
23 14 0.999958
23 15 0.999932
23 16 0.999867
23 17 0.999755
23 18 0.999511
23 19 0.999024
23 20 0.99798
23 21 0.995745
23 22 0.990849
23 23 0.980024
23 24 0.956068
23 25 0.904184
23 26 0.799326
23 27 0.619697
23 28 0.395066
23 29 0.20841
23 30 0.0970137
23 31 0.0422161
23 32 0.0177521
23 33 0.00733074
23 34 0.00299496
23 35 0.00121459
23 36 0.00048967
23 37 0.000196359
23 38 7.83238e-05
23 39 3.10695e-05
23 40 1.22523e-05
23 41 4.80151e-06
23 42 1.86937e-06
23 43 7.22959e-07
23 44 2.77753e-07
23 45 1.0603e-07
23 46 4.02341e-08
23 47 1.51836e-08
23 48 5.70474e-09
23 49 2.14422e-09
23 50 8.32182e-10
23 51 4.01987e-10

24 1 0.999998
24 2 0.999997
24 3 0.999997
24 4 0.999997
24 5 0.999996
24 6 0.999995
24 7 0.999994
24 8 0.999992
24 9 0.999989
24 10 0.999984
24 11 0.999976
24 12 0.999963
24 13 0.999937
24 14 0.999896
24 15 0.999814
24 16 0.999668
24 17 0.999375
24 18 0.998804
24 19 0.997636
24 20 0.995225
24 21 0.990139
24 22 0.979289
24 23 0.956068
24 24 0.907229
24 25 0.810452
24 26 0.644358
24 27 0.428436
24 28 0.236699
24 29 0.11463
24 30 0.0514892
24 31 0.0222228
24 32 0.0093852
24 33 0.00391233
24 34 0.00161645
24 35 0.000663234
24 36 0.000270474
24 37 0.000109663
24 38 4.42025e-05
24 39 1.77082e-05
24 40 7.04863e-06
24 41 2.78682e-06
24 42 1.09424e-06
24 43 4.26686e-07
24 44 1.6526e-07
24 45 6.35947e-08
24 46 2.43249e-08
24 47 9.2531e-09
24 48 3.50423e-09
24 49 1.32773e-09
24 50 5.19701e-10
24 51 2.53179e-10

25 1 0.999993
25 2 0.999992
25 3 0.999992
25 4 0.999991
25 5 0.999989
25 6 0.999987
25 7 0.999983
25 8 0.999977
25 9 0.999969
25 10 0.999955
25 11 0.999933
25 12 0.999895
25 13 0.999832
25 14 0.999717
25 15 0.999515
25 16 0.999134
25 17 0.998416
25 18 0.997011
25 19 0.99422
25 20 0.988558
25 21 0.976926
25 22 0.95293
25 23 0.904184
25 24 0.810452
25 25 0.652421
25 26 0.44547
25 27 0.255062
25 28 0.12801
25 29 0.0593437
25 30 0.0263248
25 31 0.0113905
25 32 0.00485381
25 33 0.00204664
25 34 0.000855943
25 35 0.000355471
25 36 0.000146672
25 37 6.01347e-05
25 38 2.44958e-05
25 39 9.91147e-06
25 40 3.98248e-06
25 41 1.58874e-06
25 42 6.29235e-07
25 43 2.47442e-07
25 44 9.66375e-08
25 45 3.7496e-08
25 46 1.44604e-08
25 47 5.5458e-09
25 48 2.11739e-09
25 49 8.08864e-10
25 50 3.19369e-10
25 51 1.5693e-10

26 1 0.999978
26 2 0.999977
26 3 0.999975
26 4 0.999972
26 5 0.999967
26 6 0.99996
26 7 0.999949
26 8 0.999933
26 9 0.999909
26 10 0.999871
26 11 0.999809
26 12 0.999707
26 13 0.999535
26 14 0.999238
26 15 0.998707
26 16 0.997739
26 17 0.995928
26 18 0.992468
26 19 0.985726
26 20 0.972413
26 21 0.946022
26 22 0.894519
26 23 0.799326
26 24 0.644358
26 25 0.44547
26 26 0.261415
26 27 0.135231
26 28 0.06462
26 29 0.0294843
26 30 0.0130908
26 31 0.00571224
26 32 0.00246231
26 33 0.00105134
26 34 0.000445279
26 35 0.000187214
26 36 7.81629e-05
26 37 3.24065e-05
26 38 1.33407e-05
26 39 5.45194e-06
26 40 2.21143e-06
26 41 8.90249e-07
26 42 3.55705e-07
26 43 1.4109e-07
26 44 5.55738e-08
26 45 2.17463e-08
26 46 8.45734e-09
26 47 3.27071e-09
26 48 1.25915e-09
26 49 4.8504e-10
26 50 1.93211e-10
26 51 9.57714e-11

27 1 0.999932
27 2 0.999929
27 3 0.999924
27 4 0.999915
27 5 0.999901
27 6 0.99988
27 7 0.99985
27 8 0.999804
27 9 0.999735
27 10 0.999627
27 11 0.999457
27 12 0.999179
27 13 0.998716
27 14 0.997923
27 15 0.996534
27 16 0.994038
27 17 0.98946
27 18 0.9809
27 19 0.964685
27 20 0.933901
27 21 0.876528
27 22 0.77563
27 23 0.619697
27 24 0.428436
27 25 0.255062
27 26 0.135231
27 27 0.0664805
27 28 0.031207
27 29 0.014235
27 30 0.00637081
27 31 0.00281211
27 32 0.0012278
27 33 0.000531125
27 34 0.000227853
27 35 9.69889e-05
27 36 4.09716e-05
27 37 1.71766e-05
27 38 7.14556e-06
27 39 2.94932e-06
27 40 1.20771e-06
27 41 4.90654e-07
27 42 1.97802e-07
27 43 7.91506e-08
27 44 3.14492e-08
27 45 1.2413e-08
27 46 4.86914e-09
27 47 1.89911e-09
27 48 7.37296e-10
27 49 2.86429e-10
27 50 1.15123e-10
27 51 5.757e-11

28 1 0.999792
28 2 0.999784
28 3 0.999768
28 4 0.999742
28 5 0.999701
28 6 0.999642
28 7 0.999554
28 8 0.999423
28 9 0.999226
28 10 0.998923
28 11 0.998448
28 12 0.997684
28 13 0.996427
28 14 0.994308
28 15 0.990654
28 16 0.984216
28 17 0.972677
28 18 0.951763
28 19 0.913909
28 20 0.847028
28 21 0.736489
28 22 0.577303
28 23 0.395066
28 24 0.236699
28 25 0.12801
28 26 0.06462
28 27 0.031207
28 28 0.014639
28 29 0.00672917
28 30 0.00304637
28 31 0.00136224
28 32 0.000602768
28 33 0.000264217
28 34 0.000114809
28 35 4.94714e-05
28 36 2.11423e-05
28 37 8.9612e-06
28 38 3.76678e-06
28 39 1.57017e-06
28 40 6.49099e-07
28 41 2.66151e-07
28 42 1.08271e-07
28 43 4.37138e-08
28 44 1.75236e-08
28 45 6.97769e-09
28 46 2.76101e-09
28 47 1.08619e-09
28 48 4.25302e-10
28 49 1.66645e-10
28 50 6.75886e-11
28 51 3.41009e-11

29 1 0.999367
29 2 0.999344
29 3 0.999297
29 4 0.999219
29 5 0.999101
29 6 0.998927
29 7 0.998672
29 8 0.998296
29 9 0.997735
29 10 0.996881
29 11 0.995555
29 12 0.993451
29 13 0.990036
29 14 0.984376
29 15 0.974813
29 16 0.958409
29 17 0.93007
29 18 0.881485
29 19 0.800972
29 20 0.677914
29 21 0.516356
29 22 0.347294
29 23 0.20841
29 24 0.11463
29 25 0.0593437
29 26 0.0294843
29 27 0.014235
29 28 0.00672917
29 29 0.00312888
29 30 0.00143509
29 31 0.000650477
29 32 0.000291735
29 33 0.000129569
29 34 5.70157e-05
29 35 2.48648e-05
29 36 1.07478e-05
29 37 4.6048e-06
29 38 1.95552e-06
29 39 8.23193e-07
29 40 3.43553e-07
29 41 1.42183e-07
29 42 5.83726e-08
29 43 2.37822e-08
29 44 9.61974e-09
29 45 3.86476e-09
29 46 1.54279e-09
29 47 6.1224e-10
29 48 2.41794e-10
29 49 9.55632e-11
29 50 3.91151e-11
29 51 1.99122e-11

30 1 0.998071
30 2 0.998005
30 3 0.997865
30 4 0.997635
30 5 0.997289
30 6 0.996782
30 7 0.996045
30 8 0.994966
30 9 0.993367
30 10 0.99096
30 11 0.987269
30 12 0.9815
30 13 0.972309
30 14 0.957432
30 15 0.933104
30 16 0.893301
30 17 0.829324
30 18 0.731504
30 19 0.596231
30 20 0.438224
30 21 0.289001
30 22 0.17355
30 23 0.0970137
30 24 0.0514892
30 25 0.0263248
30 26 0.0130908
30 27 0.00637081
30 28 0.00304637
30 29 0.00143509
30 30 0.000667234
30 31 0.000306584
30 32 0.000139348
30 33 6.2691e-05
30 34 2.79281e-05
30 35 1.23228e-05
30 36 5.38597e-06
30 37 2.33205e-06
30 38 1.00041e-06
30 39 4.2526e-07
30 40 1.79176e-07
30 41 7.48511e-08
30 42 3.10155e-08
30 43 1.27529e-08
30 44 5.20558e-09
30 45 2.11027e-09
30 46 8.49925e-10
30 47 3.4025e-10
30 48 1.35543e-10
30 49 5.40379e-11
30 50 2.23231e-11
30 51 1.14664e-11

31 1 0.994136
31 2 0.99394
31 3 0.993528
31 4 0.992854
31 5 0.991843
31 6 0.990371
31 7 0.988246
31 8 0.985165
31 9 0.98065
31 10 0.973941
31 11 0.963829
31 12 0.948382
31 13 0.924536
31 14 0.887598
31 15 0.831017
31 16 0.74729
31 17 0.63191
31 18 0.491763
31 19 0.348556
31 20 0.226159
31 21 0.136294
31 22 0.0775373
31 23 0.0422161
31 24 0.0222228
31 25 0.0113905
31 26 0.00571224
31 27 0.00281211
31 28 0.00136224
31 29 0.000650477
31 30 0.000306584
31 31 0.000142773
31 32 6.57425e-05
31 33 2.99486e-05
31 34 1.35017e-05
31 35 6.02536e-06
31 36 2.66212e-06
31 37 1.16464e-06
31 38 5.04621e-07
31 39 2.16602e-07
31 40 9.21363e-08
31 41 3.88544e-08
31 42 1.62509e-08
31 43 6.74414e-09
31 44 2.77824e-09
31 45 1.13651e-09
31 46 4.61842e-10
31 47 1.86522e-10
31 48 7.49514e-11
31 49 3.01435e-11
31 50 1.25682e-11
31 51 6.51407e-12

32 1 0.982276
32 2 0.981705
32 3 0.980505
32 4 0.978551
32 5 0.975634
32 6 0.97142
32 7 0.965401
32 8 0.956799
32 9 0.944424
32 10 0.926468
32 11 0.900243
32 12 0.861953
32 13 0.806656
32 14 0.728965
32 15 0.625927
32 16 0.502472
32 17 0.373605
32 18 0.257448
32 19 0.165739
32 20 0.100788
32 21 0.0585174
32 22 0.0327278
32 23 0.0177521
32 24 0.0093852
32 25 0.00485381
32 26 0.00246231
32 27 0.0012278
32 28 0.000602768
32 29 0.000291735
32 30 0.000139348
32 31 6.57425e-05
32 32 3.06548e-05
32 33 1.41337e-05
32 34 6.44553e-06
32 35 2.90816e-06
32 36 1.29847e-06
32 37 5.7386e-07
32 38 2.51113e-07
32 39 1.08837e-07
32 40 4.6741e-08
32 41 1.98986e-08
32 42 8.4012e-09
32 43 3.51913e-09
32 44 1.46312e-09
32 45 6.0399e-10
32 46 2.47651e-10
32 47 1.00902e-10
32 48 4.09008e-11
32 49 1.6594e-11
32 50 6.98349e-12
32 51 3.65227e-12

33 1 0.947314
33 2 0.945709
33 3 0.942348
33 4 0.936912
33 5 0.928868
33 6 0.917405
33 7 0.901338
33 8 0.878992
33 9 0.848065
33 10 0.805529
33 11 0.747807
33 12 0.671809
33 13 0.577338
33 14 0.469737
33 15 0.359657
33 16 0.258972
33 17 0.176032
33 18 0.113662
33 19 0.0701982
33 20 0.0417357
33 21 0.0240167
33 22 0.0134348
33 23 0.00733074
33 24 0.00391233
33 25 0.00204664
33 26 0.00105134
33 27 0.000531125
33 28 0.000264217
33 29 0.000129569
33 30 6.2691e-05
33 31 2.99486e-05
33 32 1.41337e-05
33 33 6.59212e-06
33 34 3.03972e-06
33 35 1.38615e-06
33 36 6.25294e-07
33 37 2.79128e-07
33 38 1.23347e-07
33 39 5.39807e-08
33 40 2.34059e-08
33 41 1.00597e-08
33 42 4.28746e-09
33 43 1.81281e-09
33 44 7.60684e-10
33 45 3.16888e-10
33 46 1.31101e-10
33 47 5.38883e-11
33 48 2.20346e-11
33 49 9.01859e-12
33 50 3.83101e-12
33 51 2.02169e-12

34 1 0.850969
34 2 0.846915
34 3 0.838507
34 4 0.825123
34 5 0.805781
34 6 0.779108
34 7 0.743368
34 8 0.696673
34 9 0.637535
34 10 0.565808
34 11 0.483691
34 12 0.396056
34 13 0.309536
34 14 0.230668
34 15 0.164099
34 16 0.111757
34 17 0.0731219
34 18 0.04614
34 19 0.0281788
34 20 0.0167097
34 21 0.00964735
34 22 0.00543574
34 23 0.00299496
34 24 0.00161645
34 25 0.000855943
34 26 0.000445279
34 27 0.000227853
34 28 0.000114809
34 29 5.70157e-05
34 30 2.79281e-05
34 31 1.35017e-05
34 32 6.44553e-06
34 33 3.03972e-06
34 34 1.41669e-06
34 35 6.52739e-07
34 36 2.97435e-07
34 37 1.34094e-07
34 38 5.98376e-08
34 39 2.64417e-08
34 40 1.15757e-08
34 41 5.02283e-09
34 42 2.16107e-09
34 43 9.22318e-10
34 44 3.90606e-10
34 45 1.64205e-10
34 46 6.85441e-11
34 47 2.84237e-11
34 48 1.17239e-11
34 49 4.84083e-12
34 50 2.07566e-12
34 51 1.10526e-12

35 1 0.633745
35 2 0.626231
35 3 0.611006
35 4 0.587741
35 5 0.55612
35 6 0.51607
35 7 0.468051
35 8 0.413326
35 9 0.354101
35 10 0.293383
35 11 0.234543
35 12 0.180693
35 13 0.134124
35 14 0.0959896
35 15 0.0663261
35 16 0.0443261
35 17 0.0287077
35 18 0.0180533
35 19 0.0110447
35 20 0.00658496
35 21 0.00383237
35 22 0.00218049
35 23 0.00121459
35 24 0.000663234
35 25 0.000355471
35 26 0.000187214
35 27 9.69889e-05
35 28 4.94714e-05
35 29 2.48648e-05
35 30 1.23228e-05
35 31 6.02536e-06
35 32 2.90816e-06
35 33 1.38615e-06
35 34 6.52739e-07
35 35 3.03804e-07
35 36 1.39817e-07
35 37 6.36563e-08
35 38 2.86839e-08
35 39 1.27984e-08
35 40 5.65704e-09
35 41 2.47816e-09
35 42 1.07634e-09
35 43 4.63674e-10
35 44 1.98183e-10
35 45 8.40716e-11
35 46 3.54082e-11
35 47 1.48125e-11
35 48 6.16298e-12
35 49 2.56717e-12
35 50 1.11111e-12
35 51 5.96978e-13

36 1 0.342862
36 2 0.336204
36 3 0.323095
36 4 0.303983
36 5 0.279594
36 6 0.250966
36 7 0.219441
36 8 0.186584
36 9 0.154039
36 10 0.123339
36 11 0.0957176
36 12 0.0719816
36 13 0.0524677
36 14 0.0370903
36 15 0.0254504
36 16 0.0169684
36 17 0.0110049
36 18 0.00695083
36 19 0.00428067
36 20 0.00257351
36 21 0.00151215
36 22 0.000869401
36 23 0.00048967
36 24 0.000270474
36 25 0.000146672
36 26 7.81629e-05
36 27 4.09716e-05
36 28 2.11423e-05
36 29 1.07478e-05
36 30 5.38597e-06
36 31 2.66212e-06
36 32 1.29847e-06
36 33 6.25294e-07
36 34 2.97435e-07
36 35 1.39817e-07
36 36 6.49832e-08
36 37 2.98761e-08
36 38 1.35938e-08
36 39 6.12426e-09
36 40 2.73311e-09
36 41 1.20873e-09
36 42 5.2995e-10
36 43 2.30426e-10
36 44 9.93943e-11
36 45 4.25464e-11
36 46 1.8079e-11
36 47 7.62951e-12
36 48 3.20201e-12
36 49 1.34554e-12
36 50 5.87848e-13
36 51 3.18675e-13

37 1 0.145211
37 2 0.141845
37 3 0.135306
37 4 0.125969
37 5 0.114375
37 6 0.101191
37 7 0.0871627
37 8 0.0730387
37 9 0.0595036
37 10 0.0471111
37 11 0.0362426
37 12 0.0270928
37 13 0.0196855
37 14 0.0139087
37 15 0.0095617
37 16 0.00640021
37 17 0.00417452
37 18 0.0026555
37 19 0.00164894
37 20 0.00100045
37 21 0.000593673
37 22 0.000344896
37 23 0.000196359
37 24 0.000109663
37 25 6.01347e-05
37 26 3.24065e-05
37 27 1.71766e-05
37 28 8.9612e-06
37 29 4.6048e-06
37 30 2.33205e-06
37 31 1.16464e-06
37 32 5.7386e-07
37 33 2.79128e-07
37 34 1.34094e-07
37 35 6.36563e-08
37 36 2.98761e-08
37 37 1.38699e-08
37 38 6.37232e-09
37 39 2.89864e-09
37 40 1.30601e-09
37 41 5.83083e-10
37 42 2.58048e-10
37 43 1.13242e-10
37 44 4.92939e-11
37 45 2.12907e-11
37 46 9.12721e-12
37 47 3.88547e-12
37 48 1.64482e-12
37 49 6.97263e-13
37 50 3.07487e-13
37 51 1.6818e-13

38 1 0.0548776
38 2 0.0535371
38 3 0.0509447
38 4 0.0472696
38 5 0.0427481
38 6 0.0376613
38 7 0.0323083
38 8 0.0269776
38 9 0.0219199
38 10 0.0173282
38 11 0.0133274
38 12 0.00997416
38 13 0.00726538
38 14 0.005153
38 15 0.00356035
38 16 0.00239778
38 17 0.00157504
38 18 0.00100986
38 19 0.000632487
38 20 0.000387284
38 21 0.000232044
38 22 0.000136164
38 23 7.83238e-05
38 24 4.42025e-05
38 25 2.44958e-05
38 26 1.33407e-05
38 27 7.14556e-06
38 28 3.76678e-06
38 29 1.95552e-06
38 30 1.00041e-06
38 31 5.04621e-07
38 32 2.51113e-07
38 33 1.23347e-07
38 34 5.98376e-08
38 35 2.86839e-08
38 36 1.35938e-08
38 37 6.37232e-09
38 38 2.95604e-09
38 39 1.35759e-09
38 40 6.17517e-10
38 41 2.78301e-10
38 42 1.24314e-10
38 43 5.50566e-11
38 44 2.41836e-11
38 45 1.05387e-11
38 46 4.55776e-12
38 47 1.95713e-12
38 48 8.3566e-13
38 49 3.57355e-13
38 50 1.59069e-13
38 51 8.77761e-14

39 1 0.0198433
39 2 0.0193546
39 3 0.0184107
39 4 0.0170752
39 5 0.0154361
39 6 0.0135969
39 7 0.0116665
39 8 0.00974829
39 9 0.00793111
39 10 0.00628253
39 11 0.00484567
39 12 0.00363969
39 13 0.00266307
39 14 0.00189873
39 15 0.00131979
39 16 0.000894813
39 17 0.000592116
39 18 0.000382661
39 19 0.000241695
39 20 0.000149313
39 21 9.0292e-05
39 22 5.34905e-05
39 23 3.10695e-05
39 24 1.77082e-05
39 25 9.91147e-06
39 26 5.45194e-06
39 27 2.94932e-06
39 28 1.57017e-06
39 29 8.23193e-07
39 30 4.2526e-07
39 31 2.16602e-07
39 32 1.08837e-07
39 33 5.39807e-08
39 34 2.64417e-08
39 35 1.27984e-08
39 36 6.12426e-09
39 37 2.89864e-09
39 38 1.35759e-09
39 39 6.29446e-10
39 40 2.89022e-10
39 41 1.31476e-10
39 42 5.92724e-11
39 43 2.64906e-11
39 44 1.17409e-11
39 45 5.16191e-12
39 46 2.25197e-12
39 47 9.75373e-13
39 48 4.20047e-13
39 49 1.81196e-13
39 50 8.14101e-14
39 51 4.53195e-14

40 1 0.0070591
40 2 0.00688653
40 3 0.00655321
40 4 0.00608166
40 5 0.00550292
40 6 0.00485341
40 7 0.00417134
40 8 0.00349297
40 9 0.00284943
40 10 0.00226442
40 11 0.00175319
40 12 0.00132267
40 13 0.000972618
40 14 0.000697349
40 15 0.000487712
40 16 0.000332887
40 17 0.000221869
40 18 0.000144488
40 19 9.20009e-05
40 20 5.73174e-05
40 21 3.49652e-05
40 22 2.09011e-05
40 23 1.22523e-05
40 24 7.04863e-06
40 25 3.98248e-06
40 26 2.21143e-06
40 27 1.20771e-06
40 28 6.49099e-07
40 29 3.43553e-07
40 30 1.79176e-07
40 31 9.21363e-08
40 32 4.6741e-08
40 33 2.34059e-08
40 34 1.15757e-08
40 35 5.65704e-09
40 36 2.73311e-09
40 37 1.30601e-09
40 38 6.17517e-10
40 39 2.89022e-10
40 40 1.33955e-10
40 41 6.15011e-11
40 42 2.79803e-11
40 43 1.26185e-11
40 44 5.64259e-12
40 45 2.50266e-12
40 46 1.10132e-12
40 47 4.81105e-13
40 48 2.08959e-13
40 49 9.09235e-14
40 50 4.12321e-14
40 51 2.31542e-14

41 1 0.0024953
41 2 0.00243506
41 3 0.00231867
41 4 0.00215393
41 5 0.00195157
41 6 0.0017242
41 7 0.00148507
41 8 0.00124678
41 9 0.00102018
41 10 0.000813596
41 11 0.000632455
41 12 0.000479311
41 13 0.000354233
41 14 0.000255384
41 15 0.000179684
41 16 0.000123438
41 17 8.28399e-05
41 18 5.43427e-05
41 19 3.48681e-05
41 20 2.18973e-05
41 21 1.34688e-05
41 22 8.11998e-06
41 23 4.80151e-06
41 24 2.78682e-06
41 25 1.58874e-06
41 26 8.90249e-07
41 27 4.90654e-07
41 28 2.66151e-07
41 29 1.42183e-07
41 30 7.48511e-08
41 31 3.88544e-08
41 32 1.98986e-08
41 33 1.00597e-08
41 34 5.02283e-09
41 35 2.47816e-09
41 36 1.20873e-09
41 37 5.83083e-10
41 38 2.78301e-10
41 39 1.31476e-10
41 40 6.15011e-11
41 41 2.84955e-11
41 42 1.30818e-11
41 43 5.95249e-12
41 44 2.68534e-12
41 45 1.20144e-12
41 46 5.33271e-13
41 47 2.34943e-13
41 48 1.0291e-13
41 49 4.51663e-14
41 50 2.0672e-14
41 51 1.17092e-14

42 1 0.000879187
42 2 0.000858264
42 3 0.000817819
42 4 0.000760525
42 5 0.000690069
42 6 0.000610791
42 7 0.000527257
42 8 0.00044383
42 9 0.000364286
42 10 0.000291545
42 11 0.000227535
42 12 0.000173203
42 13 0.000128629
42 14 9.32276e-05
42 15 6.59708e-05
42 16 4.55995e-05
42 17 3.0803e-05
42 18 2.03469e-05
42 19 1.31503e-05
42 20 8.32117e-06
42 21 5.15858e-06
42 22 3.13522e-06
42 23 1.86937e-06
42 24 1.09424e-06
42 25 6.29235e-07
42 26 3.55705e-07
42 27 1.97802e-07
42 28 1.08271e-07
42 29 5.83726e-08
42 30 3.10155e-08
42 31 1.62509e-08
42 32 8.4012e-09
42 33 4.28746e-09
42 34 2.16107e-09
42 35 1.07634e-09
42 36 5.2995e-10
42 37 2.58048e-10
42 38 1.24314e-10
42 39 5.92724e-11
42 40 2.79803e-11
42 41 1.30818e-11
42 42 6.05957e-12
42 43 2.78169e-12
42 44 1.26591e-12
42 45 5.71282e-13
42 46 2.55739e-13
42 47 1.13625e-13
42 48 5.01893e-14
42 49 2.22171e-14
42 50 1.02621e-14
42 51 5.8625e-15

43 1 0.000308933
43 2 0.000301687
43 3 0.000287674
43 4 0.000267806
43 5 0.000243346
43 6 0.00021578
43 7 0.000186679
43 8 0.000157549
43 9 0.0001297
43 10 0.000104155
43 11 8.15987e-05
43 12 6.23772e-05
43 13 4.654e-05
43 14 3.39023e-05
43 15 2.41216e-05
43 16 1.67708e-05
43 17 1.13996e-05
43 18 7.5797e-06
43 19 4.93279e-06
43 20 3.14398e-06
43 21 1.96376e-06
43 22 1.20283e-06
43 23 7.22959e-07
43 24 4.26686e-07
43 25 2.47442e-07
43 26 1.4109e-07
43 27 7.91506e-08
43 28 4.37138e-08
43 29 2.37822e-08
43 30 1.27529e-08
43 31 6.74414e-09
43 32 3.51913e-09
43 33 1.81281e-09
43 34 9.22318e-10
43 35 4.63674e-10
43 36 2.30426e-10
43 37 1.13242e-10
43 38 5.50566e-11
43 39 2.64906e-11
43 40 1.26185e-11
43 41 5.95249e-12
43 42 2.78169e-12
43 43 1.28817e-12
43 44 5.91315e-13
43 45 2.6914e-13
43 46 1.21504e-13
43 47 5.4437e-14
43 48 2.42464e-14
43 49 1.08246e-14
43 50 5.04546e-15
43 51 2.90664e-15

44 1 0.000108215
44 2 0.000105713
44 3 0.000100872
44 4 9.40033e-05
44 5 8.55364e-05
44 6 7.59799e-05
44 7 6.58724e-05
44 8 5.57322e-05
44 9 4.6013e-05
44 10 3.70712e-05
44 11 2.91489e-05
44 12 2.23729e-05
44 13 1.67668e-05
44 14 1.22729e-05
44 15 8.77792e-06
44 16 6.13719e-06
44 17 4.19659e-06
44 18 2.80805e-06
44 19 1.83967e-06
44 20 1.18075e-06
44 21 7.42908e-07
44 22 4.58502e-07
44 23 2.77753e-07
44 24 1.6526e-07
44 25 9.66375e-08
44 26 5.55738e-08
44 27 3.14492e-08
44 28 1.75236e-08
44 29 9.61974e-09
44 30 5.20558e-09
44 31 2.77824e-09
44 32 1.46312e-09
44 33 7.60684e-10
44 34 3.90606e-10
44 35 1.98183e-10
44 36 9.93943e-11
44 37 4.92939e-11
44 38 2.41836e-11
44 39 1.17409e-11
44 40 5.64259e-12
44 41 2.68534e-12
44 42 1.26591e-12
44 43 5.91315e-13
44 44 2.73766e-13
44 45 1.25664e-13
44 46 5.72075e-14
44 47 2.58434e-14
44 48 1.16059e-14
44 49 5.22507e-15
44 50 2.45734e-15
44 51 1.42732e-15

45 1 3.77593e-05
45 2 3.68986e-05
45 3 3.52325e-05
45 4 3.28663e-05
45 5 2.99462e-05
45 6 2.66454e-05
45 7 2.3148e-05
45 8 1.96317e-05
45 9 1.62529e-05
45 10 1.31355e-05
45 11 1.03648e-05
45 12 7.98635e-06
45 13 6.0108e-06
45 14 4.42035e-06
45 15 3.17753e-06
45 16 2.23369e-06
45 17 1.53627e-06
45 18 1.0343e-06
45 19 6.8204e-07
45 20 4.40762e-07
45 21 2.79314e-07
45 22 1.73678e-07
45 23 1.0603e-07
45 24 6.35947e-08
45 25 3.7496e-08
45 26 2.17463e-08
45 27 1.2413e-08
45 28 6.97769e-09
45 29 3.86476e-09
45 30 2.11027e-09
45 31 1.13651e-09
45 32 6.0399e-10
45 33 3.16888e-10
45 34 1.64205e-10
45 35 8.40716e-11
45 36 4.25464e-11
45 37 2.12907e-11
45 38 1.05387e-11
45 39 5.16191e-12
45 40 2.50266e-12
45 41 1.20144e-12
45 42 5.71282e-13
45 43 2.6914e-13
45 44 1.25664e-13
45 45 5.81665e-14
45 46 2.66998e-14
45 47 1.21606e-14
45 48 5.50577e-15
45 49 2.49932e-15
45 50 1.18576e-15
45 51 6.94239e-16

46 1 1.31144e-05
46 2 1.28196e-05
46 3 1.22487e-05
46 4 1.14372e-05
46 5 1.04347e-05
46 6 9.29976e-06
46 7 8.09512e-06
46 8 6.88144e-06
46 9 5.71241e-06
46 10 4.63085e-06
46 11 3.66655e-06
46 12 2.83593e-06
46 13 2.14336e-06
46 14 1.58344e-06
46 15 1.14389e-06
46 16 8.08416e-07
46 17 5.59191e-07
46 18 3.78778e-07
46 19 2.51389e-07
46 20 1.63565e-07
46 21 1.04394e-07
46 22 6.53967e-08
46 23 4.02341e-08
46 24 2.43249e-08
46 25 1.44604e-08
46 26 8.45734e-09
46 27 4.86914e-09
46 28 2.76101e-09
46 29 1.54279e-09
46 30 8.49925e-10
46 31 4.61842e-10
46 32 2.47651e-10
46 33 1.31101e-10
46 34 6.85441e-11
46 35 3.54082e-11
46 36 1.8079e-11
46 37 9.12721e-12
46 38 4.55776e-12
46 39 2.25197e-12
46 40 1.10132e-12
46 41 5.33271e-13
46 42 2.55739e-13
46 43 1.21504e-13
46 44 5.72075e-14
46 45 2.66998e-14
46 46 1.23563e-14
46 47 5.67338e-15
46 48 2.58929e-15
46 49 1.18495e-15
46 50 5.66971e-16
46 51 3.34483e-16

47 1 4.5313e-06
47 2 4.43086e-06
47 3 4.23623e-06
47 4 3.95939e-06
47 5 3.61697e-06
47 6 3.22881e-06
47 7 2.81607e-06
47 8 2.39938e-06
47 9 1.99707e-06
47 10 1.62385e-06
47 11 1.29007e-06
47 12 1.00159e-06
47 13 7.60142e-07
47 14 5.64125e-07
47 15 4.09545e-07
47 16 2.90981e-07
47 17 2.02428e-07
47 18 1.37956e-07
47 19 9.21517e-08
47 20 6.03673e-08
47 21 3.88044e-08
47 22 2.449e-08
47 23 1.51836e-08
47 24 9.2531e-09
47 25 5.5458e-09
47 26 3.27071e-09
47 27 1.89911e-09
47 28 1.08619e-09
47 29 6.1224e-10
47 30 3.4025e-10
47 31 1.86522e-10
47 32 1.00902e-10
47 33 5.38883e-11
47 34 2.84237e-11
47 35 1.48125e-11
47 36 7.62951e-12
47 37 3.88547e-12
47 38 1.95713e-12
47 39 9.75373e-13
47 40 4.81105e-13
47 41 2.34943e-13
47 42 1.13625e-13
47 43 5.4437e-14
47 44 2.58434e-14
47 45 1.21606e-14
47 46 5.67338e-15
47 47 2.6257e-15
47 48 1.20778e-15
47 49 5.57075e-16
47 50 2.68716e-16
47 51 1.59661e-16

48 1 1.55764e-06
48 2 1.5236e-06
48 3 1.45762e-06
48 4 1.36368e-06
48 5 1.24736e-06
48 6 1.11532e-06
48 7 9.74664e-07
48 8 8.32373e-07
48 9 6.94665e-07
48 10 5.66569e-07
48 11 4.51658e-07
48 12 3.51999e-07
48 13 2.6827e-07
48 14 2.00009e-07
48 15 1.4593e-07
48 16 1.04244e-07
48 17 7.29395e-08
48 18 5.00153e-08
48 19 3.36274e-08
48 20 2.21802e-08
48 21 1.43601e-08
48 22 9.13064e-09
48 23 5.70474e-09
48 24 3.50423e-09
48 25 2.11739e-09
48 26 1.25915e-09
48 27 7.37296e-10
48 28 4.25302e-10
48 29 2.41794e-10
48 30 1.35543e-10
48 31 7.49514e-11
48 32 4.09008e-11
48 33 2.20346e-11
48 34 1.17239e-11
48 35 6.16298e-12
48 36 3.20201e-12
48 37 1.64482e-12
48 38 8.3566e-13
48 39 4.20047e-13
48 40 2.08959e-13
48 41 1.0291e-13
48 42 5.01893e-14
48 43 2.42464e-14
48 44 1.16059e-14
48 45 5.50577e-15
48 46 2.58929e-15
48 47 1.20778e-15
48 48 5.59825e-16
48 49 2.60166e-16
48 50 1.2645e-16
48 51 7.56192e-17

49 1 5.3434e-07
49 2 5.22838e-07
49 3 5.00528e-07
49 4 4.68741e-07
49 5 4.29336e-07
49 6 3.84536e-07
49 7 3.36731e-07
49 8 2.88266e-07
49 9 2.41245e-07
49 10 1.97383e-07
49 11 1.5791e-07
49 12 1.23554e-07
49 13 9.45759e-08
49 14 7.08477e-08
49 15 5.19594e-08
49 16 3.73234e-08
49 17 2.6271e-08
49 18 1.81283e-08
49 19 1.227e-08
49 20 8.14993e-09
49 21 5.31511e-09
49 22 3.40521e-09
49 23 2.14422e-09
49 24 1.32773e-09
49 25 8.08864e-10
49 26 4.8504e-10
49 27 2.86429e-10
49 28 1.66645e-10
49 29 9.55632e-11
49 30 5.40379e-11
49 31 3.01435e-11
49 32 1.6594e-11
49 33 9.01859e-12
49 34 4.84083e-12
49 35 2.56717e-12
49 36 1.34554e-12
49 37 6.97263e-13
49 38 3.57355e-13
49 39 1.81196e-13
49 40 9.09235e-14
49 41 4.51663e-14
49 42 2.22171e-14
49 43 1.08246e-14
49 44 5.22507e-15
49 45 2.49932e-15
49 46 1.18495e-15
49 47 5.57075e-16
49 48 2.60166e-16
49 49 1.21781e-16
49 50 5.96006e-17
49 51 3.58429e-17

50 1 1.87812e-07
50 2 1.83837e-07
50 3 1.76123e-07
50 4 1.65121e-07
50 5 1.51466e-07
50 6 1.35915e-07
50 7 1.19288e-07
50 8 1.02392e-07
50 9 8.59537e-08
50 10 7.05718e-08
50 11 5.66804e-08
50 12 4.45419e-08
50 13 3.42583e-08
50 14 2.57972e-08
50 15 1.90263e-08
50 16 1.37498e-08
50 17 9.74068e-09
50 18 6.76758e-09
50 19 4.61354e-09
50 20 3.08747e-09
50 21 2.02932e-09
50 22 1.31065e-09
50 23 8.32182e-10
50 24 5.19701e-10
50 25 3.19369e-10
50 26 1.93211e-10
50 27 1.15123e-10
50 28 6.75886e-11
50 29 3.91151e-11
50 30 2.23231e-11
50 31 1.25682e-11
50 32 6.98349e-12
50 33 3.83101e-12
50 34 2.07566e-12
50 35 1.11111e-12
50 36 5.87848e-13
50 37 3.07487e-13
50 38 1.59069e-13
50 39 8.14101e-14
50 40 4.12321e-14
50 41 2.0672e-14
50 42 1.02621e-14
50 43 5.04546e-15
50 44 2.45734e-15
50 45 1.18576e-15
50 46 5.66971e-16
50 47 2.68716e-16
50 48 1.2645e-16
50 49 5.96006e-17
50 50 2.93491e-17
50 51 1.7731e-17

51 1 8.1859e-08
51 2 8.01586e-08
51 3 7.68565e-08
51 4 7.21426e-08
51 5 6.62832e-08
51 6 5.95986e-08
51 7 5.24356e-08
51 8 4.51375e-08
51 9 3.80164e-08
51 10 3.133e-08
51 11 2.52682e-08
51 12 1.99487e-08
51 13 1.54207e-08
51 14 1.16759e-08
51 15 8.66223e-09
51 16 6.29943e-09
51 17 4.49249e-09
51 18 3.14322e-09
51 19 2.15855e-09
51 20 1.4556e-09
51 21 9.643e-10
51 22 6.27871e-10
51 23 4.01987e-10
51 24 2.53179e-10
51 25 1.5693e-10
51 26 9.57714e-11
51 27 5.757e-11
51 28 3.41009e-11
51 29 1.99122e-11
51 30 1.14664e-11
51 31 6.51407e-12
51 32 3.65227e-12
51 33 2.02169e-12
51 34 1.10526e-12
51 35 5.96978e-13
51 36 3.18675e-13
51 37 1.6818e-13
51 38 8.77761e-14
51 39 4.53195e-14
51 40 2.31542e-14
51 41 1.17092e-14
51 42 5.8625e-15
51 43 2.90664e-15
51 44 1.42732e-15
51 45 6.94239e-16
51 46 3.34483e-16
51 47 1.59661e-16
51 48 7.56192e-17
51 49 3.58429e-17
51 50 1.7731e-17
51 51 1.07444e-17

