#x #y #phase
1 1 1
1 2 1
1 3 1
1 4 1
1 5 1
1 6 1
1 7 1
1 8 1
1 9 1
1 10 1
1 11 1
1 12 1
1 13 1
1 14 1
1 15 1
1 16 1
1 17 1
1 18 1
1 19 1
1 20 1
1 21 1
1 22 1
1 23 1
1 24 1
1 25 1
1 26 1
1 27 1
1 28 0.999999
1 29 0.999997
1 30 0.999991
1 31 0.999973
1 32 0.999917
1 33 0.999748
1 34 0.999231
1 35 0.997655
1 36 0.992869
1 37 0.978469
1 38 0.936341
1 39 0.82283
1 40 0.581974
1 41 0.298155
1 42 0.122714
1 43 0.0458423
1 44 0.0165072
1 45 0.00586616
1 46 0.00207502
1 47 0.000732795
1 48 0.00025871
1 49 9.16461e-05
1 50 3.35029e-05
1 51 1.52647e-05

2 1 1
2 2 1
2 3 1
2 4 1
2 5 1
2 6 1
2 7 1
2 8 1
2 9 1
2 10 1
2 11 1
2 12 1
2 13 1
2 14 1
2 15 1
2 16 1
2 17 1
2 18 1
2 19 1
2 20 1
2 21 1
2 22 1
2 23 1
2 24 1
2 25 1
2 26 1
2 27 1
2 28 0.999999
2 29 0.999997
2 30 0.999991
2 31 0.999972
2 32 0.999914
2 33 0.99974
2 34 0.999207
2 35 0.997585
2 36 0.992661
2 37 0.97786
2 38 0.934638
2 39 0.818663
2 40 0.574982
2 41 0.29269
2 42 0.120108
2 43 0.044826
2 44 0.016139
2 45 0.0057362
2 46 0.00202957
2 47 0.000716948
2 48 0.000253189
2 49 8.97166e-05
2 50 3.28076e-05
2 51 1.49524e-05

3 1 1
3 2 1
3 3 1
3 4 1
3 5 1
3 6 1
3 7 1
3 8 1
3 9 1
3 10 1
3 11 1
3 12 1
3 13 1
3 14 1
3 15 1
3 16 1
3 17 1
3 18 1
3 19 1
3 20 1
3 21 1
3 22 1
3 23 1
3 24 1
3 25 1
3 26 1
3 27 1
3 28 0.999999
3 29 0.999997
3 30 0.99999
3 31 0.99997
3 32 0.999909
3 33 0.999723
3 34 0.999157
3 35 0.997438
3 36 0.992225
3 37 0.976589
3 38 0.931097
3 39 0.810079
3 40 0.560925
3 41 0.281959
3 42 0.115042
3 43 0.0428568
3 44 0.0154262
3 45 0.00548463
3 46 0.00194156
3 47 0.000686253
3 48 0.000242491
3 49 8.59763e-05
3 50 3.14591e-05
3 51 1.43467e-05

4 1 1
4 2 1
4 3 1
4 4 1
4 5 1
4 6 1
4 7 1
4 8 1
4 9 1
4 10 1
4 11 1
4 12 1
4 13 1
4 14 1
4 15 1
4 16 1
4 17 1
4 18 1
4 19 1
4 20 1
4 21 1
4 22 1
4 23 1
4 24 1
4 25 1
4 26 1
4 27 1
4 28 0.999999
4 29 0.999996
4 30 0.999989
4 31 0.999967
4 32 0.9999
4 33 0.999696
4 34 0.999077
4 35 0.997199
4 36 0.991523
4 37 0.974546
4 38 0.925438
4 39 0.79657
4 40 0.539705
4 41 0.266366
4 42 0.107796
4 43 0.0400558
4 44 0.0144139
4 45 0.00512734
4 46 0.00181651
4 47 0.000642611
4 48 0.00022727
4 49 8.06511e-05
4 50 2.95378e-05
4 51 1.34829e-05

5 1 1
5 2 1
5 3 1
5 4 1
5 5 1
5 6 1
5 7 1
5 8 1
5 9 1
5 10 1
5 11 1
5 12 1
5 13 1
5 14 0.999999
5 15 1
5 16 0.999999
5 17 1
5 18 0.999999
5 19 1
5 20 0.999999
5 21 1
5 22 1
5 23 1
5 24 1
5 25 1
5 26 1
5 27 0.999999
5 28 0.999999
5 29 0.999996
5 30 0.999988
5 31 0.999962
5 32 0.999886
5 33 0.999655
5 34 0.998957
5 35 0.996846
5 36 0.990486
5 37 0.971546
5 38 0.917203
5 39 0.777349
5 40 0.511301
5 41 0.24653
5 42 0.09877
5 43 0.036591
5 44 0.0131638
5 45 0.00468613
5 46 0.00166198
5 47 0.000588634
5 48 0.000208428
5 49 7.4052e-05
5 50 2.71544e-05
5 51 1.24103e-05

6 1 1
6 2 1
6 3 1
6 4 1
6 5 1
6 6 1
6 7 1
6 8 1
6 9 1
6 10 1
6 11 0.999999
6 12 1
6 13 0.999999
6 14 1
6 15 0.999999
6 16 1
6 17 0.999998
6 18 1
6 19 0.999998
6 20 1
6 21 0.999999
6 22 1
6 23 0.999999
6 24 1
6 25 1
6 26 1
6 27 0.999999
6 28 0.999998
6 29 0.999995
6 30 0.999985
6 31 0.999955
6 32 0.999866
6 33 0.999597
6 34 0.998785
6 35 0.996341
6 36 0.989009
6 37 0.967306
6 38 0.905711
6 39 0.75136
6 40 0.475911
6 41 0.223286
6 42 0.0884499
6 43 0.0326613
6 44 0.0117488
6 45 0.00418664
6 46 0.00148688
6 47 0.000527399
6 48 0.000187024
6 49 6.65468e-05
6 50 2.44401e-05
6 51 1.11871e-05

7 1 1
7 2 1
7 3 1
7 4 1
7 5 1
7 6 1
7 7 1
7 8 1
7 9 1
7 10 0.999999
7 11 1
7 12 0.999999
7 13 1
7 14 0.999998
7 15 1
7 16 0.999997
7 17 1
7 18 0.999997
7 19 1
7 20 0.999998
7 21 1
7 22 0.999998
7 23 1
7 24 0.999999
7 25 1
7 26 0.999999
7 27 0.999999
7 28 0.999998
7 29 0.999994
7 30 0.999982
7 31 0.999946
7 32 0.999837
7 33 0.999513
7 34 0.99854
7 35 0.995626
7 36 0.986933
7 37 0.961398
7 38 0.889996
7 39 0.717339
7 40 0.434121
7 41 0.197659
7 42 0.077372
7 43 0.0284793
7 44 0.0102459
7 45 0.00365591
7 46 0.00130061
7 47 0.000462161
7 48 0.000164187
7 49 5.85261e-05
7 50 2.15347e-05
7 51 9.87564e-06

8 1 1
8 2 1
8 3 1
8 4 1
8 5 1
8 6 1
8 7 1
8 8 1
8 9 0.999999
8 10 1
8 11 0.999998
8 12 1
8 13 0.999997
8 14 1
8 15 0.999996
8 16 1
8 17 0.999995
8 18 1
8 19 0.999995
8 20 1
8 21 0.999996
8 22 1
8 23 0.999998
8 24 1
8 25 0.999999
8 26 1
8 27 0.999999
8 28 0.999998
8 29 0.999992
8 30 0.999977
8 31 0.999931
8 32 0.999796
8 33 0.999393
8 34 0.998192
8 35 0.994612
8 36 0.984011
8 37 0.953192
8 38 0.868728
8 39 0.674004
8 40 0.387044
8 41 0.170806
8 42 0.0660783
8 43 0.0242525
8 44 0.00872952
8 45 0.00312005
8 46 0.00111224
8 47 0.000396074
8 48 0.000141009
8 49 5.03708e-05
8 50 1.85747e-05
8 51 8.53688e-06

9 1 1
9 2 1
9 3 1
9 4 1
9 5 1
9 6 1
9 7 1
9 8 0.999999
9 9 1
9 10 0.999998
9 11 1
9 12 0.999996
9 13 1
9 14 0.999995
9 15 1.00001
9 16 0.999993
9 17 1.00001
9 18 0.999993
9 19 1.00001
9 20 0.999994
9 21 1.00001
9 22 0.999995
9 23 1
9 24 0.999997
9 25 1
9 26 0.999998
9 27 1
9 28 0.999996
9 29 0.99999
9 30 0.99997
9 31 0.999911
9 32 0.999736
9 33 0.99922
9 34 0.99769
9 35 0.993165
9 36 0.979871
9 37 0.941749
9 38 0.840121
9 39 0.620458
9 40 0.336375
9 41 0.143928
9 42 0.0550716
9 43 0.0201663
9 44 0.00726551
9 45 0.00260213
9 46 0.000929854
9 47 0.000331947
9 48 0.00011847
9 49 4.24228e-05
9 50 1.56833e-05
9 51 7.22616e-06

10 1 1
10 2 1
10 3 1
10 4 1
10 5 1
10 6 1
10 7 0.999999
10 8 1
10 9 0.999998
10 10 1
10 11 0.999996
10 12 1.00001
10 13 0.999993
10 14 1.00001
10 15 0.999991
10 16 1.00001
10 17 0.999989
10 18 1.00001
10 19 0.99999
10 20 1.00001
10 21 0.999992
10 22 1.00001
10 23 0.999995
10 24 1
10 25 0.999997
10 26 1
10 27 0.999997
10 28 0.999996
10 29 0.999985
10 30 0.999959
10 31 0.99988
10 32 0.999648
10 33 0.998966
10 34 0.99696
10 35 0.991071
10 36 0.973947
10 37 0.925695
10 38 0.801868
10 39 0.556767
10 40 0.284298
10 41 0.118156
10 42 0.0447755
10 43 0.0163709
10 44 0.00590672
10 45 0.00212073
10 46 0.000759939
10 47 0.000272058
10 48 9.73683e-05
10 49 3.4963e-05
10 50 1.29625e-05
10 51 5.98952e-06

11 1 1
11 2 1
11 3 1
11 4 1
11 5 1
11 6 0.999999
11 7 1
11 8 0.999998
11 9 1
11 10 0.999996
11 11 1.00001
11 12 0.999993
11 13 1.00001
11 14 0.999989
11 15 1.00001
11 16 0.999986
11 17 1.00001
11 18 0.999985
11 19 1.00001
11 20 0.999987
11 21 1.00001
11 22 0.99999
11 23 1.00001
11 24 0.999994
11 25 1
11 26 0.999996
11 27 0.999999
11 28 0.999992
11 29 0.999981
11 30 0.999942
11 31 0.999833
11 32 0.999514
11 33 0.998585
11 34 0.995877
11 35 0.987998
11 36 0.965371
11 37 0.903054
11 38 0.75126
11 39 0.48455
11 40 0.233238
11 41 0.0944418
11 42 0.0355062
11 43 0.0129738
11 44 0.00469056
11 45 0.00168901
11 46 0.000607155
11 47 0.000218056
11 48 7.82865e-05
11 49 2.81982e-05
11 50 1.04879e-05
11 51 4.86148e-06

12 1 1
12 2 1
12 3 1
12 4 1
12 5 1
12 6 1
12 7 0.999999
12 8 1
12 9 0.999996
12 10 1.00001
12 11 0.999993
12 12 1.00001
12 13 0.999988
12 14 1.00001
12 15 0.999983
12 16 1.00002
12 17 0.99998
12 18 1.00002
12 19 0.999981
12 20 1.00002
12 21 0.999985
12 22 1.00001
12 23 0.99999
12 24 1.00001
12 25 0.999994
12 26 1
12 27 0.999994
12 28 0.999991
12 29 0.99997
12 30 0.999916
12 31 0.999759
12 32 0.999308
12 33 0.998006
12 34 0.994241
12 35 0.983412
12 36 0.952807
12 37 0.871096
12 38 0.685813
12 39 0.407178
12 40 0.18551
12 41 0.0734725
12 42 0.027459
12 43 0.0100373
12 44 0.00363846
12 45 0.00131459
12 46 0.000474248
12 47 0.00017093
12 48 6.15811e-05
12 49 2.22571e-05
12 50 8.30753e-06
12 51 3.8643e-06

13 1 1
13 2 1
13 3 1
13 4 1
13 5 1
13 6 0.999999
13 7 1
13 8 0.999997
13 9 1
13 10 0.999993
13 11 1.00001
13 12 0.999988
13 13 1.00002
13 14 0.999981
13 15 1.00002
13 16 0.999976
13 17 1.00002
13 18 0.999975
13 19 1.00002
13 20 0.999978
13 21 1.00002
13 22 0.999984
13 23 1.00001
13 24 0.99999
13 25 1.00001
13 26 0.999993
13 27 0.999997
13 28 0.999982
13 29 0.999956
13 30 0.999874
13 31 0.999644
13 32 0.998985
13 33 0.997104
13 34 0.991724
13 35 0.976451
13 36 0.934202
13 37 0.826245
13 38 0.60473
13 39 0.329335
13 40 0.14297
13 41 0.0556314
13 42 0.0207113
13 43 0.00758146
13 44 0.00275721
13 45 0.00100002
13 46 0.000362198
13 47 0.000131057
13 48 4.73969e-05
13 49 1.71951e-05
13 50 6.44301e-06
13 51 3.00851e-06

14 1 1
14 2 1
14 3 1
14 4 1
14 5 0.999999
14 6 1
14 7 0.999998
14 8 1
14 9 0.999995
14 10 1.00001
14 11 0.999989
14 12 1.00001
14 13 0.999981
14 14 1.00002
14 15 0.999974
14 16 1.00003
14 17 0.99997
14 18 1.00003
14 19 0.999971
14 20 1.00003
14 21 0.999977
14 22 1.00002
14 23 0.999985
14 24 1.00001
14 25 0.999991
14 26 1
14 27 0.999987
14 28 0.999977
14 29 0.999929
14 30 0.999806
14 31 0.999455
14 32 0.998467
14 33 0.99567
14 34 0.987774
14 35 0.965718
14 36 0.906454
14 37 0.764276
14 38 0.51072
14 39 0.255988
14 40 0.106777
14 41 0.0410055
14 42 0.0152388
14 43 0.0055918
14 44 0.00204151
14 45 0.000743636
14 46 0.000270514
14 47 9.83024e-05
14 48 3.56997e-05
14 49 1.30045e-05
14 50 4.8934e-06
14 51 2.29445e-06

15 1 1
15 2 1
15 3 1
15 4 1
15 5 1
15 6 0.999999
15 7 1
15 8 0.999996
15 9 1.00001
15 10 0.999991
15 11 1.00001
15 12 0.999983
15 13 1.00002
15 14 0.999974
15 15 1.00003
15 16 0.999968
15 17 1.00003
15 18 0.999966
15 19 1.00003
15 20 0.99997
15 21 1.00003
15 22 0.999978
15 23 1.00002
15 24 0.999986
15 25 1.00001
15 26 0.999988
15 27 0.999989
15 28 0.999956
15 29 0.999889
15 30 0.999689
15 31 0.999142
15 32 0.997614
15 33 0.993346
15 34 0.981461
15 35 0.948965
15 36 0.86514
15 37 0.681537
15 38 0.410575
15 39 0.191222
15 40 0.0773272
15 41 0.0294357
15 42 0.0109406
15 43 0.00402825
15 44 0.00147727
15 45 0.000540673
15 46 0.000197619
15 47 7.21478e-05
15 48 2.63198e-05
15 49 9.63016e-06
15 50 3.64021e-06
15 51 1.71451e-06

16 1 1
16 2 1
16 3 1
16 4 1
16 5 0.999999
16 6 1
16 7 0.999997
16 8 1
16 9 0.999993
16 10 1.00001
16 11 0.999986
16 12 1.00002
16 13 0.999976
16 14 1.00003
16 15 0.999968
16 16 1.00004
16 17 0.999963
16 18 1.00004
16 19 0.999965
16 20 1.00003
16 21 0.999972
16 22 1.00002
16 23 0.999981
16 24 1.00001
16 25 0.999986
16 26 0.999997
16 27 0.99997
16 28 0.999933
16 29 0.999811
16 30 0.999492
16 31 0.998609
16 32 0.996183
16 33 0.989496
16 34 0.971203
16 35 0.922625
16 36 0.804606
16 37 0.578124
16 38 0.313367
16 39 0.137454
16 40 0.054356
16 41 0.0205903
16 42 0.00766737
16 43 0.00283518
16 44 0.001045
16 45 0.000384459
16 46 0.000141247
16 47 5.18261e-05
16 48 1.89983e-05
16 49 6.98438e-06
16 50 2.65303e-06
16 51 1.25558e-06

17 1 1
17 2 1
17 3 1
17 4 1
17 5 1
17 6 0.999998
17 7 1
17 8 0.999995
17 9 1.00001
17 10 0.999989
17 11 1.00001
17 12 0.99998
17 13 1.00002
17 14 0.99997
17 15 1.00003
17 16 0.999963
17 17 1.00004
17 18 0.999961
17 19 1.00004
17 20 0.999967
17 21 1.00003
17 22 0.999976
17 23 1.00002
17 24 0.999983
17 25 1
17 26 0.999976
17 27 0.999958
17 28 0.999876
17 29 0.99968
17 30 0.99914
17 31 0.997685
17 32 0.993729
17 33 0.983003
17 34 0.95432
17 35 0.881273
17 36 0.71911
17 37 0.461361
17 38 0.227273
17 39 0.0952824
17 40 0.0371324
17 41 0.0140444
17 42 0.00524756
17 43 0.0019503
17 44 0.000722872
17 45 0.000267452
17 46 9.88044e-05
17 47 3.64479e-05
17 48 1.34305e-05
17 49 4.96256e-06
17 50 1.8949e-06
17 51 9.01387e-07

18 1 1
18 2 1
18 3 1
18 4 1
18 5 0.999999
18 6 1
18 7 0.999997
18 8 1
18 9 0.999993
18 10 1.00001
18 11 0.999985
18 12 1.00002
18 13 0.999975
18 14 1.00003
18 15 0.999966
18 16 1.00004
18 17 0.999961
18 18 1.00004
18 19 0.999964
18 20 1.00003
18 21 0.999971
18 22 1.00002
18 23 0.99998
18 24 1.00001
18 25 0.999978
18 26 0.999974
18 27 0.999913
18 28 0.999786
18 29 0.999433
18 30 0.99851
18 31 0.99604
18 32 0.989437
18 33 0.971875
18 34 0.926377
18 35 0.817571
18 36 0.606681
18 37 0.344729
18 38 0.157168
18 39 0.0638577
18 40 0.0246843
18 41 0.00934779
18 42 0.0035091
18 43 0.00131179
18 44 0.000489179
18 45 0.000182088
18 46 6.76664e-05
18 47 2.51042e-05
18 48 9.3016e-06
18 49 3.4555e-06
18 50 1.32677e-06
18 51 6.34569e-07

19 1 1
19 2 1
19 3 1
19 4 1
19 5 1
19 6 0.999998
19 7 1
19 8 0.999995
19 9 1.00001
19 10 0.99999
19 11 1.00001
19 12 0.999981
19 13 1.00002
19 14 0.999971
19 15 1.00003
19 16 0.999965
19 17 1.00004
19 18 0.999964
19 19 1.00003
19 20 0.999969
19 21 1.00003
19 22 0.999976
19 23 1.00001
19 24 0.999977
19 25 0.999984
19 26 0.999932
19 27 0.999848
19 28 0.999601
19 29 0.998979
19 30 0.997345
19 31 0.993058
19 32 0.981795
19 33 0.952604
19 34 0.880423
19 35 0.723896
19 36 0.475424
19 37 0.241668
19 38 0.104123
19 39 0.0414861
19 40 0.015989
19 41 0.00607599
19 42 0.00229404
19 43 0.000863118
19 44 0.000323983
19 45 0.000121377
19 46 4.53884e-05
19 47 1.69411e-05
19 48 6.31365e-06
19 49 2.35887e-06
19 50 9.11027e-07
19 51 4.38226e-07

20 1 1
20 2 1
20 3 1
20 4 1
20 5 0.999999
20 6 1
20 7 0.999998
20 8 1
20 9 0.999994
20 10 1.00001
20 11 0.999987
20 12 1.00002
20 13 0.999978
20 14 1.00003
20 15 0.99997
20 16 1.00003
20 17 0.999967
20 18 1.00003
20 19 0.999969
20 20 1.00003
20 21 0.999975
20 22 1.00002
20 23 0.999977
20 24 0.999991
20 25 0.999943
20 26 0.999885
20 27 0.999699
20 28 0.999255
20 29 0.998106
20 30 0.995159
20 31 0.987549
20 32 0.968009
20 33 0.919197
20 34 0.806959
20 35 0.597919
20 36 0.343815
20 37 0.16
20 38 0.0664144
20 39 0.0261914
20 40 0.0101043
20 41 0.00385981
20 42 0.00146701
20 43 0.000555837
20 44 0.000210104
20 45 7.9252e-05
20 46 2.98323e-05
20 47 1.12058e-05
20 48 4.20185e-06
20 49 1.57928e-06
20 50 6.13705e-07
20 51 2.96985e-07

21 1 1
21 2 1
21 3 1
21 4 1
21 5 1
21 6 0.999999
21 7 1
21 8 0.999996
21 9 1.00001
21 10 0.999992
21 11 1.00001
21 12 0.999985
21 13 1.00002
21 14 0.999977
21 15 1.00003
21 16 0.999972
21 17 1.00003
21 18 0.999971
21 19 1.00003
21 20 0.999975
21 21 1.00002
21 22 0.999976
21 23 0.999994
21 24 0.999949
21 25 0.999906
21 26 0.999756
21 27 0.999418
21 28 0.998558
21 29 0.996409
21 30 0.99097
21 31 0.977223
21 32 0.943002
21 33 0.862234
21 34 0.696993
21 35 0.451699
21 36 0.230503
21 37 0.100872
21 38 0.0409734
21 39 0.0161044
21 40 0.00623727
21 41 0.00239826
21 42 0.000918259
21 43 0.000350541
21 44 0.000133485
21 45 5.07135e-05
21 46 1.92223e-05
21 47 7.26863e-06
21 48 2.74304e-06
21 49 1.03745e-06
21 50 4.05755e-07
21 51 1.9759e-07

22 1 1
22 2 1
22 3 1
22 4 1
22 5 1
22 6 1
22 7 0.999998
22 8 1
22 9 0.999995
22 10 1.00001
22 11 0.99999
22 12 1.00001
22 13 0.999984
22 14 1.00002
22 15 0.999978
22 16 1.00002
22 17 0.999976
22 18 1.00002
22 19 0.999976
22 20 1.00002
22 21 0.999976
22 22 0.999996
22 23 0.999951
22 24 0.999918
22 25 0.999788
22 26 0.999514
22 27 0.998827
22 28 0.99716
22 29 0.993037
22 30 0.982826
22 31 0.957712
22 32 0.89805
22 33 0.769658
22 34 0.551415
22 35 0.310552
22 36 0.14486
22 37 0.0610442
22 38 0.0245453
22 39 0.00966254
22 40 0.00376499
22 41 0.00145866
22 42 0.000562968
22 43 0.000216623
22 44 8.31315e-05
22 45 3.18208e-05
22 46 1.21487e-05
22 47 4.62581e-06
22 48 1.75737e-06
22 49 6.69003e-07
22 50 2.63413e-07
22 51 1.29114e-07

23 1 1
23 2 1
23 3 1
23 4 1
23 5 1
23 6 0.999999
23 7 1
23 8 0.999998
23 9 1
23 10 0.999995
23 11 1.00001
23 12 0.99999
23 13 1.00001
23 14 0.999985
23 15 1.00002
23 16 0.999981
23 17 1.00002
23 18 0.99998
23 19 1.00001
23 20 0.999977
23 21 0.999994
23 22 0.999951
23 23 0.999921
23 24 0.999802
23 25 0.999564
23 26 0.998978
23 27 0.997601
23 28 0.994281
23 29 0.986247
23 30 0.96684
23 31 0.921005
23 32 0.820099
23 33 0.633674
23 34 0.391953
23 35 0.196301
23 36 0.0864068
23 37 0.0356991
23 38 0.0143236
23 39 0.00566658
23 40 0.00222468
23 41 0.000869127
23 42 0.000338289
23 43 0.000131257
23 44 5.07798e-05
23 45 1.95894e-05
23 46 7.53518e-06
23 47 2.88986e-06
23 48 1.10549e-06
23 49 4.23691e-07
23 50 1.67989e-07
23 51 8.28998e-08

24 1 1
24 2 1
24 3 1
24 4 1
24 5 1
24 6 1
24 7 0.999999
24 8 1
24 9 0.999997
24 10 1
24 11 0.999994
24 12 1.00001
24 13 0.99999
24 14 1.00001
24 15 0.999986
24 16 1.00001
24 17 0.999983
24 18 1.00001
24 19 0.999977
24 20 0.999991
24 21 0.999949
24 22 0.999918
24 23 0.999802
24 24 0.999579
24 25 0.999047
24 26 0.997834
24 27 0.994988
24 28 0.988281
24 29 0.972433
24 30 0.935526
24 31 0.853894
24 32 0.695932
24 33 0.466303
24 34 0.251058
24 35 0.116017
24 36 0.0494535
24 37 0.0202814
24 38 0.00816312
24 39 0.00325279
24 40 0.00128807
24 41 0.000507732
24 42 0.000199385
24 43 7.80338e-05
24 44 3.04428e-05
24 45 1.1839e-05
24 46 4.58934e-06
24 47 1.77319e-06
24 48 6.83169e-07
24 49 2.63663e-07
24 50 1.05294e-07
24 51 5.23247e-08

25 1 1
25 2 1
25 3 1
25 4 1
25 5 1
25 6 1
25 7 1
25 8 0.999999
25 9 1
25 10 0.999997
25 11 1
25 12 0.999994
25 13 1.00001
25 14 0.999991
25 15 1.00001
25 16 0.999986
25 17 1
25 18 0.999978
25 19 0.999984
25 20 0.999943
25 21 0.999906
25 22 0.999788
25 23 0.999564
25 24 0.999047
25 25 0.997906
25 26 0.995309
25 27 0.98936
25 28 0.975653
25 29 0.94436
25 30 0.875657
25 31 0.739935
25 32 0.52772
25 33 0.303852
25 34 0.147702
25 35 0.0651601
25 36 0.0273864
25 37 0.0112379
25 38 0.00455274
25 39 0.00182999
25 40 0.000731454
25 41 0.000291045
25 42 0.00011535
25 43 4.55498e-05
25 44 1.79239e-05
25 45 7.02856e-06
25 46 2.74634e-06
25 47 1.06923e-06
25 48 4.14974e-07
25 49 1.61305e-07
25 50 6.48961e-08
25 51 3.24816e-08

26 1 1
26 2 1
26 3 1
26 4 1
26 5 1
26 6 1
26 7 0.999999
26 8 1
26 9 0.999998
26 10 1
26 11 0.999996
26 12 1
26 13 0.999993
26 14 1
26 15 0.999988
26 16 0.999997
26 17 0.999976
26 18 0.999974
26 19 0.999932
26 20 0.999885
26 21 0.999756
26 22 0.999514
26 23 0.998978
26 24 0.997834
26 25 0.995309
26 26 0.989698
26 27 0.977126
26 28 0.949111
26 29 0.888583
26 30 0.768699
26 31 0.573593
26 32 0.349614
26 33 0.178449
26 34 0.081598
26 35 0.0352203
26 36 0.0147632
26 37 0.00609118
26 38 0.00248901
26 39 0.00101017
26 40 0.00040777
26 41 0.000163839
26 42 6.55524e-05
26 43 2.61241e-05
26 44 1.03711e-05
26 45 4.10154e-06
26 46 1.61573e-06
26 47 6.33967e-07
26 48 2.47894e-07
26 49 9.70679e-08
26 50 3.93497e-08
26 51 1.98405e-08

27 1 1
27 2 1
27 3 1
27 4 1
27 5 0.999999
27 6 0.999999
27 7 0.999999
27 8 0.999999
27 9 1
27 10 0.999997
27 11 0.999999
27 12 0.999994
27 13 0.999997
27 14 0.999987
27 15 0.999989
27 16 0.99997
27 17 0.999958
27 18 0.999913
27 19 0.999848
27 20 0.999699
27 21 0.999418
27 22 0.998827
27 23 0.997601
27 24 0.994988
27 25 0.98936
27 26 0.977126
27 27 0.950609
27 28 0.894599
27 29 0.78485
27 30 0.603609
27 31 0.384506
27 32 0.204993
27 33 0.0971073
27 34 0.0430986
27 35 0.0184846
27 36 0.00777995
27 37 0.0032368
27 38 0.00133575
27 39 0.000547716
27 40 0.000223366
27 41 9.06483e-05
27 42 3.66221e-05
27 43 1.4732e-05
27 44 5.90149e-06
27 45 2.35417e-06
27 46 9.35098e-07
27 47 3.69824e-07
27 48 1.45714e-07
27 49 5.74848e-08
27 50 2.34849e-08
27 51 1.19306e-08

28 1 0.999999
28 2 0.999999
28 3 0.999999
28 4 0.999999
28 5 0.999999
28 6 0.999998
28 7 0.999998
28 8 0.999998
28 9 0.999996
28 10 0.999996
28 11 0.999992
28 12 0.999991
28 13 0.999982
28 14 0.999977
28 15 0.999956
28 16 0.999933
28 17 0.999876
28 18 0.999786
28 19 0.999601
28 20 0.999255
28 21 0.998558
28 22 0.99716
28 23 0.994281
28 24 0.988281
28 25 0.975653
28 26 0.949111
28 27 0.894599
28 28 0.790048
28 29 0.618357
28 30 0.406187
28 31 0.224437
28 32 0.109873
28 33 0.0501536
28 34 0.0220364
28 35 0.00947558
28 36 0.0040199
28 37 0.00168922
28 38 0.00070454
28 39 0.000291989
28 40 0.000120331
28 41 4.9334e-05
28 42 2.01286e-05
28 43 8.17454e-06
28 44 3.30471e-06
28 45 1.32989e-06
28 46 5.32695e-07
28 47 2.12375e-07
28 48 8.43259e-08
28 49 3.35202e-08
28 50 1.38031e-08
28 51 7.06593e-09

29 1 0.999997
29 2 0.999997
29 3 0.999997
29 4 0.999996
29 5 0.999996
29 6 0.999995
29 7 0.999994
29 8 0.999992
29 9 0.99999
29 10 0.999985
29 11 0.999981
29 12 0.99997
29 13 0.999956
29 14 0.999929
29 15 0.999889
29 16 0.999811
29 17 0.99968
29 18 0.999433
29 19 0.998979
29 20 0.998106
29 21 0.996409
29 22 0.993037
29 23 0.986247
29 24 0.972433
29 25 0.94436
29 26 0.888583
29 27 0.78485
29 28 0.618357
29 29 0.413522
29 30 0.234694
29 31 0.118276
29 32 0.0554888
29 33 0.0249955
29 34 0.0109947
29 35 0.00476303
29 36 0.00204097
29 37 0.000867028
29 38 0.000365634
29 39 0.000153194
29 40 6.38078e-05
29 41 2.64318e-05
29 42 1.08925e-05
29 43 4.46634e-06
29 44 1.82235e-06
29 45 7.3987e-07
29 46 2.98875e-07
29 47 1.20124e-07
29 48 4.807e-08
29 49 1.92556e-08
29 50 7.99313e-09
29 51 4.12366e-09

30 1 0.999991
30 2 0.999991
30 3 0.99999
30 4 0.999989
30 5 0.999988
30 6 0.999985
30 7 0.999982
30 8 0.999977
30 9 0.99997
30 10 0.999959
30 11 0.999942
30 12 0.999916
30 13 0.999874
30 14 0.999806
30 15 0.999689
30 16 0.999492
30 17 0.99914
30 18 0.99851
30 19 0.997345
30 20 0.995159
30 21 0.99097
30 22 0.982826
30 23 0.96684
30 24 0.935526
30 25 0.875657
30 26 0.768699
30 27 0.603609
30 28 0.406187
30 29 0.234694
30 30 0.121208
30 31 0.058365
30 32 0.026963
30 33 0.0121452
30 34 0.00537979
30 35 0.00235394
30 36 0.0010199
30 37 0.00043821
30 38 0.000186891
30 39 7.91732e-05
30 40 3.3333e-05
30 41 1.39523e-05
30 42 5.80774e-06
30 43 2.40453e-06
30 44 9.90231e-07
30 45 4.05617e-07
30 46 1.65249e-07
30 47 6.69593e-08
30 48 2.70063e-08
30 49 1.09023e-08
30 50 4.56266e-09
30 51 2.37249e-09

31 1 0.999973
31 2 0.999972
31 3 0.99997
31 4 0.999967
31 5 0.999962
31 6 0.999955
31 7 0.999946
31 8 0.999931
31 9 0.999911
31 10 0.99988
31 11 0.999833
31 12 0.999759
31 13 0.999644
31 14 0.999455
31 15 0.999142
31 16 0.998609
31 17 0.997685
31 18 0.99604
31 19 0.993058
31 20 0.987549
31 21 0.977223
31 22 0.957712
31 23 0.921005
31 24 0.853894
31 25 0.739935
31 26 0.573593
31 27 0.384506
31 28 0.224437
31 29 0.118276
31 30 0.058365
31 31 0.0276535
31 32 0.0127663
31 33 0.00578898
31 34 0.00258983
31 35 0.00114595
31 36 0.000502291
31 37 0.000218325
31 38 9.41776e-05
31 39 4.03417e-05
31 40 1.71684e-05
31 41 7.26157e-06
31 42 3.05325e-06
31 43 1.27639e-06
31 44 5.30539e-07
31 45 2.19255e-07
31 46 9.00868e-08
31 47 3.68021e-08
31 48 1.49606e-08
31 49 6.08699e-09
31 50 2.56854e-09
31 51 1.34627e-09

32 1 0.999917
32 2 0.999914
32 3 0.999909
32 4 0.9999
32 5 0.999886
32 6 0.999866
32 7 0.999837
32 8 0.999796
32 9 0.999736
32 10 0.999648
32 11 0.999514
32 12 0.999308
32 13 0.998985
32 14 0.998467
32 15 0.997614
32 16 0.996183
32 17 0.993729
32 18 0.989437
32 19 0.981795
32 20 0.968009
32 21 0.943002
32 22 0.89805
32 23 0.820099
32 24 0.695932
32 25 0.52772
32 26 0.349614
32 27 0.204993
32 28 0.109873
32 29 0.0554888
32 30 0.026963
32 31 0.0127663
32 32 0.00593242
32 33 0.00271682
32 34 0.00122921
32 35 0.00055032
32 36 0.000244074
32 37 0.000107329
32 38 4.68281e-05
32 39 2.02829e-05
32 40 8.72525e-06
32 41 3.72903e-06
32 42 1.58373e-06
32 43 6.68475e-07
32 44 2.80431e-07
32 45 1.16922e-07
32 46 4.84487e-08
32 47 1.99539e-08
32 48 8.17594e-09
32 49 3.35283e-09
32 50 1.42665e-09
32 51 7.53807e-10

33 1 0.999748
33 2 0.99974
33 3 0.999723
33 4 0.999696
33 5 0.999655
33 6 0.999597
33 7 0.999513
33 8 0.999393
33 9 0.99922
33 10 0.998966
33 11 0.998585
33 12 0.998006
33 13 0.997104
33 14 0.99567
33 15 0.993346
33 16 0.989496
33 17 0.983003
33 18 0.971875
33 19 0.952604
33 20 0.919197
33 21 0.862234
33 22 0.769658
33 23 0.633674
33 24 0.466303
33 25 0.303852
33 26 0.178449
33 27 0.0971073
33 28 0.0501536
33 29 0.0249955
33 30 0.0121452
33 31 0.00578898
33 32 0.00271682
33 33 0.00125833
33 34 0.000576089
33 35 0.000261007
33 36 0.000117135
33 37 5.21096e-05
33 38 2.29946e-05
33 39 1.00702e-05
33 40 4.37854e-06
33 41 1.89074e-06
33 42 8.11026e-07
33 43 3.45608e-07
33 44 1.46318e-07
33 45 6.15422e-08
33 46 2.57166e-08
33 47 1.06779e-08
33 48 4.40989e-09
33 49 1.82281e-09
33 50 7.82179e-10
33 51 4.16653e-10

34 1 0.999231
34 2 0.999207
34 3 0.999157
34 4 0.999077
34 5 0.998957
34 6 0.998785
34 7 0.99854
34 8 0.998192
34 9 0.99769
34 10 0.99696
34 11 0.995877
34 12 0.994241
34 13 0.991724
34 14 0.987774
34 15 0.981461
34 16 0.971203
34 17 0.95432
34 18 0.926377
34 19 0.880423
34 20 0.806959
34 21 0.696993
34 22 0.551415
34 23 0.391953
34 24 0.251058
34 25 0.147702
34 26 0.081598
34 27 0.0430986
34 28 0.0220364
34 29 0.0109947
34 30 0.00537979
34 31 0.00258983
34 32 0.00122921
34 33 0.000576089
34 34 0.000266917
34 35 0.000122379
34 36 5.55687e-05
34 37 2.50066e-05
34 38 1.11593e-05
34 39 4.94069e-06
34 40 2.17105e-06
34 41 9.47117e-07
34 42 4.10269e-07
34 43 1.76485e-07
34 44 7.53956e-08
34 45 3.19881e-08
34 46 1.34789e-08
34 47 5.64204e-09
34 48 2.34863e-09
34 49 9.78554e-10
34 50 4.23485e-10
34 51 2.27436e-10

35 1 0.997655
35 2 0.997585
35 3 0.997438
35 4 0.997199
35 5 0.996846
35 6 0.996341
35 7 0.995626
35 8 0.994612
35 9 0.993165
35 10 0.991071
35 11 0.987998
35 12 0.983412
35 13 0.976451
35 14 0.965718
35 15 0.948965
35 16 0.922625
35 17 0.881273
35 18 0.817571
35 19 0.723896
35 20 0.597919
35 21 0.451699
35 22 0.310552
35 23 0.196301
35 24 0.116017
35 25 0.0651601
35 26 0.0352203
35 27 0.0184846
35 28 0.00947558
35 29 0.00476303
35 30 0.00235394
35 31 0.00114595
35 32 0.00055032
35 33 0.000261007
35 34 0.000122379
35 35 5.67734e-05
35 36 2.60795e-05
35 37 1.187e-05
35 38 5.35595e-06
35 39 2.39693e-06
35 40 1.06428e-06
35 41 4.68972e-07
35 42 2.05118e-07
35 43 8.9057e-08
35 44 3.83858e-08
35 45 1.64261e-08
35 46 6.97902e-09
35 47 2.94488e-09
35 48 1.2356e-09
35 49 5.18946e-10
35 50 2.26514e-10
35 51 1.22656e-10

36 1 0.992869
36 2 0.992661
36 3 0.992225
36 4 0.991523
36 5 0.990486
36 6 0.989009
36 7 0.986933
36 8 0.984011
36 9 0.979871
36 10 0.973947
36 11 0.965371
36 12 0.952807
36 13 0.934202
36 14 0.906454
36 15 0.86514
36 16 0.804606
36 17 0.71911
36 18 0.606681
36 19 0.475424
36 20 0.343815
36 21 0.230503
36 22 0.14486
36 23 0.0864068
36 24 0.0494535
36 25 0.0273864
36 26 0.0147632
36 27 0.00777995
36 28 0.0040199
36 29 0.00204097
36 30 0.0010199
36 31 0.000502291
36 32 0.000244074
36 33 0.000117135
36 34 5.55687e-05
36 35 2.60795e-05
36 36 1.2117e-05
36 37 5.5768e-06
36 38 2.54383e-06
36 39 1.15049e-06
36 40 5.16074e-07
36 41 2.29653e-07
36 42 1.01399e-07
36 43 4.4427e-08
36 44 1.93175e-08
36 45 8.33655e-09
36 46 3.57115e-09
36 47 1.519e-09
36 48 6.42395e-10
36 49 2.71977e-10
36 50 1.19743e-10
36 51 6.53786e-11

37 1 0.978469
37 2 0.97786
37 3 0.976589
37 4 0.974546
37 5 0.971546
37 6 0.967306
37 7 0.961398
37 8 0.953192
37 9 0.941749
37 10 0.925695
37 11 0.903054
37 12 0.871096
37 13 0.826245
37 14 0.764276
37 15 0.681537
37 16 0.578124
37 17 0.461361
37 18 0.344729
37 19 0.241668
37 20 0.16
37 21 0.100872
37 22 0.0610442
37 23 0.0356991
37 24 0.0202814
37 25 0.0112379
37 26 0.00609118
37 27 0.0032368
37 28 0.00168922
37 29 0.000867028
37 30 0.00043821
37 31 0.000218325
37 32 0.000107329
37 33 5.21096e-05
37 34 2.50066e-05
37 35 1.187e-05
37 36 5.5768e-06
37 37 2.59481e-06
37 38 1.19624e-06
37 39 5.46617e-07
37 40 2.47646e-07
37 41 1.11264e-07
37 42 4.95829e-08
37 43 2.19187e-08
37 44 9.61293e-09
37 45 4.18325e-09
37 46 1.80662e-09
37 47 7.74601e-10
37 48 3.30184e-10
37 49 1.40924e-10
37 50 6.25856e-11
37 51 3.44556e-11

38 1 0.936341
38 2 0.934638
38 3 0.931097
38 4 0.925438
38 5 0.917203
38 6 0.905711
38 7 0.889996
38 8 0.868728
38 9 0.840121
38 10 0.801868
38 11 0.75126
38 12 0.685813
38 13 0.60473
38 14 0.51072
38 15 0.410575
38 16 0.313367
38 17 0.227273
38 18 0.157168
38 19 0.104123
38 20 0.0664144
38 21 0.0409734
38 22 0.0245453
38 23 0.0143236
38 24 0.00816312
38 25 0.00455274
38 26 0.00248901
38 27 0.00133575
38 28 0.00070454
38 29 0.000365634
38 30 0.000186891
38 31 9.41776e-05
38 32 4.68281e-05
38 33 2.29946e-05
38 34 1.11593e-05
38 35 5.35595e-06
38 36 2.54383e-06
38 37 1.19624e-06
38 38 5.57202e-07
38 39 2.57173e-07
38 40 1.17646e-07
38 41 5.33529e-08
38 42 2.39911e-08
38 43 1.06985e-08
38 44 4.73192e-09
38 45 2.07622e-09
38 46 9.03921e-10
38 47 3.90654e-10
38 48 1.67844e-10
38 49 7.22183e-11
38 50 3.23539e-11
38 51 1.79605e-11

39 1 0.82283
39 2 0.818663
39 3 0.810079
39 4 0.79657
39 5 0.777349
39 6 0.75136
39 7 0.717339
39 8 0.674004
39 9 0.620458
39 10 0.556767
39 11 0.48455
39 12 0.407178
39 13 0.329335
39 14 0.255988
39 15 0.191222
39 16 0.137454
39 17 0.0952824
39 18 0.0638577
39 19 0.0414861
39 20 0.0261914
39 21 0.0161044
39 22 0.00966254
39 23 0.00566658
39 24 0.00325279
39 25 0.00182999
39 26 0.00101017
39 27 0.000547716
39 28 0.000291989
39 29 0.000153194
39 30 7.91732e-05
39 31 4.03417e-05
39 32 2.02829e-05
39 33 1.00702e-05
39 34 4.94069e-06
39 35 2.39693e-06
39 36 1.15049e-06
39 37 5.46617e-07
39 38 2.57173e-07
39 39 1.19854e-07
39 40 5.53456e-08
39 41 2.53287e-08
39 42 1.14902e-08
39 43 5.16786e-09
39 44 2.30486e-09
39 45 1.01958e-09
39 46 4.47465e-10
39 47 1.94923e-10
39 48 8.44135e-11
39 49 3.66166e-11
39 50 1.65486e-11
39 51 9.26321e-12

40 1 0.581974
40 2 0.574982
40 3 0.560925
40 4 0.539705
40 5 0.511301
40 6 0.475911
40 7 0.434121
40 8 0.387044
40 9 0.336375
40 10 0.284298
40 11 0.233238
40 12 0.18551
40 13 0.14297
40 14 0.106777
40 15 0.0773272
40 16 0.054356
40 17 0.0371324
40 18 0.0246843
40 19 0.015989
40 20 0.0101043
40 21 0.00623727
40 22 0.00376499
40 23 0.00222468
40 24 0.00128807
40 25 0.000731454
40 26 0.00040777
40 27 0.000223366
40 28 0.000120331
40 29 6.38078e-05
40 30 3.3333e-05
40 31 1.71684e-05
40 32 8.72525e-06
40 33 4.37854e-06
40 34 2.17105e-06
40 35 1.06428e-06
40 36 5.16074e-07
40 37 2.47646e-07
40 38 1.17646e-07
40 39 5.53456e-08
40 40 2.57911e-08
40 41 1.19081e-08
40 42 5.44869e-09
40 43 2.47126e-09
40 44 1.11127e-09
40 45 4.95572e-10
40 46 2.19234e-10
40 47 9.62601e-11
40 48 4.20177e-11
40 49 1.83751e-11
40 50 8.37781e-12
40 51 4.72859e-12

41 1 0.298155
41 2 0.29269
41 3 0.281959
41 4 0.266366
41 5 0.24653
41 6 0.223286
41 7 0.197659
41 8 0.170806
41 9 0.143928
41 10 0.118156
41 11 0.0944418
41 12 0.0734725
41 13 0.0556314
41 14 0.0410055
41 15 0.0294357
41 16 0.0205903
41 17 0.0140444
41 18 0.00934779
41 19 0.00607599
41 20 0.00385981
41 21 0.00239826
41 22 0.00145866
41 23 0.000869127
41 24 0.000507732
41 25 0.000291045
41 26 0.000163839
41 27 9.06483e-05
41 28 4.9334e-05
41 29 2.64318e-05
41 30 1.39523e-05
41 31 7.26157e-06
41 32 3.72903e-06
41 33 1.89074e-06
41 34 9.47117e-07
41 35 4.68972e-07
41 36 2.29653e-07
41 37 1.11264e-07
41 38 5.33529e-08
41 39 2.53287e-08
41 40 1.19081e-08
41 41 5.54568e-09
41 42 2.55896e-09
41 43 1.17024e-09
41 44 5.30524e-10
41 45 2.38492e-10
41 46 1.06347e-10
41 47 4.70644e-11
41 48 2.0707e-11
41 49 9.1296e-12
41 50 4.19926e-12
41 51 2.38981e-12

42 1 0.122714
42 2 0.120108
42 3 0.115042
42 4 0.107796
42 5 0.09877
42 6 0.0884499
42 7 0.077372
42 8 0.0660783
42 9 0.0550716
42 10 0.0447755
42 11 0.0355062
42 12 0.027459
42 13 0.0207113
42 14 0.0152388
42 15 0.0109406
42 16 0.00766737
42 17 0.00524756
42 18 0.0035091
42 19 0.00229404
42 20 0.00146701
42 21 0.000918259
42 22 0.000562968
42 23 0.000338289
42 24 0.000199385
42 25 0.00011535
42 26 6.55524e-05
42 27 3.66221e-05
42 28 2.01286e-05
42 29 1.08925e-05
42 30 5.80774e-06
42 31 3.05325e-06
42 32 1.58373e-06
42 33 8.11026e-07
42 34 4.10269e-07
42 35 2.05118e-07
42 36 1.01399e-07
42 37 4.95829e-08
42 38 2.39911e-08
42 39 1.14902e-08
42 40 5.44869e-09
42 41 2.55896e-09
42 42 1.19059e-09
42 43 5.48924e-10
42 44 2.50864e-10
42 45 1.13676e-10
42 46 5.10926e-11
42 47 2.27902e-11
42 48 1.01067e-11
42 49 4.49243e-12
42 50 2.08461e-12
42 51 1.19616e-12

43 1 0.0458423
43 2 0.044826
43 3 0.0428568
43 4 0.0400558
43 5 0.036591
43 6 0.0326613
43 7 0.0284793
43 8 0.0242525
43 9 0.0201663
43 10 0.0163709
43 11 0.0129738
43 12 0.0100373
43 13 0.00758146
43 14 0.0055918
43 15 0.00402825
43 16 0.00283518
43 17 0.0019503
43 18 0.00131179
43 19 0.000863118
43 20 0.000555837
43 21 0.000350541
43 22 0.000216623
43 23 0.000131257
43 24 7.80338e-05
43 25 4.55498e-05
43 26 2.61241e-05
43 27 1.4732e-05
43 28 8.17454e-06
43 29 4.46634e-06
43 30 2.40453e-06
43 31 1.27639e-06
43 32 6.68475e-07
43 33 3.45608e-07
43 34 1.76485e-07
43 35 8.9057e-08
43 36 4.4427e-08
43 37 2.19187e-08
43 38 1.06985e-08
43 39 5.16786e-09
43 40 2.47126e-09
43 41 1.17024e-09
43 42 5.48924e-10
43 43 2.5513e-10
43 44 1.17532e-10
43 45 5.36828e-11
43 46 2.43193e-11
43 47 1.09334e-11
43 48 4.88705e-12
43 49 2.19005e-12
43 50 1.02522e-12
43 51 5.93105e-13

44 1 0.0165072
44 2 0.016139
44 3 0.0154262
44 4 0.0144139
44 5 0.0131638
44 6 0.0117488
44 7 0.0102459
44 8 0.00872952
44 9 0.00726551
44 10 0.00590672
44 11 0.00469056
44 12 0.00363846
44 13 0.00275721
44 14 0.00204151
44 15 0.00147727
44 16 0.001045
44 17 0.000722872
44 18 0.000489179
44 19 0.000323983
44 20 0.000210104
44 21 0.000133485
44 22 8.31315e-05
44 23 5.07798e-05
44 24 3.04428e-05
44 25 1.79239e-05
44 26 1.03711e-05
44 27 5.90149e-06
44 28 3.30471e-06
44 29 1.82235e-06
44 30 9.90231e-07
44 31 5.30539e-07
44 32 2.80431e-07
44 33 1.46318e-07
44 34 7.53956e-08
44 35 3.83858e-08
44 36 1.93175e-08
44 37 9.61293e-09
44 38 4.73192e-09
44 39 2.30486e-09
44 40 1.11127e-09
44 41 5.30524e-10
44 42 2.50864e-10
44 43 1.17532e-10
44 44 5.4576e-11
44 45 2.51253e-11
44 46 1.14721e-11
44 47 5.19821e-12
44 48 2.34188e-12
44 49 1.05803e-12
44 50 4.99652e-13
44 51 2.91414e-13

45 1 0.00586616
45 2 0.0057362
45 3 0.00548463
45 4 0.00512734
45 5 0.00468613
45 6 0.00418664
45 7 0.00365591
45 8 0.00312005
45 9 0.00260213
45 10 0.00212073
45 11 0.00168901
45 12 0.00131459
45 13 0.00100002
45 14 0.000743636
45 15 0.000540673
45 16 0.000384459
45 17 0.000267452
45 18 0.000182088
45 19 0.000121377
45 20 7.9252e-05
45 21 5.07135e-05
45 22 3.18208e-05
45 23 1.95894e-05
45 24 1.1839e-05
45 25 7.02856e-06
45 26 4.10154e-06
45 27 2.35417e-06
45 28 1.32989e-06
45 29 7.3987e-07
45 30 4.05617e-07
45 31 2.19255e-07
45 32 1.16922e-07
45 33 6.15422e-08
45 34 3.19881e-08
45 35 1.64261e-08
45 36 8.33655e-09
45 37 4.18325e-09
45 38 2.07622e-09
45 39 1.01958e-09
45 40 4.95572e-10
45 41 2.38492e-10
45 42 1.13676e-10
45 43 5.36828e-11
45 44 2.51253e-11
45 45 1.16583e-11
45 46 5.365e-12
45 47 2.45004e-12
45 48 1.11248e-12
45 49 5.06693e-13
45 50 2.41383e-13
45 51 1.41921e-13

46 1 0.00207502
46 2 0.00202957
46 3 0.00194156
46 4 0.00181651
46 5 0.00166198
46 6 0.00148688
46 7 0.00130061
46 8 0.00111224
46 9 0.000929854
46 10 0.000759939
46 11 0.000607155
46 12 0.000474248
46 13 0.000362198
46 14 0.000270514
46 15 0.000197619
46 16 0.000141247
46 17 9.88044e-05
46 18 6.76664e-05
46 19 4.53884e-05
46 20 2.98323e-05
46 21 1.92223e-05
46 22 1.21487e-05
46 23 7.53518e-06
46 24 4.58934e-06
46 25 2.74634e-06
46 26 1.61573e-06
46 27 9.35098e-07
46 28 5.32695e-07
46 29 2.98875e-07
46 30 1.65249e-07
46 31 9.00868e-08
46 32 4.84487e-08
46 33 2.57166e-08
46 34 1.34789e-08
46 35 6.97902e-09
46 36 3.57115e-09
46 37 1.80662e-09
46 38 9.03921e-10
46 39 4.47465e-10
46 40 2.19234e-10
46 41 1.06347e-10
46 42 5.10926e-11
46 43 2.43193e-11
46 44 1.14721e-11
46 45 5.365e-12
46 46 2.48823e-12
46 47 1.14518e-12
46 48 5.24066e-13
46 49 2.40625e-13
46 50 1.15634e-13
46 51 6.85319e-14

47 1 0.000732795
47 2 0.000716948
47 3 0.000686253
47 4 0.000642611
47 5 0.000588634
47 6 0.000527399
47 7 0.000462161
47 8 0.000396074
47 9 0.000331947
47 10 0.000272058
47 11 0.000218056
47 12 0.00017093
47 13 0.000131057
47 14 9.83024e-05
47 15 7.21478e-05
47 16 5.18261e-05
47 17 3.64479e-05
47 18 2.51042e-05
47 19 1.69411e-05
47 20 1.12058e-05
47 21 7.26863e-06
47 22 4.62581e-06
47 23 2.88986e-06
47 24 1.77319e-06
47 25 1.06923e-06
47 26 6.33967e-07
47 27 3.69824e-07
47 28 2.12375e-07
47 29 1.20124e-07
47 30 6.69593e-08
47 31 3.68021e-08
47 32 1.99539e-08
47 33 1.06779e-08
47 34 5.64204e-09
47 35 2.94488e-09
47 36 1.519e-09
47 37 7.74601e-10
47 38 3.90654e-10
47 39 1.94923e-10
47 40 9.62601e-11
47 41 4.70644e-11
47 42 2.27902e-11
47 43 1.09334e-11
47 44 5.19821e-12
47 45 2.45004e-12
47 46 1.14518e-12
47 47 5.31156e-13
47 48 2.44975e-13
47 49 1.1339e-13
47 50 5.49658e-14
47 51 3.28358e-14

48 1 0.00025871
48 2 0.000253189
48 3 0.000242491
48 4 0.00022727
48 5 0.000208428
48 6 0.000187024
48 7 0.000164187
48 8 0.000141009
48 9 0.00011847
48 10 9.73683e-05
48 11 7.82865e-05
48 12 6.15811e-05
48 13 4.73969e-05
48 14 3.56997e-05
48 15 2.63198e-05
48 16 1.89983e-05
48 17 1.34305e-05
48 18 9.3016e-06
48 19 6.31365e-06
48 20 4.20185e-06
48 21 2.74304e-06
48 22 1.75737e-06
48 23 1.10549e-06
48 24 6.83169e-07
48 25 4.14974e-07
48 26 2.47894e-07
48 27 1.45714e-07
48 28 8.43259e-08
48 29 4.807e-08
48 30 2.70063e-08
48 31 1.49606e-08
48 32 8.17594e-09
48 33 4.40989e-09
48 34 2.34863e-09
48 35 1.2356e-09
48 36 6.42395e-10
48 37 3.30184e-10
48 38 1.67844e-10
48 39 8.44135e-11
48 40 4.20177e-11
48 41 2.0707e-11
48 42 1.01067e-11
48 43 4.88705e-12
48 44 2.34188e-12
48 45 1.11248e-12
48 46 5.24066e-13
48 47 2.44975e-13
48 48 1.13875e-13
48 49 5.31381e-14
48 50 2.59852e-14
48 51 1.56473e-14

49 1 9.16461e-05
49 2 8.97166e-05
49 3 8.59763e-05
49 4 8.06511e-05
49 5 7.4052e-05
49 6 6.65468e-05
49 7 5.85261e-05
49 8 5.03708e-05
49 9 4.24228e-05
49 10 3.4963e-05
49 11 2.81982e-05
49 12 2.22571e-05
49 13 1.71951e-05
49 14 1.30045e-05
49 15 9.63016e-06
49 16 6.98438e-06
49 17 4.96256e-06
49 18 3.4555e-06
49 19 2.35887e-06
49 20 1.57928e-06
49 21 1.03745e-06
49 22 6.69003e-07
49 23 4.23691e-07
49 24 2.63663e-07
49 25 1.61305e-07
49 26 9.70679e-08
49 27 5.74848e-08
49 28 3.35202e-08
49 29 1.92556e-08
49 30 1.09023e-08
49 31 6.08699e-09
49 32 3.35283e-09
49 33 1.82281e-09
49 34 9.78554e-10
49 35 5.18946e-10
49 36 2.71977e-10
49 37 1.40924e-10
49 38 7.22183e-11
49 39 3.66166e-11
49 40 1.83751e-11
49 41 9.1296e-12
49 42 4.49243e-12
49 43 2.19005e-12
49 44 1.05803e-12
49 45 5.06693e-13
49 46 2.40625e-13
49 47 1.1339e-13
49 48 5.31381e-14
49 49 2.50056e-14
49 50 1.23396e-14
49 51 7.49174e-15

50 1 3.35029e-05
50 2 3.28076e-05
50 3 3.14591e-05
50 4 2.95378e-05
50 5 2.71544e-05
50 6 2.44401e-05
50 7 2.15347e-05
50 8 1.85747e-05
50 9 1.56833e-05
50 10 1.29625e-05
50 11 1.04879e-05
50 12 8.30753e-06
50 13 6.44301e-06
50 14 4.8934e-06
50 15 3.64021e-06
50 16 2.65303e-06
50 17 1.8949e-06
50 18 1.32677e-06
50 19 9.11027e-07
50 20 6.13705e-07
50 21 4.05755e-07
50 22 2.63413e-07
50 23 1.67989e-07
50 24 1.05294e-07
50 25 6.48961e-08
50 26 3.93497e-08
50 27 2.34849e-08
50 28 1.38031e-08
50 29 7.99313e-09
50 30 4.56266e-09
50 31 2.56854e-09
50 32 1.42665e-09
50 33 7.82179e-10
50 34 4.23485e-10
50 35 2.26514e-10
50 36 1.19743e-10
50 37 6.25856e-11
50 38 3.23539e-11
50 39 1.65486e-11
50 40 8.37781e-12
50 41 4.19926e-12
50 42 2.08461e-12
50 43 1.02522e-12
50 44 4.99652e-13
50 45 2.41383e-13
50 46 1.15634e-13
50 47 5.49658e-14
50 48 2.59852e-14
50 49 1.23396e-14
50 50 6.14919e-15
50 51 3.76642e-15

51 1 1.52647e-05
51 2 1.49524e-05
51 3 1.43467e-05
51 4 1.34829e-05
51 5 1.24103e-05
51 6 1.11871e-05
51 7 9.87564e-06
51 8 8.53688e-06
51 9 7.22616e-06
51 10 5.98952e-06
51 11 4.86148e-06
51 12 3.8643e-06
51 13 3.00851e-06
51 14 2.29445e-06
51 15 1.71451e-06
51 16 1.25558e-06
51 17 9.01387e-07
51 18 6.34569e-07
51 19 4.38226e-07
51 20 2.96985e-07
51 21 1.9759e-07
51 22 1.29114e-07
51 23 8.28998e-08
51 24 5.23247e-08
51 25 3.24816e-08
51 26 1.98405e-08
51 27 1.19306e-08
51 28 7.06593e-09
51 29 4.12366e-09
51 30 2.37249e-09
51 31 1.34627e-09
51 32 7.53807e-10
51 33 4.16653e-10
51 34 2.27436e-10
51 35 1.22656e-10
51 36 6.53786e-11
51 37 3.44556e-11
51 38 1.79605e-11
51 39 9.26321e-12
51 40 4.72859e-12
51 41 2.38981e-12
51 42 1.19616e-12
51 43 5.93105e-13
51 44 2.91414e-13
51 45 1.41921e-13
51 46 6.85319e-14
51 47 3.28358e-14
51 48 1.56473e-14
51 49 7.49174e-15
51 50 3.76642e-15
51 51 2.32515e-15

