#x #y #phase
1 1 1
1 2 1
1 3 1
1 4 1
1 5 1
1 6 1
1 7 1
1 8 1
1 9 1
1 10 1
1 11 1
1 12 1
1 13 1
1 14 1
1 15 1
1 16 1
1 17 1
1 18 1
1 19 1
1 20 0.999999
1 21 0.999998
1 22 0.999995
1 23 0.999985
1 24 0.999956
1 25 0.999865
1 26 0.99959
1 27 0.998752
1 28 0.996205
1 29 0.988496
1 30 0.965482
1 31 0.899822
1 32 0.736069
1 33 0.453134
1 34 0.207578
1 35 0.081084
1 36 0.0296751
1 37 0.0105935
1 38 0.00374246
1 39 0.00131407
1 40 0.000458868
1 41 0.000159266
1 42 5.49113e-05
1 43 1.88029e-05
1 44 6.39698e-06
1 45 2.16418e-06
1 46 7.2893e-07
1 47 2.44734e-07
1 48 8.20211e-08
1 49 2.75422e-08
1 50 9.51088e-09
1 51 4.0872e-09

2 1 1
2 2 1
2 3 1
2 4 1
2 5 1
2 6 1
2 7 1
2 8 1
2 9 1
2 10 1
2 11 1
2 12 1
2 13 1
2 14 1
2 15 1
2 16 1
2 17 1
2 18 1
2 19 1
2 20 0.999999
2 21 0.999998
2 22 0.999995
2 23 0.999985
2 24 0.999954
2 25 0.99986
2 26 0.999574
2 27 0.998705
2 28 0.996068
2 29 0.988094
2 30 0.964333
2 31 0.896745
2 32 0.729379
2 33 0.445058
2 34 0.202739
2 35 0.0790256
2 36 0.0289075
2 37 0.0103207
2 38 0.00364726
2 39 0.00128113
2 40 0.000447538
2 41 0.000155392
2 42 5.3596e-05
2 43 1.83596e-05
2 44 6.24868e-06
2 45 2.1149e-06
2 46 7.12646e-07
2 47 2.39376e-07
2 48 8.02625e-08
2 49 2.69642e-08
2 50 9.31582e-09
2 51 4.00537e-09

3 1 1
3 2 1
3 3 1
3 4 1
3 5 1
3 6 1
3 7 1
3 8 1
3 9 1
3 10 1
3 11 1
3 12 1
3 13 1
3 14 1
3 15 1
3 16 1
3 17 1
3 18 1
3 19 1
3 20 0.999999
3 21 0.999998
3 22 0.999994
3 23 0.999983
3 24 0.99995
3 25 0.999848
3 26 0.99954
3 27 0.998606
3 28 0.995776
3 29 0.987244
3 30 0.961912
3 31 0.890309
3 32 0.715602
3 33 0.428983
3 34 0.193294
3 35 0.0750382
3 36 0.0274239
3 37 0.00979361
3 38 0.00346328
3 39 0.00121744
3 40 0.000425616
3 41 0.000147893
3 42 5.10482e-05
3 43 1.75003e-05
3 44 5.96104e-06
3 45 2.01926e-06
3 46 6.8102e-07
3 47 2.28962e-07
3 48 7.68418e-08
3 49 2.58392e-08
3 50 8.93584e-09
3 51 3.84582e-09

4 1 1
4 2 1
4 3 1
4 4 1
4 5 1
4 6 1
4 7 1
4 8 1
4 9 1
4 10 1
4 11 1
4 12 1
4 13 1
4 14 1
4 15 1
4 16 1
4 17 1
4 18 1
4 19 1
4 20 0.999999
4 21 0.999998
4 22 0.999994
4 23 0.999981
4 24 0.999943
4 25 0.999829
4 26 0.999484
4 27 0.99844
4 28 0.995293
4 29 0.985845
4 30 0.957952
4 31 0.879917
4 32 0.693983
4 33 0.405143
4 34 0.179726
4 35 0.069376
4 36 0.0253244
4 37 0.00904809
4 38 0.0032029
4 39 0.00112721
4 40 0.000394534
4 41 0.00013725
4 42 4.74288e-05
4 43 1.62785e-05
4 44 5.5516e-06
4 45 1.88296e-06
4 46 6.35902e-07
4 47 2.14087e-07
4 48 7.195e-08
4 49 2.42282e-08
4 50 8.39103e-09
4 51 3.61675e-09

5 1 1
5 2 1
5 3 1
5 4 1
5 5 1
5 6 1
5 7 1
5 8 1
5 9 1
5 10 1
5 11 1
5 12 1
5 13 1
5 14 1
5 15 1
5 16 1
5 17 1
5 18 1
5 19 1
5 20 0.999999
5 21 0.999998
5 22 0.999992
5 23 0.999978
5 24 0.999933
5 25 0.999799
5 26 0.999397
5 27 0.998188
5 28 0.994557
5 29 0.983722
5 30 0.952001
5 31 0.864606
5 32 0.663513
5 33 0.374076
5 34 0.162763
5 35 0.0624029
5 36 0.0227501
5 37 0.00813447
5 38 0.00288355
5 39 0.00101642
5 40 0.000356315
5 41 0.000124146
5 42 4.29662e-05
5 43 1.477e-05
5 44 5.04537e-06
5 45 1.7142e-06
5 46 5.79947e-07
5 47 1.95609e-07
5 48 6.58628e-08
5 49 2.22202e-08
5 50 7.71068e-09
5 51 3.33015e-09

6 1 1
6 2 1
6 3 1
6 4 1
6 5 1
6 6 1
6 7 1
6 8 1
6 9 1
6 10 1
6 11 1
6 12 1
6 13 1
6 14 1
6 15 1
6 16 1
6 17 1
6 18 1
6 19 1
6 20 0.999999
6 21 0.999997
6 22 0.999991
6 23 0.999972
6 24 0.999917
6 25 0.999754
6 26 0.999267
6 27 0.99781
6 28 0.993466
6 29 0.980596
6 30 0.943347
6 31 0.842958
6 32 0.623158
6 33 0.336778
6 34 0.143365
6 35 0.0545649
6 36 0.0198705
6 37 0.00711286
6 38 0.00252605
6 39 0.000892189
6 40 0.000313387
6 41 0.000109402
6 42 3.79367e-05
6 43 1.30669e-05
6 44 4.47284e-06
6 45 1.52298e-06
6 46 5.16417e-07
6 47 1.74586e-07
6 48 5.8922e-08
6 49 1.99255e-08
6 50 6.93138e-09
6 51 3.00108e-09

7 1 1
7 2 1
7 3 1
7 4 1
7 5 1
7 6 1
7 7 1
7 8 1
7 9 1
7 10 1
7 11 1
7 12 1
7 13 1
7 14 1
7 15 1
7 16 1
7 17 1
7 18 1
7 19 1
7 20 0.999999
7 21 0.999996
7 22 0.999988
7 23 0.999964
7 24 0.999893
7 25 0.999686
7 26 0.999071
7 27 0.997249
7 28 0.991855
7 29 0.976028
7 30 0.930906
7 31 0.813008
7 32 0.572279
7 33 0.2948
7 34 0.122651
7 35 0.0463462
7 36 0.0168655
7 37 0.00604688
7 38 0.00215245
7 39 0.0007621
7 40 0.00026834
7 41 9.38975e-05
7 42 3.26373e-05
7 43 1.12687e-05
7 44 3.867e-06
7 45 1.32016e-06
7 46 4.48872e-07
7 47 1.52176e-07
7 48 5.15042e-08
7 49 1.74664e-08
7 50 6.09392e-09
7 51 2.64642e-09

8 1 1
8 2 1
8 3 1
8 4 1
8 5 1
8 6 1
8 7 1
8 8 1
8 9 1
8 10 1
8 11 1
8 12 1
8 13 1
8 14 1
8 15 1
8 16 1
8 17 1
8 18 1
8 19 0.999999
8 20 0.999998
8 21 0.999994
8 22 0.999983
8 23 0.999951
8 24 0.999857
8 25 0.999582
8 26 0.998776
8 27 0.996408
8 28 0.989464
8 29 0.969328
8 30 0.913057
8 31 0.772213
8 32 0.511198
8 33 0.250227
8 34 0.101794
8 35 0.038217
8 36 0.0139063
8 37 0.00499668
8 38 0.00178364
8 39 0.000633368
8 40 0.000223651
8 41 7.84792e-05
8 42 2.73543e-05
8 43 9.47168e-06
8 44 3.26002e-06
8 45 1.11641e-06
8 46 3.80818e-07
8 47 1.2953e-07
8 48 4.39845e-08
8 49 1.49657e-08
8 50 5.23943e-09
8 51 2.28331e-09

9 1 1
9 2 1
9 3 1
9 4 1
9 5 1
9 6 1
9 7 1
9 8 1
9 9 1
9 10 1
9 11 1
9 12 1
9 13 1
9 14 1
9 15 1
9 16 1
9 17 1
9 18 1
9 19 0.999999
9 20 0.999997
9 21 0.999991
9 22 0.999975
9 23 0.99993
9 24 0.999799
9 25 0.99942
9 26 0.998321
9 27 0.995126
9 28 0.985865
9 29 0.959415
9 30 0.887452
9 31 0.717716
9 32 0.441761
9 33 0.205476
9 34 0.0818867
9 35 0.0305835
9 36 0.0111371
9 37 0.0040129
9 38 0.00143729
9 39 0.000512123
9 40 0.000181439
9 41 6.38737e-05
9 42 2.23358e-05
9 43 7.75971e-06
9 44 2.68003e-06
9 45 9.21098e-07
9 46 3.15364e-07
9 47 1.07672e-07
9 48 3.67007e-08
9 49 1.25346e-08
9 50 4.40557e-09
9 51 1.92756e-09

10 1 1
10 2 1
10 3 1
10 4 1
10 5 1
10 6 1
10 7 1
10 8 1
10 9 1
10 10 1
10 11 1
10 12 1
10 13 1
10 14 1
10 15 1
10 16 1
10 17 1
10 18 0.999999
10 19 0.999998
10 20 0.999995
10 21 0.999987
10 22 0.999963
10 23 0.999896
10 24 0.999706
10 25 0.999163
10 26 0.997605
10 27 0.993134
10 28 0.980355
10 29 0.944579
10 30 0.850813
10 31 0.647262
10 32 0.367519
10 33 0.162961
10 34 0.0638133
10 35 0.0237492
10 36 0.0086635
10 37 0.00313252
10 38 0.00112638
10 39 0.000402913
10 40 0.000143289
10 41 5.06307e-05
10 42 1.77707e-05
10 43 6.19729e-06
10 44 2.14887e-06
10 45 7.41579e-07
10 46 2.54971e-07
10 47 8.74241e-08
10 48 2.99258e-08
10 49 1.02641e-08
10 50 3.6234e-09
10 51 1.5924e-09

11 1 1
11 2 1
11 3 1
11 4 1
11 5 1
11 6 1
11 7 1
11 8 1
11 9 1
11 10 1
11 11 1
11 12 1
11 13 1
11 14 1
11 15 1
11 16 1
11 17 0.999999
11 18 0.999999
11 19 0.999997
11 20 0.999992
11 21 0.999979
11 22 0.999942
11 23 0.99984
11 24 0.999552
11 25 0.998743
11 26 0.996455
11 27 0.989974
11 28 0.971765
11 29 0.922134
11 30 0.798858
11 31 0.560964
11 32 0.293279
11 33 0.12471
11 34 0.0481675
11 35 0.0178971
11 36 0.00654707
11 37 0.00237726
11 38 0.000858663
11 39 0.000308509
11 40 0.000110185
11 41 3.90967e-05
11 42 1.37801e-05
11 43 4.82634e-06
11 44 1.68098e-06
11 45 5.82781e-07
11 46 2.01317e-07
11 47 6.93545e-08
11 48 2.38523e-08
11 49 8.21927e-09
11 50 2.91562e-09
11 51 1.28764e-09

12 1 1
12 2 1
12 3 1
12 4 1
12 5 1
12 6 1
12 7 1
12 8 1
12 9 1
12 10 1
12 11 1
12 12 1
12 13 1
12 14 1
12 15 1
12 16 0.999999
12 17 1
12 18 0.999997
12 19 0.999996
12 20 0.999986
12 21 0.999965
12 22 0.999905
12 23 0.999742
12 24 0.999292
12 25 0.998042
12 26 0.994558
12 27 0.984851
12 28 0.958149
12 29 0.888001
12 30 0.726819
12 31 0.463058
12 32 0.224041
12 33 0.0920769
12 34 0.0352232
12 35 0.0130923
12 36 0.00480811
12 37 0.0017545
12 38 0.000636946
12 39 0.000229979
12 40 8.25292e-05
12 41 2.94205e-05
12 42 1.04184e-05
12 43 3.66653e-06
12 44 1.28338e-06
12 45 4.47213e-07
12 46 1.55289e-07
12 47 5.37757e-08
12 48 1.85897e-08
12 49 6.43853e-09
12 50 2.29602e-09
12 51 1.01941e-09

13 1 1
13 2 1
13 3 1
13 4 1
13 5 1
13 6 1
13 7 1
13 8 1
13 9 1
13 10 1
13 11 1
13 12 1
13 13 1
13 14 1
13 15 0.999999
13 16 1
13 17 0.999997
13 18 0.999998
13 19 0.999989
13 20 0.999978
13 21 0.999938
13 22 0.999839
13 23 0.999568
13 24 0.998837
13 25 0.996837
13 26 0.991354
13 27 0.976368
13 28 0.936295
13 29 0.836452
13 30 0.631722
13 31 0.36184
13 32 0.1638
13 33 0.0656238
13 34 0.0249666
13 35 0.00930147
13 36 0.00343295
13 37 0.00125981
13 38 0.000459946
13 39 0.000166975
13 40 6.0235e-05
13 41 2.1584e-05
13 42 7.6832e-06
13 43 2.71836e-06
13 44 9.56714e-07
13 45 3.35252e-07
13 46 1.17071e-07
13 47 4.07701e-08
13 48 1.41722e-08
13 49 4.93557e-09
13 50 1.77008e-09
13 51 7.90408e-10

14 1 1
14 2 1
14 3 1
14 4 1
14 5 1
14 6 1
14 7 1
14 8 1
14 9 1
14 10 1
14 11 1
14 12 1
14 13 1
14 14 0.999999
14 15 1
14 16 0.999997
14 17 1
14 18 0.99999
14 19 0.999985
14 20 0.999955
14 21 0.999892
14 22 0.999714
14 23 0.999254
14 24 0.998021
14 25 0.994715
14 26 0.985815
14 27 0.96207
14 28 0.901034
14 29 0.760606
14 30 0.516776
14 31 0.267072
14 32 0.114757
14 33 0.0451954
14 34 0.0171661
14 35 0.00642177
14 36 0.00238434
14 37 0.000880562
14 38 0.000323485
14 39 0.000118134
14 40 4.28608e-05
14 41 1.54455e-05
14 42 5.52956e-06
14 43 1.96784e-06
14 44 6.96723e-07
14 45 2.45633e-07
14 46 8.63005e-08
14 47 3.02363e-08
14 48 1.05732e-08
14 49 3.70384e-09
14 50 1.33643e-09
14 51 6.00418e-10

15 1 1
15 2 1
15 3 1
15 4 1
15 5 1
15 6 1
15 7 1
15 8 1
15 9 1
15 10 1
15 11 1
15 12 1
15 13 0.999999
15 14 1
15 15 0.999996
15 16 1
15 17 0.99999
15 18 0.99999
15 19 0.999963
15 20 0.999921
15 21 0.999793
15 22 0.999481
15 23 0.998661
15 24 0.996523
15 25 0.990884
15 26 0.976042
15 27 0.93769
15 28 0.844701
15 29 0.655195
15 30 0.393857
15 31 0.186488
15 32 0.0772167
15 33 0.0301205
15 34 0.0114597
15 35 0.00431167
15 36 0.00161196
15 37 0.000599486
15 38 0.000221713
15 39 8.14889e-05
15 40 2.97497e-05
15 41 1.07869e-05
15 42 3.88587e-06
15 43 1.39169e-06
15 44 4.95931e-07
15 45 1.75988e-07
15 46 6.22357e-08
15 47 2.19456e-08
15 48 7.72256e-09
15 49 2.72213e-09
15 50 9.88544e-10
15 51 4.47003e-10

16 1 1
16 2 1
16 3 1
16 4 1
16 5 1
16 6 1
16 7 1
16 8 1
16 9 1
16 10 1
16 11 1
16 12 0.999999
16 13 1
16 14 0.999997
16 15 1
16 16 0.99999
16 17 0.999992
16 18 0.999967
16 19 0.999937
16 20 0.999835
16 21 0.999607
16 22 0.999016
16 23 0.997526
16 24 0.993694
16 25 0.983816
16 26 0.958533
16 27 0.896146
16 28 0.757981
16 29 0.523523
16 30 0.279067
16 31 0.123709
16 32 0.0500438
16 33 0.0194567
16 34 0.00743583
16 35 0.00281765
16 36 0.00106156
16 37 0.000397789
16 38 0.000148182
16 39 5.48393e-05
16 40 2.0155e-05
16 41 7.3568e-06
16 42 2.66808e-06
16 43 9.62107e-07
16 44 3.45232e-07
16 45 1.23366e-07
16 46 4.39289e-08
16 47 1.55958e-08
16 48 5.52463e-09
16 49 1.96017e-09
16 50 7.16674e-10
16 51 3.26275e-10

17 1 1
17 2 1
17 3 1
17 4 1
17 5 1
17 6 1
17 7 1
17 8 1
17 9 1
17 10 1
17 11 0.999999
17 12 1
17 13 0.999997
17 14 1
17 15 0.99999
17 16 0.999992
17 17 0.999968
17 18 0.999944
17 19 0.999855
17 20 0.999675
17 21 0.999212
17 22 0.998091
17 23 0.995286
17 24 0.988244
17 25 0.970552
17 26 0.926998
17 27 0.826897
17 28 0.634778
17 29 0.382822
17 30 0.184748
17 31 0.0783857
17 32 0.0313332
17 33 0.0122027
17 34 0.004695
17 35 0.0017938
17 36 0.000681523
17 37 0.000257453
17 38 9.66422e-05
17 39 3.60287e-05
17 40 1.33368e-05
17 41 4.90296e-06
17 42 1.79102e-06
17 43 6.50579e-07
17 44 2.35173e-07
17 45 8.46572e-08
17 46 3.0365e-08
17 47 1.08572e-08
17 48 3.87285e-09
17 49 1.38354e-09
17 50 5.09448e-10
17 51 2.33584e-10

18 1 1
18 2 1
18 3 1
18 4 1
18 5 1
18 6 1
18 7 1
18 8 1
18 9 1
18 10 0.999999
18 11 0.999999
18 12 0.999997
18 13 0.999998
18 14 0.99999
18 15 0.99999
18 16 0.999967
18 17 0.999944
18 18 0.999861
18 19 0.999705
18 20 0.99931
18 21 0.998397
18 22 0.996179
18 23 0.990781
18 24 0.97755
18 25 0.945452
18 26 0.870966
18 27 0.718365
18 28 0.48323
18 29 0.256284
18 30 0.115292
18 31 0.0477084
18 32 0.0190085
18 33 0.00744327
18 34 0.00288812
18 35 0.00111361
18 36 0.000426909
18 37 0.00016265
18 38 6.15502e-05
18 39 2.3125e-05
18 40 8.62568e-06
18 41 3.19527e-06
18 42 1.17622e-06
18 43 4.30577e-07
18 44 1.5686e-07
18 45 5.69032e-08
18 46 2.05655e-08
18 47 7.40801e-09
18 48 2.66164e-09
18 49 9.57638e-10
18 50 3.55234e-10
18 51 1.64082e-10

19 1 1
19 2 1
19 3 1
19 4 1
19 5 1
19 6 1
19 7 1
19 8 0.999999
19 9 0.999999
19 10 0.999998
19 11 0.999997
19 12 0.999996
19 13 0.999989
19 14 0.999985
19 15 0.999963
19 16 0.999937
19 17 0.999855
19 18 0.999705
19 19 0.99934
19 20 0.998533
19 21 0.996634
19 22 0.992173
19 23 0.981553
19 24 0.956371
19 25 0.898358
19 26 0.776099
19 27 0.56813
19 28 0.330493
19 29 0.158823
19 30 0.0684818
19 31 0.0280351
19 32 0.0112035
19 33 0.00442299
19 34 0.00173299
19 35 0.000674826
19 36 0.000261152
19 37 0.000100387
19 38 3.83109e-05
19 39 1.45118e-05
19 40 5.45673e-06
19 41 2.03774e-06
19 42 7.56233e-07
19 43 2.79101e-07
19 44 1.02506e-07
19 45 3.74853e-08
19 46 1.36546e-08
19 47 4.95647e-09
19 48 1.79417e-09
19 49 6.50303e-10
19 50 2.4308e-10
19 51 1.13138e-10

20 1 0.999999
20 2 0.999999
20 3 0.999999
20 4 0.999999
20 5 0.999999
20 6 0.999999
20 7 0.999999
20 8 0.999998
20 9 0.999997
20 10 0.999995
20 11 0.999992
20 12 0.999986
20 13 0.999978
20 14 0.999955
20 15 0.999921
20 16 0.999835
20 17 0.999675
20 18 0.99931
20 19 0.998533
20 20 0.996774
20 21 0.992792
20 22 0.98362
20 23 0.962486
20 24 0.914689
20 25 0.81353
20 26 0.632153
20 27 0.398419
20 28 0.20485
20 29 0.0924763
20 30 0.0390565
20 31 0.0159761
20 32 0.00643095
20 33 0.0025645
20 34 0.00101556
20 35 0.000399574
20 36 0.000156152
20 37 6.05808e-05
20 38 2.33237e-05
20 39 8.9107e-06
20 40 3.37911e-06
20 41 1.27264e-06
20 42 4.76336e-07
20 43 1.77303e-07
20 44 6.56705e-08
20 45 2.4215e-08
20 46 8.89256e-09
20 47 3.2535e-09
20 48 1.18681e-09
20 49 4.33443e-10
20 50 1.63303e-10
20 51 7.66071e-11

21 1 0.999998
21 2 0.999998
21 3 0.999998
21 4 0.999998
21 5 0.999998
21 6 0.999997
21 7 0.999996
21 8 0.999994
21 9 0.999991
21 10 0.999987
21 11 0.999979
21 12 0.999965
21 13 0.999938
21 14 0.999892
21 15 0.999793
21 16 0.999607
21 17 0.999212
21 18 0.998397
21 19 0.996634
21 20 0.992792
21 21 0.984259
21 22 0.965235
21 23 0.923331
21 24 0.835699
21 25 0.675399
21 26 0.453034
21 27 0.247932
21 28 0.117372
21 29 0.0512974
21 30 0.0215391
21 31 0.00886089
21 32 0.00360283
21 33 0.00145302
21 34 0.000581905
21 35 0.000231412
21 36 9.13471e-05
21 37 3.57765e-05
21 38 1.39e-05
21 39 5.358e-06
21 40 2.04995e-06
21 41 7.78936e-07
21 42 2.94146e-07
21 43 1.10458e-07
21 44 4.12699e-08
21 45 1.53481e-08
21 46 5.68346e-09
21 47 2.0963e-09
21 48 7.7075e-10
21 49 2.83694e-10
21 50 1.07755e-10
21 51 5.09585e-11

22 1 0.999995
22 2 0.999995
22 3 0.999994
22 4 0.999994
22 5 0.999992
22 6 0.999991
22 7 0.999988
22 8 0.999983
22 9 0.999975
22 10 0.999963
22 11 0.999942
22 12 0.999905
22 13 0.999839
22 14 0.999714
22 15 0.999481
22 16 0.999016
22 17 0.998091
22 18 0.996179
22 19 0.992173
22 20 0.98362
22 21 0.965235
22 22 0.926033
22 23 0.845971
22 24 0.700041
22 25 0.49048
22 26 0.282743
22 27 0.140068
22 28 0.0634399
22 29 0.027407
22 30 0.011549
22 31 0.00479742
22 32 0.00197368
22 33 0.000805611
22 34 0.000326382
22 35 0.000131215
22 36 5.23269e-05
22 37 2.06939e-05
22 38 8.11598e-06
22 39 3.15755e-06
22 40 1.21926e-06
22 41 4.67583e-07
22 42 1.78199e-07
22 43 6.75283e-08
22 44 2.54566e-08
22 45 9.55023e-09
22 46 3.56669e-09
22 47 1.32648e-09
22 48 4.9166e-10
22 49 1.82417e-10
22 50 6.98662e-11
22 51 3.33144e-11

23 1 0.999985
23 2 0.999985
23 3 0.999983
23 4 0.999981
23 5 0.999978
23 6 0.999972
23 7 0.999964
23 8 0.999951
23 9 0.99993
23 10 0.999896
23 11 0.99984
23 12 0.999742
23 13 0.999568
23 14 0.999254
23 15 0.998661
23 16 0.997526
23 17 0.995286
23 18 0.990781
23 19 0.981553
23 20 0.962486
23 21 0.923331
23 22 0.845971
23 23 0.708014
23 24 0.509347
23 25 0.305214
23 26 0.157371
23 27 0.0738329
23 28 0.0328685
23 29 0.0142164
23 30 0.00604539
23 31 0.0025416
23 32 0.00105897
23 33 0.000437629
23 34 0.000179384
23 35 7.29112e-05
23 36 2.93781e-05
23 37 1.17339e-05
23 38 4.64666e-06
23 39 1.82519e-06
23 40 7.11542e-07
23 41 2.75481e-07
23 42 1.05983e-07
23 43 4.05369e-08
23 44 1.54213e-08
23 45 5.83712e-09
23 46 2.19893e-09
23 47 8.24723e-10
23 48 3.08206e-10
23 49 1.15287e-10
23 50 4.45321e-11
23 51 2.14139e-11

24 1 0.999956
24 2 0.999954
24 3 0.99995
24 4 0.999943
24 5 0.999933
24 6 0.999917
24 7 0.999893
24 8 0.999857
24 9 0.999799
24 10 0.999706
24 11 0.999552
24 12 0.999292
24 13 0.998837
24 14 0.998021
24 15 0.996523
24 16 0.993694
24 17 0.988244
24 18 0.97755
24 19 0.956371
24 20 0.914689
24 21 0.835699
24 22 0.700041
24 23 0.509347
24 24 0.312959
24 25 0.166724
24 26 0.0808597
24 27 0.0371178
24 28 0.0165065
24 29 0.00719947
24 30 0.00309884
24 31 0.00132013
24 32 0.000557278
24 33 0.000233184
24 34 9.67036e-05
24 35 3.97386e-05
24 36 1.61796e-05
24 37 6.52785e-06
24 38 2.61083e-06
24 39 1.03568e-06
24 40 4.07738e-07
24 41 1.59406e-07
24 42 6.192e-08
24 43 2.39087e-08
24 44 9.1801e-09
24 45 3.50626e-09
24 46 1.33252e-09
24 47 5.04065e-10
24 48 1.89953e-10
24 49 7.16447e-11
24 50 2.79154e-11
24 51 1.3539e-11

25 1 0.999865
25 2 0.99986
25 3 0.999848
25 4 0.999829
25 5 0.999799
25 6 0.999754
25 7 0.999686
25 8 0.999582
25 9 0.99942
25 10 0.999163
25 11 0.998743
25 12 0.998042
25 13 0.996837
25 14 0.994715
25 15 0.990884
25 16 0.983816
25 17 0.970552
25 18 0.945452
25 19 0.898358
25 20 0.81353
25 21 0.675399
25 22 0.49048
25 23 0.305214
25 24 0.166724
25 25 0.0833451
25 26 0.0394488
25 27 0.0180607
25 28 0.00809397
25 29 0.0035733
25 30 0.00155906
25 31 0.0006733
25 32 0.000287974
25 33 0.000121991
25 34 5.11789e-05
25 35 2.12622e-05
25 36 8.74838e-06
25 37 3.56606e-06
25 38 1.44082e-06
25 39 5.77355e-07
25 40 2.29592e-07
25 41 9.06558e-08
25 42 3.55606e-08
25 43 1.3863e-08
25 44 5.37298e-09
25 45 2.07099e-09
25 46 7.94093e-10
25 47 3.03003e-10
25 48 1.15156e-10
25 49 4.38002e-11
25 50 1.72173e-11
25 51 8.42332e-12

26 1 0.99959
26 2 0.999574
26 3 0.99954
26 4 0.999484
26 5 0.999397
26 6 0.999267
26 7 0.999071
26 8 0.998776
26 9 0.998321
26 10 0.997605
26 11 0.996455
26 12 0.994558
26 13 0.991354
26 14 0.985815
26 15 0.976042
26 16 0.958533
26 17 0.926998
26 18 0.870966
26 19 0.776099
26 20 0.632153
26 21 0.453034
26 22 0.282743
26 23 0.157371
26 24 0.0808597
26 25 0.0394488
26 26 0.0186117
26 27 0.00858374
26 28 0.00389356
26 29 0.00174282
26 30 0.000771184
26 31 0.000337611
26 32 0.000146268
26 33 6.27152e-05
26 34 2.66125e-05
26 35 1.11773e-05
26 36 4.64796e-06
26 37 1.91451e-06
26 38 7.81587e-07
26 39 3.16435e-07
26 40 1.27125e-07
26 41 5.07039e-08
26 42 2.00867e-08
26 43 7.90676e-09
26 44 3.09357e-09
26 45 1.20344e-09
26 46 4.65605e-10
26 47 1.79224e-10
26 48 6.86998e-11
26 49 2.63541e-11
26 50 1.04525e-11
26 51 5.15895e-12

27 1 0.998752
27 2 0.998705
27 3 0.998606
27 4 0.99844
27 5 0.998188
27 6 0.99781
27 7 0.997249
27 8 0.996408
27 9 0.995126
27 10 0.993134
27 11 0.989974
27 12 0.984851
27 13 0.976368
27 14 0.96207
27 15 0.93769
27 16 0.896146
27 17 0.826897
27 18 0.718365
27 19 0.56813
27 20 0.398419
27 21 0.247932
27 22 0.140068
27 23 0.0738329
27 24 0.0371178
27 25 0.0180607
27 26 0.00858374
27 27 0.00400682
27 28 0.00184297
27 29 0.000836843
27 30 0.000375508
27 31 0.00016659
27 32 7.30829e-05
27 33 3.17077e-05
27 34 1.36071e-05
27 35 5.77769e-06
27 36 2.42843e-06
27 37 1.01094e-06
27 38 4.17076e-07
27 39 1.70631e-07
27 40 6.92609e-08
27 41 2.79067e-08
27 42 1.1166e-08
27 43 4.43832e-09
27 44 1.75311e-09
27 45 6.88337e-10
27 46 2.68735e-10
27 47 1.04361e-10
27 48 4.03509e-11
27 49 1.56131e-11
27 50 6.24878e-12
27 51 3.11169e-12

28 1 0.996205
28 2 0.996068
28 3 0.995776
28 4 0.995293
28 5 0.994557
28 6 0.993466
28 7 0.991855
28 8 0.989464
28 9 0.985865
28 10 0.980355
28 11 0.971765
28 12 0.958149
28 13 0.936295
28 14 0.901034
28 15 0.844701
28 16 0.757981
28 17 0.634778
28 18 0.48323
28 19 0.330493
28 20 0.20485
28 21 0.117372
28 22 0.0634399
28 23 0.0328685
28 24 0.0165065
28 25 0.00809397
28 26 0.00389356
28 27 0.00184297
28 28 0.000859989
28 29 0.000396068
28 30 0.000180148
28 31 8.09515e-05
28 32 3.59462e-05
28 33 1.57767e-05
28 34 6.84644e-06
28 35 2.93898e-06
28 36 1.2487e-06
28 37 5.25434e-07
28 38 2.19097e-07
28 39 9.05854e-08
28 40 3.71535e-08
28 41 1.51235e-08
28 42 6.11198e-09
28 43 2.45327e-09
28 44 9.78321e-10
28 45 3.87724e-10
28 46 1.52756e-10
28 47 5.98511e-11
28 48 2.33438e-11
28 49 9.11137e-12
28 50 3.68017e-12
28 51 1.8491e-12

29 1 0.988496
29 2 0.988094
29 3 0.987244
29 4 0.985845
29 5 0.983722
29 6 0.980596
29 7 0.976028
29 8 0.969328
29 9 0.959415
29 10 0.944579
29 11 0.922134
29 12 0.888001
29 13 0.836452
29 14 0.760606
29 15 0.655195
29 16 0.523523
29 17 0.382822
29 18 0.256284
29 19 0.158823
29 20 0.0924763
29 21 0.0512974
29 22 0.027407
29 23 0.0142164
29 24 0.00719947
29 25 0.0035733
29 26 0.00174282
29 27 0.000836843
29 28 0.000396068
29 29 0.000184915
29 30 8.52048e-05
29 31 3.87618e-05
29 32 1.74155e-05
29 33 7.73093e-06
29 34 3.39237e-06
29 35 1.47232e-06
29 36 6.32407e-07
29 37 2.69003e-07
29 38 1.13379e-07
29 39 4.73757e-08
29 40 1.96346e-08
29 41 8.07442e-09
29 42 3.29601e-09
29 43 1.33599e-09
29 44 5.37891e-10
29 45 2.15177e-10
29 46 8.5554e-11
29 47 3.38215e-11
29 48 1.33076e-11
29 49 5.23985e-12
29 50 2.13607e-12
29 51 1.08299e-12

30 1 0.965482
30 2 0.964333
30 3 0.961912
30 4 0.957952
30 5 0.952001
30 6 0.943347
30 7 0.930906
30 8 0.913057
30 9 0.887452
30 10 0.850813
30 11 0.798858
30 12 0.726819
30 13 0.631722
30 14 0.516776
30 15 0.393857
30 16 0.279067
30 17 0.184748
30 18 0.115292
30 19 0.0684818
30 20 0.0390565
30 21 0.0215391
30 22 0.011549
30 23 0.00604539
30 24 0.00309884
30 25 0.00155906
30 26 0.000771184
30 27 0.000375508
30 28 0.000180148
30 29 8.52048e-05
30 30 3.97495e-05
30 31 1.82988e-05
30 32 8.31648e-06
30 33 3.73349e-06
30 34 1.65656e-06
30 35 7.26933e-07
30 36 3.15683e-07
30 37 1.35749e-07
30 38 5.78341e-08
30 39 2.44235e-08
30 40 1.02281e-08
30 41 4.24933e-09
30 42 1.75203e-09
30 43 7.17144e-10
30 44 2.91512e-10
30 45 1.17713e-10
30 46 4.72332e-11
30 47 1.88405e-11
30 48 7.47869e-12
30 49 2.9708e-12
30 50 1.2224e-12
30 51 6.25399e-13

31 1 0.899822
31 2 0.896745
31 3 0.890309
31 4 0.879917
31 5 0.864606
31 6 0.842958
31 7 0.813008
31 8 0.772213
31 9 0.717716
31 10 0.647262
31 11 0.560964
31 12 0.463058
31 13 0.36184
31 14 0.267072
31 15 0.186488
31 16 0.123709
31 17 0.0783857
31 18 0.0477084
31 19 0.0280351
31 20 0.0159761
31 21 0.00886089
31 22 0.00479742
31 23 0.0025416
31 24 0.00132013
31 25 0.0006733
31 26 0.000337611
31 27 0.00016659
31 28 8.09515e-05
31 29 3.87618e-05
31 30 1.82988e-05
31 31 8.52152e-06
31 32 3.9169e-06
31 33 1.77817e-06
31 34 7.97796e-07
31 35 3.53984e-07
31 36 1.55422e-07
31 37 6.75657e-08
31 38 2.90965e-08
31 39 1.24181e-08
31 40 5.25475e-09
31 41 2.20546e-09
31 42 9.18447e-10
31 43 3.79633e-10
31 44 1.55801e-10
31 45 6.35051e-11
31 46 2.57165e-11
31 47 1.03504e-11
31 48 4.14503e-12
31 49 1.6612e-12
31 50 6.89971e-13
31 51 3.56223e-13

32 1 0.736069
32 2 0.729379
32 3 0.715602
32 4 0.693983
32 5 0.663513
32 6 0.623158
32 7 0.572279
32 8 0.511198
32 9 0.441761
32 10 0.367519
32 11 0.293279
32 12 0.224041
32 13 0.1638
32 14 0.114757
32 15 0.0772167
32 16 0.0500438
32 17 0.0313332
32 18 0.0190085
32 19 0.0112035
32 20 0.00643095
32 21 0.00360283
32 22 0.00197368
32 23 0.00105897
32 24 0.000557278
32 25 0.000287974
32 26 0.000146268
32 27 7.30829e-05
32 28 3.59462e-05
32 29 1.74155e-05
32 30 8.31648e-06
32 31 3.9169e-06
32 32 1.82068e-06
32 33 8.35816e-07
32 34 3.79194e-07
32 35 1.70122e-07
32 36 7.55195e-08
32 37 3.31883e-08
32 38 1.44459e-08
32 39 6.23058e-09
32 40 2.66387e-09
32 41 1.12944e-09
32 42 4.75047e-10
32 43 1.9828e-10
32 44 8.21551e-11
32 45 3.38015e-11
32 46 1.38141e-11
32 47 5.61011e-12
32 48 2.26665e-12
32 49 9.16516e-13
32 50 3.8427e-13
32 51 2.00208e-13

33 1 0.453134
33 2 0.445058
33 3 0.428983
33 4 0.405143
33 5 0.374076
33 6 0.336778
33 7 0.2948
33 8 0.250227
33 9 0.205476
33 10 0.162961
33 11 0.12471
33 12 0.0920769
33 13 0.0656238
33 14 0.0451954
33 15 0.0301205
33 16 0.0194567
33 17 0.0122027
33 18 0.00744327
33 19 0.00442299
33 20 0.0025645
33 21 0.00145302
33 22 0.000805611
33 23 0.000437629
33 24 0.000233184
33 25 0.000121991
33 26 6.27152e-05
33 27 3.17077e-05
33 28 1.57767e-05
33 29 7.73093e-06
33 30 3.73349e-06
33 31 1.77817e-06
33 32 8.35816e-07
33 33 3.87996e-07
33 34 1.77993e-07
33 35 8.0741e-08
33 36 3.62358e-08
33 37 1.60971e-08
33 38 7.08143e-09
33 39 3.08634e-09
33 40 1.33318e-09
33 41 5.70976e-10
33 42 2.42543e-10
33 43 1.02223e-10
33 44 4.27601e-11
33 45 1.77581e-11
33 46 7.32417e-12
33 47 3.0013e-12
33 48 1.2234e-12
33 49 4.99108e-13
33 50 2.11248e-13
33 51 1.11069e-13

34 1 0.207578
34 2 0.202739
34 3 0.193294
34 4 0.179726
34 5 0.162763
34 6 0.143365
34 7 0.122651
34 8 0.101794
34 9 0.0818867
34 10 0.0638133
34 11 0.0481675
34 12 0.0352232
34 13 0.0249666
34 14 0.0171661
34 15 0.0114597
34 16 0.00743583
34 17 0.004695
34 18 0.00288812
34 19 0.00173299
34 20 0.00101556
34 21 0.000581905
34 22 0.000326382
34 23 0.000179384
34 24 9.67036e-05
34 25 5.11789e-05
34 26 2.66125e-05
34 27 1.36071e-05
34 28 6.84644e-06
34 29 3.39237e-06
34 30 1.65656e-06
34 31 7.97796e-07
34 32 3.79194e-07
34 33 1.77993e-07
34 34 8.25617e-08
34 35 3.78644e-08
34 36 1.71784e-08
34 37 7.71322e-09
34 38 3.42914e-09
34 39 1.51011e-09
34 40 6.58992e-10
34 41 2.85076e-10
34 42 1.22294e-10
34 43 5.20428e-11
34 44 2.19771e-11
34 45 9.21235e-12
34 46 3.83442e-12
34 47 1.58543e-12
34 48 6.52008e-13
34 49 2.6838e-13
34 50 1.14673e-13
34 51 6.08429e-14

35 1 0.081084
35 2 0.0790256
35 3 0.0750382
35 4 0.069376
35 5 0.0624029
35 6 0.0545649
35 7 0.0463462
35 8 0.038217
35 9 0.0305835
35 10 0.0237492
35 11 0.0178971
35 12 0.0130923
35 13 0.00930147
35 14 0.00642177
35 15 0.00431167
35 16 0.00281765
35 17 0.0017938
35 18 0.00111361
35 19 0.000674826
35 20 0.000399574
35 21 0.000231412
35 22 0.000131215
35 23 7.29112e-05
35 24 3.97386e-05
35 25 2.12622e-05
35 26 1.11773e-05
35 27 5.77769e-06
35 28 2.93898e-06
35 29 1.47232e-06
35 30 7.26933e-07
35 31 3.53984e-07
35 32 1.70122e-07
35 33 8.0741e-08
35 34 3.78644e-08
35 35 1.75549e-08
35 36 8.05025e-09
35 37 3.65309e-09
35 38 1.64112e-09
35 39 7.30172e-10
35 40 3.21874e-10
35 41 1.40632e-10
35 42 6.09217e-11
35 43 2.61758e-11
35 44 1.11586e-11
35 45 4.721e-12
35 46 1.98297e-12
35 47 8.27278e-13
35 48 3.43239e-13
35 49 1.4255e-13
35 50 6.14884e-14
35 51 3.29217e-14

36 1 0.0296751
36 2 0.0289075
36 3 0.0274239
36 4 0.0253244
36 5 0.0227501
36 6 0.0198705
36 7 0.0168655
36 8 0.0139063
36 9 0.0111371
36 10 0.0086635
36 11 0.00654707
36 12 0.00480811
36 13 0.00343295
36 14 0.00238434
36 15 0.00161196
36 16 0.00106156
36 17 0.000681523
36 18 0.000426909
36 19 0.000261152
36 20 0.000156152
36 21 9.13471e-05
36 22 5.23269e-05
36 23 2.93781e-05
36 24 1.61796e-05
36 25 8.74838e-06
36 26 4.64796e-06
36 27 2.42843e-06
36 28 1.2487e-06
36 29 6.32407e-07
36 30 3.15683e-07
36 31 1.55422e-07
36 32 7.55195e-08
36 33 3.62358e-08
36 34 1.71784e-08
36 35 8.05025e-09
36 36 3.73099e-09
36 37 1.71088e-09
36 38 7.7657e-10
36 39 3.49045e-10
36 40 1.55415e-10
36 41 6.85758e-11
36 42 2.99966e-11
36 43 1.3012e-11
36 44 5.59922e-12
36 45 2.39088e-12
36 46 1.01339e-12
36 47 4.26566e-13
36 48 1.78551e-13
36 49 7.48172e-14
36 50 3.25792e-14
36 51 1.76015e-14

37 1 0.0105935
37 2 0.0103207
37 3 0.00979361
37 4 0.00904809
37 5 0.00813447
37 6 0.00711286
37 7 0.00604688
37 8 0.00499668
37 9 0.0040129
37 10 0.00313252
37 11 0.00237726
37 12 0.0017545
37 13 0.00125981
37 14 0.000880562
37 15 0.000599486
37 16 0.000397789
37 17 0.000257453
37 18 0.00016265
37 19 0.000100387
37 20 6.05808e-05
37 21 3.57765e-05
37 22 2.06939e-05
37 23 1.17339e-05
37 24 6.52785e-06
37 25 3.56606e-06
37 26 1.91451e-06
37 27 1.01094e-06
37 28 5.25434e-07
37 29 2.69003e-07
37 30 1.35749e-07
37 31 6.75657e-08
37 32 3.31883e-08
37 33 1.60971e-08
37 34 7.71322e-09
37 35 3.65309e-09
37 36 1.71088e-09
37 37 7.92691e-10
37 38 3.63491e-10
37 39 1.6503e-10
37 40 7.42129e-11
37 41 3.30675e-11
37 42 1.46043e-11
37 43 6.39537e-12
37 44 2.77777e-12
37 45 1.19704e-12
37 46 5.11971e-13
37 47 2.17425e-13
37 48 9.18124e-14
37 49 3.88151e-14
37 50 1.70625e-14
37 51 9.30135e-15

38 1 0.00374246
38 2 0.00364726
38 3 0.00346328
38 4 0.0032029
38 5 0.00288355
38 6 0.00252605
38 7 0.00215245
38 8 0.00178364
38 9 0.00143729
38 10 0.00112638
38 11 0.000858663
38 12 0.000636946
38 13 0.000459946
38 14 0.000323485
38 15 0.000221713
38 16 0.000148182
38 17 9.66422e-05
38 18 6.15502e-05
38 19 3.83109e-05
38 20 2.33237e-05
38 21 1.39e-05
38 22 8.11598e-06
38 23 4.64666e-06
38 24 2.61083e-06
38 25 1.44082e-06
38 26 7.81587e-07
38 27 4.17076e-07
38 28 2.19097e-07
38 29 1.13379e-07
38 30 5.78341e-08
38 31 2.90965e-08
38 32 1.44459e-08
38 33 7.08143e-09
38 34 3.42914e-09
38 35 1.64112e-09
38 36 7.7657e-10
38 37 3.63491e-10
38 38 1.68368e-10
38 39 7.72052e-11
38 40 3.50609e-11
38 41 1.57741e-11
38 42 7.0334e-12
38 43 3.10906e-12
38 44 1.36294e-12
38 45 5.92714e-13
38 46 2.55785e-13
38 47 1.09591e-13
38 48 4.66836e-14
38 49 1.99116e-14
38 50 8.83548e-15
38 51 4.85938e-15

39 1 0.00131407
39 2 0.00128113
39 3 0.00121744
39 4 0.00112721
39 5 0.00101642
39 6 0.000892189
39 7 0.0007621
39 8 0.000633368
39 9 0.000512123
39 10 0.000402913
39 11 0.000308509
39 12 0.000229979
39 13 0.000166975
39 14 0.000118134
39 15 8.14889e-05
39 16 5.48393e-05
39 17 3.60287e-05
39 18 2.3125e-05
39 19 1.45118e-05
39 20 8.9107e-06
39 21 5.358e-06
39 22 3.15755e-06
39 23 1.82519e-06
39 24 1.03568e-06
39 25 5.77355e-07
39 26 3.16435e-07
39 27 1.70631e-07
39 28 9.05854e-08
39 29 4.73757e-08
39 30 2.44235e-08
39 31 1.24181e-08
39 32 6.23058e-09
39 33 3.08634e-09
39 34 1.51011e-09
39 35 7.30172e-10
39 36 3.49045e-10
39 37 1.6503e-10
39 38 7.72052e-11
39 39 3.5752e-11
39 40 1.63942e-11
39 41 7.44679e-12
39 42 3.35189e-12
39 43 1.49554e-12
39 44 6.61652e-13
39 45 2.90351e-13
39 46 1.26421e-13
39 47 5.46423e-14
39 48 2.34797e-14
39 49 1.01029e-14
39 50 4.52491e-15
39 51 2.51038e-15

40 1 0.000458868
40 2 0.000447538
40 3 0.000425616
40 4 0.000394534
40 5 0.000356315
40 6 0.000313387
40 7 0.00026834
40 8 0.000223651
40 9 0.000181439
40 10 0.000143289
40 11 0.000110185
40 12 8.25292e-05
40 13 6.0235e-05
40 14 4.28608e-05
40 15 2.97497e-05
40 16 2.0155e-05
40 17 1.33368e-05
40 18 8.62568e-06
40 19 5.45673e-06
40 20 3.37911e-06
40 21 2.04995e-06
40 22 1.21926e-06
40 23 7.11542e-07
40 24 4.07738e-07
40 25 2.29592e-07
40 26 1.27125e-07
40 27 6.92609e-08
40 28 3.71535e-08
40 29 1.96346e-08
40 30 1.02281e-08
40 31 5.25475e-09
40 32 2.66387e-09
40 33 1.33318e-09
40 34 6.58992e-10
40 35 3.21874e-10
40 36 1.55415e-10
40 37 7.42129e-11
40 38 3.50609e-11
40 39 1.63942e-11
40 40 7.58998e-12
40 41 3.48042e-12
40 42 1.58129e-12
40 43 7.1207e-13
40 44 3.1791e-13
40 45 1.40764e-13
40 46 6.18331e-14
40 47 2.69594e-14
40 48 1.16845e-14
40 49 5.0715e-15
40 50 2.29226e-15
40 51 1.28251e-15

41 1 0.000159266
41 2 0.000155392
41 3 0.000147893
41 4 0.00013725
41 5 0.000124146
41 6 0.000109402
41 7 9.38975e-05
41 8 7.84792e-05
41 9 6.38737e-05
41 10 5.06307e-05
41 11 3.90967e-05
41 12 2.94205e-05
41 13 2.1584e-05
41 14 1.54455e-05
41 15 1.07869e-05
41 16 7.3568e-06
41 17 4.90296e-06
41 18 3.19527e-06
41 19 2.03774e-06
41 20 1.27264e-06
41 21 7.78936e-07
41 22 4.67583e-07
41 23 2.75481e-07
41 24 1.59406e-07
41 25 9.06558e-08
41 26 5.07039e-08
41 27 2.79067e-08
41 28 1.51235e-08
41 29 8.07442e-09
41 30 4.24933e-09
41 31 2.20546e-09
41 32 1.12944e-09
41 33 5.70976e-10
41 34 2.85076e-10
41 35 1.40632e-10
41 36 6.85758e-11
41 37 3.30675e-11
41 38 1.57741e-11
41 39 7.44679e-12
41 40 3.48042e-12
41 41 1.61096e-12
41 42 7.3872e-13
41 43 3.35703e-13
41 44 1.51233e-13
41 45 6.756e-14
41 46 2.99377e-14
41 47 1.31658e-14
41 48 5.75488e-15
41 49 2.51915e-15
41 50 1.14874e-15
41 51 6.47896e-16

42 1 5.49113e-05
42 2 5.3596e-05
42 3 5.10482e-05
42 4 4.74288e-05
42 5 4.29662e-05
42 6 3.79367e-05
42 7 3.26373e-05
42 8 2.73543e-05
42 9 2.23358e-05
42 10 1.77707e-05
42 11 1.37801e-05
42 12 1.04184e-05
42 13 7.6832e-06
42 14 5.52956e-06
42 15 3.88587e-06
42 16 2.66808e-06
42 17 1.79102e-06
42 18 1.17622e-06
42 19 7.56233e-07
42 20 4.76336e-07
42 21 2.94146e-07
42 22 1.78199e-07
42 23 1.05983e-07
42 24 6.192e-08
42 25 3.55606e-08
42 26 2.00867e-08
42 27 1.1166e-08
42 28 6.11198e-09
42 29 3.29601e-09
42 30 1.75203e-09
42 31 9.18447e-10
42 32 4.75047e-10
42 33 2.42543e-10
42 34 1.22294e-10
42 35 6.09217e-11
42 36 2.99966e-11
42 37 1.46043e-11
42 38 7.0334e-12
42 39 3.35189e-12
42 40 1.58129e-12
42 41 7.3872e-13
42 42 3.41855e-13
42 43 1.56761e-13
42 44 7.12524e-14
42 45 3.21111e-14
42 46 1.43528e-14
42 47 6.36572e-15
42 48 2.80574e-15
42 49 1.23833e-15
42 50 5.69419e-16
42 51 3.23537e-16

43 1 1.88029e-05
43 2 1.83596e-05
43 3 1.75003e-05
43 4 1.62785e-05
43 5 1.477e-05
43 6 1.30669e-05
43 7 1.12687e-05
43 8 9.47168e-06
43 9 7.75971e-06
43 10 6.19729e-06
43 11 4.82634e-06
43 12 3.66653e-06
43 13 2.71836e-06
43 14 1.96784e-06
43 15 1.39169e-06
43 16 9.62107e-07
43 17 6.50579e-07
43 18 4.30577e-07
43 19 2.79101e-07
43 20 1.77303e-07
43 21 1.10458e-07
43 22 6.75283e-08
43 23 4.05369e-08
43 24 2.39087e-08
43 25 1.3863e-08
43 26 7.90676e-09
43 27 4.43832e-09
43 28 2.45327e-09
43 29 1.33599e-09
43 30 7.17144e-10
43 31 3.79633e-10
43 32 1.9828e-10
43 33 1.02223e-10
43 34 5.20428e-11
43 35 2.61758e-11
43 36 1.3012e-11
43 37 6.39537e-12
43 38 3.10906e-12
43 39 1.49554e-12
43 40 7.1207e-13
43 41 3.35703e-13
43 42 1.56761e-13
43 43 7.25281e-14
43 44 3.32576e-14
43 45 1.51185e-14
43 46 6.81528e-15
43 47 3.04786e-15
43 48 1.3542e-15
43 49 6.02347e-16
43 50 2.79083e-16
43 51 1.59588e-16

44 1 6.39698e-06
44 2 6.24868e-06
44 3 5.96104e-06
44 4 5.5516e-06
44 5 5.04537e-06
44 6 4.47284e-06
44 7 3.867e-06
44 8 3.26002e-06
44 9 2.68003e-06
44 10 2.14887e-06
44 11 1.68098e-06
44 12 1.28338e-06
44 13 9.56714e-07
44 14 6.96723e-07
44 15 4.95931e-07
44 16 3.45232e-07
44 17 2.35173e-07
44 18 1.5686e-07
44 19 1.02506e-07
44 20 6.56705e-08
44 21 4.12699e-08
44 22 2.54566e-08
44 23 1.54213e-08
44 24 9.1801e-09
44 25 5.37298e-09
44 26 3.09357e-09
44 27 1.75311e-09
44 28 9.78321e-10
44 29 5.37891e-10
44 30 2.91512e-10
44 31 1.55801e-10
44 32 8.21551e-11
44 33 4.27601e-11
44 34 2.19771e-11
44 35 1.11586e-11
44 36 5.59922e-12
44 37 2.77777e-12
44 38 1.36294e-12
44 39 6.61652e-13
44 40 3.1791e-13
44 41 1.51233e-13
44 42 7.12524e-14
44 43 3.32576e-14
44 44 1.5383e-14
44 45 7.05276e-15
44 46 3.20582e-15
44 47 1.4452e-15
44 48 6.47015e-16
44 49 2.89825e-16
44 50 1.35145e-16
44 51 7.76608e-17

45 1 2.16418e-06
45 2 2.1149e-06
45 3 2.01926e-06
45 4 1.88296e-06
45 5 1.7142e-06
45 6 1.52298e-06
45 7 1.32016e-06
45 8 1.11641e-06
45 9 9.21098e-07
45 10 7.41579e-07
45 11 5.82781e-07
45 12 4.47213e-07
45 13 3.35252e-07
45 14 2.45633e-07
45 15 1.75988e-07
45 16 1.23366e-07
45 17 8.46572e-08
45 18 5.69032e-08
45 19 3.74853e-08
45 20 2.4215e-08
45 21 1.53481e-08
45 22 9.55023e-09
45 23 5.83712e-09
45 24 3.50626e-09
45 25 2.07099e-09
45 26 1.20344e-09
45 27 6.88337e-10
45 28 3.87724e-10
45 29 2.15177e-10
45 30 1.17713e-10
45 31 6.35051e-11
45 32 3.38015e-11
45 33 1.77581e-11
45 34 9.21235e-12
45 35 4.721e-12
45 36 2.39088e-12
45 37 1.19704e-12
45 38 5.92714e-13
45 39 2.90351e-13
45 40 1.40764e-13
45 41 6.756e-14
45 42 3.21111e-14
45 43 1.51185e-14
45 44 7.05276e-15
45 45 3.26051e-15
45 46 1.49398e-15
45 47 6.78609e-16
45 48 3.05916e-16
45 49 1.37851e-16
45 50 6.45794e-17
45 51 3.72162e-17

46 1 7.2893e-07
46 2 7.12646e-07
46 3 6.8102e-07
46 4 6.35902e-07
46 5 5.79947e-07
46 6 5.16417e-07
46 7 4.48872e-07
46 8 3.80818e-07
46 9 3.15364e-07
46 10 2.54971e-07
46 11 2.01317e-07
46 12 1.55289e-07
46 13 1.17071e-07
46 14 8.63005e-08
46 15 6.22357e-08
46 16 4.39289e-08
46 17 3.0365e-08
46 18 2.05655e-08
46 19 1.36546e-08
46 20 8.89256e-09
46 21 5.68346e-09
46 22 3.56669e-09
46 23 2.19893e-09
46 24 1.33252e-09
46 25 7.94093e-10
46 26 4.65605e-10
46 27 2.68735e-10
46 28 1.52756e-10
46 29 8.5554e-11
46 30 4.72332e-11
46 31 2.57165e-11
46 32 1.38141e-11
46 33 7.32417e-12
46 34 3.83442e-12
46 35 1.98297e-12
46 36 1.01339e-12
46 37 5.11971e-13
46 38 2.55785e-13
46 39 1.26421e-13
46 40 6.18331e-14
46 41 2.99377e-14
46 42 1.43528e-14
46 43 6.81528e-15
46 44 3.20582e-15
46 45 1.49398e-15
46 46 6.89747e-16
46 47 3.15468e-16
46 48 1.4305e-16
46 49 6.47428e-17
46 50 3.03985e-17
46 51 1.75191e-17

47 1 2.44734e-07
47 2 2.39376e-07
47 3 2.28962e-07
47 4 2.14087e-07
47 5 1.95609e-07
47 6 1.74586e-07
47 7 1.52176e-07
47 8 1.2953e-07
47 9 1.07672e-07
47 10 8.74241e-08
47 11 6.93545e-08
47 12 5.37757e-08
47 13 4.07701e-08
47 14 3.02363e-08
47 15 2.19456e-08
47 16 1.55958e-08
47 17 1.08572e-08
47 18 7.40801e-09
47 19 4.95647e-09
47 20 3.2535e-09
47 21 2.0963e-09
47 22 1.32648e-09
47 23 8.24723e-10
47 24 5.04065e-10
47 25 3.03003e-10
47 26 1.79224e-10
47 27 1.04361e-10
47 28 5.98511e-11
47 29 3.38215e-11
47 30 1.88405e-11
47 31 1.03504e-11
47 32 5.61011e-12
47 33 3.0013e-12
47 34 1.58543e-12
47 35 8.27278e-13
47 36 4.26566e-13
47 37 2.17425e-13
47 38 1.09591e-13
47 39 5.46423e-14
47 40 2.69594e-14
47 41 1.31658e-14
47 42 6.36572e-15
47 43 3.04786e-15
47 44 1.4452e-15
47 45 6.78609e-16
47 46 3.15468e-16
47 47 1.45134e-16
47 48 6.60998e-17
47 49 2.99814e-17
47 50 1.40639e-17
47 51 8.07641e-18

48 1 8.20211e-08
48 2 8.02625e-08
48 3 7.68418e-08
48 4 7.195e-08
48 5 6.58628e-08
48 6 5.8922e-08
48 7 5.15042e-08
48 8 4.39845e-08
48 9 3.67007e-08
48 10 2.99258e-08
48 11 2.38523e-08
48 12 1.85897e-08
48 13 1.41722e-08
48 14 1.05732e-08
48 15 7.72256e-09
48 16 5.52463e-09
48 17 3.87285e-09
48 18 2.66164e-09
48 19 1.79417e-09
48 20 1.18681e-09
48 21 7.7075e-10
48 22 4.9166e-10
48 23 3.08206e-10
48 24 1.89953e-10
48 25 1.15156e-10
48 26 6.86998e-11
48 27 4.03509e-11
48 28 2.33438e-11
48 29 1.33076e-11
48 30 7.47869e-12
48 31 4.14503e-12
48 32 2.26665e-12
48 33 1.2234e-12
48 34 6.52008e-13
48 35 3.43239e-13
48 36 1.78551e-13
48 37 9.18124e-14
48 38 4.66836e-14
48 39 2.34797e-14
48 40 1.16845e-14
48 41 5.75488e-15
48 42 2.80574e-15
48 43 1.3542e-15
48 44 6.47015e-16
48 45 3.05916e-16
48 46 1.4305e-16
48 47 6.60998e-17
48 48 3.01724e-17
48 49 1.3675e-17
48 50 6.38259e-18
48 51 3.63567e-18

49 1 2.75422e-08
49 2 2.69642e-08
49 3 2.58392e-08
49 4 2.42282e-08
49 5 2.22202e-08
49 6 1.99255e-08
49 7 1.74664e-08
49 8 1.49657e-08
49 9 1.25346e-08
49 10 1.02641e-08
49 11 8.21927e-09
49 12 6.43853e-09
49 13 4.93557e-09
49 14 3.70384e-09
49 15 2.72213e-09
49 16 1.96017e-09
49 17 1.38354e-09
49 18 9.57638e-10
49 19 6.50303e-10
49 20 4.33443e-10
49 21 2.83694e-10
49 22 1.82417e-10
49 23 1.15287e-10
49 24 7.16447e-11
49 25 4.38002e-11
49 26 2.63541e-11
49 27 1.56131e-11
49 28 9.11137e-12
49 29 5.23985e-12
49 30 2.9708e-12
49 31 1.6612e-12
49 32 9.16516e-13
49 33 4.99108e-13
49 34 2.6838e-13
49 35 1.4255e-13
49 36 7.48172e-14
49 37 3.88151e-14
49 38 1.99116e-14
49 39 1.01029e-14
49 40 5.0715e-15
49 41 2.51915e-15
49 42 1.23833e-15
49 43 6.02347e-16
49 44 2.89825e-16
49 45 1.37851e-16
49 46 6.47428e-17
49 47 2.99814e-17
49 48 1.3675e-17
49 49 6.16824e-18
49 50 2.84898e-18
49 51 1.60011e-18

50 1 9.51088e-09
50 2 9.31582e-09
50 3 8.93584e-09
50 4 8.39103e-09
50 5 7.71068e-09
50 6 6.93138e-09
50 7 6.09392e-09
50 8 5.23943e-09
50 9 4.40557e-09
50 10 3.6234e-09
50 11 2.91562e-09
50 12 2.29602e-09
50 13 1.77008e-09
50 14 1.33643e-09
50 15 9.88544e-10
50 16 7.16674e-10
50 17 5.09448e-10
50 18 3.55234e-10
50 19 2.4308e-10
50 20 1.63303e-10
50 21 1.07755e-10
50 22 6.98662e-11
50 23 4.45321e-11
50 24 2.79154e-11
50 25 1.72173e-11
50 26 1.04525e-11
50 27 6.24878e-12
50 28 3.68017e-12
50 29 2.13607e-12
50 30 1.2224e-12
50 31 6.89971e-13
50 32 3.8427e-13
50 33 2.11248e-13
50 34 1.14673e-13
50 35 6.14884e-14
50 36 3.25792e-14
50 37 1.70625e-14
50 38 8.83548e-15
50 39 4.52491e-15
50 40 2.29226e-15
50 41 1.14874e-15
50 42 5.69419e-16
50 43 2.79083e-16
50 44 1.35145e-16
50 45 6.45794e-17
50 46 3.03985e-17
50 47 1.40639e-17
50 48 6.38259e-18
50 49 2.84898e-18
50 50 1.2924e-18
50 51 7.09595e-19

51 1 4.0872e-09
51 2 4.00537e-09
51 3 3.84582e-09
51 4 3.61675e-09
51 5 3.33015e-09
51 6 3.00108e-09
51 7 2.64642e-09
51 8 2.28331e-09
51 9 1.92756e-09
51 10 1.5924e-09
51 11 1.28764e-09
51 12 1.01941e-09
51 13 7.90408e-10
51 14 6.00418e-10
51 15 4.47003e-10
51 16 3.26275e-10
51 17 2.33584e-10
51 18 1.64082e-10
51 19 1.13138e-10
51 20 7.66071e-11
51 21 5.09585e-11
51 22 3.33144e-11
51 23 2.14139e-11
51 24 1.3539e-11
51 25 8.42332e-12
51 26 5.15895e-12
51 27 3.11169e-12
