#x #y #phase
1 1 1
1 2 1
1 3 1
1 4 1
1 5 1
1 6 1
1 7 1
1 8 1
1 9 1
1 10 1
1 11 1
1 12 0.999999
1 13 1
1 14 0.999999
1 15 1
1 16 0.999999
1 17 1
1 18 0.999999
1 19 1
1 20 0.999999
1 21 1
1 22 1
1 23 1
1 24 1
1 25 1
1 26 1
1 27 1
1 28 1
1 29 1
1 30 1
1 31 1
1 32 1
1 33 0.999999
1 34 0.999997
1 35 0.999989
1 36 0.999967
1 37 0.999901
1 38 0.999697
1 39 0.999075
1 40 0.99718
1 41 0.991425
1 42 0.974138
1 43 0.923974
1 44 0.792272
1 45 0.531554
1 46 0.259665
1 47 0.104412
1 48 0.0386665
1 49 0.0139414
1 50 0.00513821
1 51 0.00235529

2 1 1
2 2 1
2 3 1
2 4 1
2 5 1
2 6 1
2 7 1
2 8 1
2 9 0.999999
2 10 1
2 11 0.999999
2 12 1
2 13 0.999998
2 14 1
2 15 0.999998
2 16 1
2 17 0.999997
2 18 1
2 19 0.999998
2 20 1
2 21 0.999998
2 22 1
2 23 0.999999
2 24 1
2 25 0.999999
2 26 1
2 27 1
2 28 1
2 29 1
2 30 1
2 31 1
2 32 1
2 33 0.999999
2 34 0.999996
2 35 0.999989
2 36 0.999966
2 37 0.999898
2 38 0.999688
2 39 0.99905
2 40 0.997106
2 41 0.991203
2 42 0.97349
2 43 0.922176
2 44 0.788024
2 45 0.525182
2 46 0.255197
2 47 0.102379
2 48 0.0378864
2 49 0.0136589
2 50 0.00503488
2 51 0.00230847

3 1 1
3 2 1
3 3 1
3 4 1
3 5 1
3 6 0.999999
3 7 1
3 8 0.999999
3 9 1
3 10 0.999998
3 11 1
3 12 0.999997
3 13 1
3 14 0.999996
3 15 1
3 16 0.999995
3 17 1.00001
3 18 0.999995
3 19 1
3 20 0.999996
3 21 1
3 22 0.999997
3 23 1
3 24 0.999998
3 25 1
3 26 0.999999
3 27 1
3 28 1
3 29 1
3 30 1
3 31 1
3 32 1
3 33 0.999999
3 34 0.999996
3 35 0.999988
3 36 0.999964
3 37 0.999892
3 38 0.999671
3 39 0.998997
3 40 0.99695
3 41 0.990742
3 42 0.972145
3 43 0.918459
3 44 0.779319
3 45 0.512437
3 46 0.246428
3 47 0.0984203
3 48 0.0363714
3 49 0.0131107
3 50 0.00483433
3 51 0.00221757

4 1 1
4 2 1
4 3 1
4 4 1
4 5 0.999999
4 6 1
4 7 0.999999
4 8 1
4 9 0.999997
4 10 1
4 11 0.999996
4 12 1.00001
4 13 0.999994
4 14 1.00001
4 15 0.999992
4 16 1.00001
4 17 0.999991
4 18 1.00001
4 19 0.999992
4 20 1.00001
4 21 0.999993
4 22 1.00001
4 23 0.999995
4 24 1
4 25 0.999997
4 26 1
4 27 0.999999
4 28 1
4 29 1
4 30 1
4 31 1
4 32 1
4 33 0.999999
4 34 0.999996
4 35 0.999987
4 36 0.999961
4 37 0.999882
4 38 0.999642
4 39 0.998913
4 40 0.9967
4 41 0.990005
4 42 0.970004
4 43 0.912572
4 44 0.765739
4 45 0.493354
4 46 0.233698
4 47 0.0927432
4 48 0.0342076
4 49 0.0123286
4 50 0.00454819
4 51 0.00208782

5 1 1
5 2 1
5 3 1
5 4 0.999999
5 5 1
5 6 0.999999
5 7 1
5 8 0.999997
5 9 1
5 10 0.999995
5 11 1.00001
5 12 0.999992
5 13 1.00001
5 14 0.999989
5 15 1.00001
5 16 0.999987
5 17 1.00001
5 18 0.999986
5 19 1.00001
5 20 0.999988
5 21 1.00001
5 22 0.999991
5 23 1.00001
5 24 0.999994
5 25 1
5 26 0.999997
5 27 1
5 28 0.999999
5 29 1
5 30 0.999999
5 31 1
5 32 0.999999
5 33 0.999998
5 34 0.999995
5 35 0.999986
5 36 0.999957
5 37 0.999868
5 38 0.999601
5 39 0.99879
5 40 0.996335
5 41 0.988931
5 42 0.966897
5 43 0.904113
5 44 0.746659
5 45 0.46807
5 46 0.21751
5 47 0.0856405
5 48 0.031515
5 49 0.0113567
5 50 0.00419255
5 51 0.00192644

6 1 1
6 2 1
6 3 0.999999
6 4 1
6 5 0.999999
6 6 1
6 7 0.999997
6 8 1
6 9 0.999994
6 10 1.00001
6 11 0.99999
6 12 1.00001
6 13 0.999985
6 14 1.00002
6 15 0.999981
6 16 1.00002
6 17 0.999979
6 18 1.00002
6 19 0.99998
6 20 1.00002
6 21 0.999983
6 22 1.00001
6 23 0.999988
6 24 1.00001
6 25 0.999993
6 26 1.00001
6 27 0.999996
6 28 1
6 29 0.999998
6 30 1
6 31 0.999999
6 32 1
6 33 0.999998
6 34 0.999995
6 35 0.999983
6 36 0.99995
6 37 0.999848
6 38 0.999542
6 39 0.998616
6 40 0.995822
6 41 0.987425
6 42 0.962573
6 43 0.892494
6 44 0.721274
6 45 0.436912
6 46 0.198525
6 47 0.0774693
6 48 0.0284366
6 49 0.0102471
6 50 0.00378644
6 51 0.00174202

7 1 1
7 2 1
7 3 1
7 4 0.999999
7 5 1
7 6 0.999997
7 7 1
7 8 0.999993
7 9 1.00001
7 10 0.999988
7 11 1.00001
7 12 0.999982
7 13 1.00002
7 14 0.999975
7 15 1.00003
7 16 0.999971
7 17 1.00003
7 18 0.99997
7 19 1.00003
7 20 0.999973
7 21 1.00002
7 22 0.999979
7 23 1.00002
7 24 0.999986
7 25 1.00001
7 26 0.999992
7 27 1.00001
7 28 0.999996
7 29 1
7 30 0.999998
7 31 1
7 32 0.999999
7 33 0.999998
7 34 0.999993
7 35 0.99998
7 36 0.99994
7 37 0.999821
7 38 0.99946
7 39 0.998374
7 40 0.995109
7 41 0.985346
7 42 0.956659
7 43 0.876901
7 44 0.688676
7 45 0.400495
7 46 0.177536
7 47 0.0686237
7 48 0.0251264
7 49 0.00905573
7 50 0.00335023
7 51 0.00154371

8 1 1
8 2 1
8 3 0.999999
8 4 1
8 5 0.999997
8 6 1
8 7 0.999993
8 8 1.00001
8 9 0.999987
8 10 1.00002
8 11 0.999979
8 12 1.00003
8 13 0.99997
8 14 1.00003
8 15 0.999962
8 16 1.00004
8 17 0.999958
8 18 1.00004
8 19 0.999959
8 20 1.00004
8 21 0.999965
8 22 1.00003
8 23 0.999975
8 24 1.00002
8 25 0.999984
8 26 1.00001
8 27 0.999991
8 28 1.00001
8 29 0.999996
8 30 1
8 31 0.999998
8 32 1
8 33 0.999997
8 34 0.999992
8 35 0.999975
8 36 0.999927
8 37 0.999782
8 38 0.999346
8 39 0.998038
8 40 0.994124
8 41 0.982487
8 42 0.948614
8 43 0.856233
8 44 0.648026
8 45 0.359794
8 46 0.155422
8 47 0.0595057
8 48 0.0217376
8 49 0.00783769
8 50 0.00290394
8 51 0.00134054

9 1 1
9 2 0.999999
9 3 1
9 4 0.999997
9 5 1
9 6 0.999994
9 7 1.00001
9 8 0.999987
9 9 1.00002
9 10 0.999978
9 11 1.00003
9 12 0.999965
9 13 1.00004
9 14 0.999953
9 15 1.00005
9 16 0.999945
9 17 1.00006
9 18 0.999943
9 19 1.00006
9 20 0.999948
9 21 1.00005
9 22 0.999959
9 23 1.00003
9 24 0.999972
9 25 1.00002
9 26 0.999983
9 27 1.00001
9 28 0.999991
9 29 1.00001
9 30 0.999996
9 31 1
9 32 0.999997
9 33 0.999997
9 34 0.999989
9 35 0.999969
9 36 0.999908
9 37 0.999727
9 38 0.999185
9 39 0.997568
9 40 0.992754
9 41 0.97854
9 42 0.937662
9 43 0.829042
9 44 0.598839
9 45 0.316158
9 46 0.133088
9 47 0.0504942
9 48 0.0184102
9 49 0.006643
9 50 0.00246578
9 51 0.00114074

10 1 1
10 2 1
10 3 0.999998
10 4 1
10 5 0.999995
10 6 1.00001
10 7 0.999988
10 8 1.00002
10 9 0.999978
10 10 1.00003
10 11 0.999963
10 12 1.00005
10 13 0.999947
10 14 1.00006
10 15 0.999933
10 16 1.00007
10 17 0.999925
10 18 1.00007
10 19 0.999927
10 20 1.00007
10 21 0.999939
10 22 1.00005
10 23 0.999954
10 24 1.00004
10 25 0.999971
10 26 1.00002
10 27 0.999984
10 28 1.00001
10 29 0.999992
10 30 1
10 31 0.999996
10 32 1
10 33 0.999994
10 34 0.999987
10 35 0.999959
10 36 0.999881
10 37 0.999648
10 38 0.998957
10 39 0.996905
10 40 0.990833
10 41 0.973053
10 42 0.922697
10 43 0.793498
10 44 0.541365
10 45 0.271247
10 46 0.111395
10 47 0.0419189
10 48 0.0152625
10 49 0.00551353
10 50 0.00205098
10 51 0.000951214

11 1 1
11 2 0.999999
11 3 1
11 4 0.999996
11 5 1.00001
11 6 0.99999
11 7 1.00001
11 8 0.999979
11 9 1.00003
11 10 0.999963
11 11 1.00005
11 12 0.999943
11 13 1.00007
11 14 0.999923
11 15 1.00009
11 16 0.999909
11 17 1.00009
11 18 0.999906
11 19 1.00009
11 20 0.999914
11 21 1.00008
11 22 0.999932
11 23 1.00006
11 24 0.999953
11 25 1.00004
11 26 0.999972
11 27 1.00002
11 28 0.999985
11 29 1.00001
11 30 0.999993
11 31 1
11 32 0.999995
11 33 0.999995
11 34 0.999981
11 35 0.999946
11 36 0.999841
11 37 0.999534
11 38 0.998628
11 39 0.995956
11 40 0.988107
11 41 0.965355
11 42 0.90218
11 43 0.747498
11 44 0.47692
11 45 0.226877
11 46 0.0910896
11 47 0.0340393
11 48 0.0123847
11 49 0.004481
11 50 0.00167114
11 51 0.000777252

12 1 0.999999
12 2 1
12 3 0.999997
12 4 1.00001
12 5 0.999992
12 6 1.00001
12 7 0.999982
12 8 1.00003
12 9 0.999965
12 10 1.00005
12 11 0.999943
12 12 1.00007
12 13 0.999918
12 14 1.00009
12 15 0.999896
12 16 1.00011
12 17 0.999885
12 18 1.00011
12 19 0.999889
12 20 1.0001
12 21 0.999906
12 22 1.00008
12 23 0.99993
12 24 1.00006
12 25 0.999955
12 26 1.00003
12 27 0.999975
12 28 1.00002
12 29 0.999988
12 30 1.00001
12 31 0.999994
12 32 1
12 33 0.999989
12 34 0.999975
12 35 0.999925
12 36 0.999783
12 37 0.999366
12 38 0.998147
12 39 0.994577
12 40 0.984182
12 41 0.954448
12 42 0.874032
12 43 0.68911
12 44 0.408008
12 45 0.184803
12 46 0.0727443
12 47 0.0270339
12 48 0.00983605
12 49 0.00356619
12 50 0.00133388
12 51 0.000622373

13 1 1
13 2 0.999998
13 3 1
13 4 0.999994
13 5 1.00001
13 6 0.999985
13 7 1.00002
13 8 0.99997
13 9 1.00004
13 10 0.999947
13 11 1.00007
13 12 0.999918
13 13 1.0001
13 14 0.999889
13 15 1.00012
13 16 0.999869
13 17 1.00013
13 18 0.999865
13 19 1.00013
13 20 0.999878
13 21 1.00011
13 22 0.999903
13 23 1.00008
13 24 0.999933
13 25 1.00005
13 26 0.999959
13 27 1.00003
13 28 0.999979
13 29 1.00001
13 30 0.99999
13 31 1
13 32 0.999992
13 33 0.999989
13 34 0.999962
13 35 0.999895
13 36 0.999694
13 37 0.999114
13 38 0.997429
13 39 0.992539
13 40 0.978448
13 41 0.938837
13 42 0.835554
13 43 0.617527
13 44 0.338065
13 45 0.146506
13 46 0.0567279
13 47 0.0209984
13 48 0.00764625
13 49 0.00277931
13 50 0.00104302
13 51 0.000488393

14 1 0.999999
14 2 1
14 3 0.999996
14 4 1.00001
14 5 0.999989
14 6 1.00002
14 7 0.999975
14 8 1.00003
14 9 0.999953
14 10 1.00006
14 11 0.999923
14 12 1.00009
14 13 0.999889
14 14 1.00013
14 15 0.999861
14 16 1.00015
14 17 0.999846
14 18 1.00015
14 19 0.999851
14 20 1.00014
14 21 0.999874
14 22 1.00011
14 23 0.999907
14 24 1.00008
14 25 0.99994
14 26 1.00005
14 27 0.999966
14 28 1.00002
14 29 0.999983
14 30 1.00001
14 31 0.999991
14 32 0.999997
14 33 0.999979
14 34 0.999947
14 35 0.999845
14 36 0.999558
14 37 0.998729
14 38 0.996341
14 39 0.989477
14 40 0.969949
14 41 0.916311
14 42 0.783466
14 43 0.534285
14 44 0.270856
14 45 0.11302
14 46 0.0431994
14 47 0.0159531
14 48 0.00581835
14 49 0.00212132
14 50 0.000799066
14 51 0.000375625

15 1 1
15 2 0.999998
15 3 1
15 4 0.999992
15 5 1.00001
15 6 0.999981
15 7 1.00003
15 8 0.999962
15 9 1.00005
15 10 0.999933
15 11 1.00009
15 12 0.999896
15 13 1.00012
15 14 0.999861
15 15 1.00015
15 16 0.999836
15 17 1.00017
15 18 0.999831
15 19 1.00016
15 20 0.999848
15 21 1.00014
15 22 0.99988
15 23 1.0001
15 24 0.999917
15 25 1.00007
15 26 0.99995
15 27 1.00004
15 28 0.999974
15 29 1.00002
15 30 0.999987
15 31 1
15 32 0.999985
15 33 0.999973
15 34 0.999917
15 35 0.999769
15 36 0.999342
15 37 0.998127
15 38 0.99466
15 39 0.9848
15 40 0.957198
15 41 0.883733
15 42 0.714485
15 43 0.443879
15 44 0.209732
15 45 0.0848619
15 46 0.0321313
15 47 0.0118561
15 48 0.00433438
15 49 0.00158585
15 50 0.000599838
15 51 0.000283178

16 1 0.999999
16 2 1
16 3 0.999995
16 4 1.00001
16 5 0.999987
16 6 1.00002
16 7 0.999971
16 8 1.00004
16 9 0.999945
16 10 1.00007
16 11 0.999909
16 12 1.00011
16 13 0.999869
16 14 1.00015
16 15 0.999836
16 16 1.00017
16 17 0.99982
16 18 1.00018
16 19 0.999827
16 20 1.00016
16 21 0.999854
16 22 1.00013
16 23 0.999892
16 24 1.00009
16 25 0.999931
16 26 1.00005
16 27 0.999961
16 28 1.00003
16 29 0.999981
16 30 1.00001
16 31 0.999986
16 32 0.999988
16 33 0.999951
16 34 0.999874
16 35 0.999642
16 36 0.998996
16 37 0.997169
16 38 0.992012
16 39 0.977538
16 40 0.937889
16 41 0.836972
16 42 0.627127
16 43 0.352981
16 44 0.157031
16 45 0.0620526
16 46 0.0233498
16 47 0.00862128
16 48 0.00316157
16 49 0.00116138
16 50 0.000441279
16 51 0.000209288

17 1 1
17 2 0.999997
17 3 1.00001
17 4 0.999991
17 5 1.00001
17 6 0.999979
17 7 1.00003
17 8 0.999958
17 9 1.00006
17 10 0.999925
17 11 1.00009
17 12 0.999885
17 13 1.00013
17 14 0.999846
17 15 1.00017
17 16 0.99982
17 17 1.00019
17 18 0.999815
17 19 1.00018
17 20 0.999834
17 21 1.00015
17 22 0.99987
17 23 1.00011
17 24 0.999911
17 25 1.00007
17 26 0.999947
17 27 1.00004
17 28 0.999972
17 29 1.00002
17 30 0.999984
17 31 0.999998
17 32 0.999968
17 33 0.999928
17 34 0.999794
17 35 0.999435
17 36 0.998427
17 37 0.995615
17 38 0.987766
17 39 0.966103
17 40 0.90851
17 41 0.771208
17 42 0.524439
17 43 0.268515
17 44 0.113822
17 45 0.0442207
17 46 0.0165853
17 47 0.00613547
17 48 0.00225849
17 49 0.00083334
17 50 0.000318199
17 51 0.000151667

18 1 0.999999
18 2 1
18 3 0.999995
18 4 1.00001
18 5 0.999986
18 6 1.00002
18 7 0.99997
18 8 1.00004
18 9 0.999943
18 10 1.00007
18 11 0.999906
18 12 1.00011
18 13 0.999865
18 14 1.00015
18 15 0.999831
18 16 1.00018
18 17 0.999815
18 18 1.00018
18 19 0.999823
18 20 1.00016
18 21 0.999852
18 22 1.00013
18 23 0.999892
18 24 1.00009
18 25 0.999931
18 26 1.00005
18 27 0.999962
18 28 1.00003
18 29 0.99998
18 30 1.00001
18 31 0.999976
18 32 0.999959
18 33 0.999874
18 34 0.999666
18 35 0.999081
18 36 0.997477
18 37 0.993043
18 38 0.980847
18 39 0.947912
18 40 0.864035
18 41 0.682439
18 42 0.415058
18 43 0.195703
18 44 0.0800056
18 45 0.030739
18 46 0.0115199
18 47 0.00427468
18 48 0.00158046
18 49 0.000586014
18 50 0.000224951
18 51 0.000107793

19 1 1
19 2 0.999998
19 3 1
19 4 0.999992
19 5 1.00001
19 6 0.99998
19 7 1.00003
19 8 0.999959
19 9 1.00006
19 10 0.999927
19 11 1.00009
19 12 0.999889
19 13 1.00013
19 14 0.999851
19 15 1.00016
19 16 0.999827
19 17 1.00018
19 18 0.999823
19 19 1.00017
19 20 0.999842
19 21 1.00014
19 22 0.999877
19 23 1.0001
19 24 0.999917
19 25 1.00006
19 26 0.999951
19 27 1.00003
19 28 0.999973
19 29 1.00001
19 30 0.999978
19 31 0.999977
19 32 0.999917
19 33 0.999792
19 34 0.999434
19 35 0.998474
19 36 0.995853
19 37 0.988712
19 38 0.969413
19 39 0.918869
19 40 0.798167
19 41 0.571388
19 42 0.310388
19 43 0.137066
19 44 0.0546363
19 45 0.020862
19 46 0.00782859
19 47 0.00291669
19 48 0.00108374
19 49 0.000403966
19 50 0.000155952
19 51 7.51533e-05

20 1 0.999999
20 2 1
20 3 0.999996
20 4 1.00001
20 5 0.999988
20 6 1.00002
20 7 0.999973
20 8 1.00004
20 9 0.999948
20 10 1.00007
20 11 0.999914
20 12 1.0001
20 13 0.999878
20 14 1.00014
20 15 0.999848
20 16 1.00016
20 17 0.999834
20 18 1.00016
20 19 0.999842
20 20 1.00015
20 21 0.999869
20 22 1.00011
20 23 0.999905
20 24 1.00008
20 25 0.99994
20 26 1.00004
20 27 0.999966
20 28 1.00002
20 29 0.999977
20 30 0.999989
20 31 0.999941
20 32 0.999864
20 33 0.999631
20 34 0.999028
20 35 0.9974
20 36 0.993029
20 37 0.9813
20 38 0.950342
20 39 0.872829
20 40 0.70504
20 41 0.447584
20 42 0.219957
20 43 0.0925861
20 44 0.0363186
20 45 0.0138364
20 46 0.00520781
20 47 0.00194973
20 48 0.000728416
20 49 0.000273064
20 50 0.000106055
20 51 5.14145e-05

21 1 1
21 2 0.999998
21 3 1
21 4 0.999993
21 5 1.00001
21 6 0.999983
21 7 1.00002
21 8 0.999965
21 9 1.00005
21 10 0.999939
21 11 1.00008
21 12 0.999906
21 13 1.00011
21 14 0.999874
21 15 1.00014
21 16 0.999854
21 17 1.00015
21 18 0.999852
21 19 1.00014
21 20 0.999869
21 21 1.00012
21 22 0.999899
21 23 1.00008
21 24 0.999932
21 25 1.00005
21 26 0.99996
21 27 1.00003
21 28 0.999975
21 29 0.999998
21 30 0.999954
21 31 0.999907
21 32 0.999745
21 33 0.999346
21 34 0.998282
21 35 0.995474
21 36 0.988032
21 37 0.968458
21 38 0.918503
21 39 0.801792
21 40 0.584187
21 41 0.327012
21 42 0.148529
21 43 0.06054
21 44 0.0235413
21 45 0.00897583
21 46 0.00339311
21 47 0.00127741
21 48 0.000480069
21 49 0.000181055
21 50 7.07695e-05
21 51 3.45253e-05

22 1 1
22 2 1
22 3 0.999997
22 4 1.00001
22 5 0.999991
22 6 1.00001
22 7 0.999979
22 8 1.00003
22 9 0.999959
22 10 1.00005
22 11 0.999932
22 12 1.00008
22 13 0.999903
22 14 1.00011
22 15 0.99988
22 16 1.00013
22 17 0.99987
22 18 1.00013
22 19 0.999877
22 20 1.00011
22 21 0.999899
22 22 1.00009
22 23 0.999928
22 24 1.00006
22 25 0.999955
22 26 1.00003
22 27 0.999972
22 28 1
22 29 0.99996
22 30 0.999934
22 31 0.999812
22 32 0.999535
22 33 0.9988
22 34 0.996903
22 35 0.991951
22 36 0.979063
22 37 0.946066
22 38 0.866054
22 39 0.698451
22 40 0.447203
22 41 0.223899
22 42 0.0961831
22 43 0.0384487
22 44 0.0149029
22 45 0.0057
22 46 0.00216646
22 47 0.00082064
22 48 0.00031036
22 49 0.000117799
22 50 4.63546e-05
22 51 2.27641e-05

23 1 1
23 2 0.999999
23 3 1
23 4 0.999995
23 5 1.00001
23 6 0.999988
23 7 1.00002
23 8 0.999975
23 9 1.00003
23 10 0.999954
23 11 1.00006
23 12 0.99993
23 13 1.00008
23 14 0.999907
23 15 1.0001
23 16 0.999892
23 17 1.00011
23 18 0.999892
23 19 1.0001
23 20 0.999905
23 21 1.00008
23 22 0.999928
23 23 1.00006
23 24 0.999952
23 25 1.00003
23 26 0.999969
23 27 1.00001
23 28 0.999963
23 29 0.99995
23 30 0.999852
23 31 0.99965
23 32 0.999113
23 33 0.997762
23 34 0.994297
23 35 0.985413
23 36 0.962815
23 37 0.907224
23 38 0.782978
23 39 0.563422
23 40 0.315274
23 41 0.144952
23 42 0.0600937
23 43 0.0237857
23 44 0.00922687
23 45 0.0035462
23 46 0.00135629
23 47 0.000517174
23 48 0.000196902
23 49 7.52372e-05
23 50 2.9815e-05
23 51 1.47429e-05

24 1 1
24 2 1
24 3 0.999998
24 4 1
24 5 0.999994
24 6 1.00001
24 7 0.999986
24 8 1.00002
24 9 0.999972
24 10 1.00004
24 11 0.999953
24 12 1.00006
24 13 0.999933
24 14 1.00008
24 15 0.999917
24 16 1.00009
24 17 0.999911
24 18 1.00009
24 19 0.999917
24 20 1.00008
24 21 0.999932
24 22 1.00006
24 23 0.999952
24 24 1.00004
24 25 0.999967
24 26 1.00001
24 27 0.999964
24 28 0.999961
24 29 0.999876
24 30 0.99972
24 31 0.999305
24 32 0.998289
24 33 0.995734
24 34 0.989301
24 35 0.973141
24 36 0.933368
24 37 0.841541
24 38 0.661716
24 39 0.413871
24 40 0.206373
24 41 0.089602
24 42 0.0364108
24 43 0.0143674
24 44 0.00559373
24 45 0.00216304
24 46 0.000833003
24 47 0.000319885
24 48 0.000122644
24 49 4.71919e-05
24 50 1.88388e-05
24 51 9.38227e-06

25 1 1
25 2 0.999999
25 3 1
25 4 0.999997
25 5 1
25 6 0.999993
25 7 1.00001
25 8 0.999984
25 9 1.00002
25 10 0.999971
25 11 1.00004
25 12 0.999955
25 13 1.00005
25 14 0.99994
25 15 1.00007
25 16 0.999931
25 17 1.00007
25 18 0.999931
25 19 1.00006
25 20 0.99994
25 21 1.00005
25 22 0.999955
25 23 1.00003
25 24 0.999967
25 25 1.00001
25 26 0.999965
25 27 0.999966
25 28 0.99989
25 29 0.999762
25 30 0.999421
25 31 0.998614
25 32 0.996624
25 33 0.991721
25 34 0.979604
25 35 0.950027
25 36 0.880893
25 37 0.737172
25 38 0.508498
25 39 0.27697
25 40 0.127109
25 41 0.0533412
25 42 0.021482
25 43 0.00848995
25 44 0.00332407
25 45 0.00129444
25 46 0.000502207
25 47 0.000194288
25 48 7.50359e-05
25 49 2.90833e-05
25 50 1.16986e-05
25 51 5.86958e-06

26 1 1
26 2 1
26 3 0.999999
26 4 1
26 5 0.999997
26 6 1.00001
26 7 0.999992
26 8 1.00001
26 9 0.999983
26 10 1.00002
26 11 0.999972
26 12 1.00003
26 13 0.999959
26 14 1.00005
26 15 0.99995
26 16 1.00005
26 17 0.999947
26 18 1.00005
26 19 0.999951
26 20 1.00004
26 21 0.99996
26 22 1.00003
26 23 0.999969
26 24 1.00001
26 25 0.999965
26 26 0.999968
26 27 0.999896
26 28 0.999785
26 29 0.999488
26 30 0.998809
26 31 0.997171
26 32 0.993229
26 33 0.983676
26 34 0.960683
26 35 0.906966
26 36 0.791762
26 37 0.590275
26 38 0.350693
26 39 0.171266
26 40 0.0746423
26 41 0.0307897
26 42 0.01238
26 43 0.00491559
26 44 0.00193805
26 45 0.000760536
26 46 0.00029738
26 47 0.000115938
26 48 4.51159e-05
26 49 1.76185e-05
26 50 7.14298e-06
26 51 3.61137e-06

27 1 1
27 2 1
27 3 1
27 4 0.999999
27 5 1
27 6 0.999996
27 7 1.00001
27 8 0.999991
27 9 1.00001
27 10 0.999984
27 11 1.00002
27 12 0.999975
27 13 1.00003
27 14 0.999966
27 15 1.00004
27 16 0.999961
27 17 1.00004
27 18 0.999962
27 19 1.00003
27 20 0.999966
27 21 1.00003
27 22 0.999972
27 23 1.00001
27 24 0.999964
27 25 0.999966
27 26 0.999896
27 27 0.999792
27 28 0.999518
27 29 0.998913
27 30 0.997487
27 31 0.99414
27 32 0.986206
27 33 0.967454
27 34 0.92404
27 35 0.829799
27 36 0.655223
27 37 0.420678
27 38 0.219153
27 39 0.0996366
27 40 0.0422392
27 41 0.0173191
27 42 0.00698554
27 43 0.0027922
27 44 0.00110958
27 45 0.000439001
27 46 0.000173058
27 47 6.8009e-05
27 48 2.66721e-05
27 49 1.04969e-05
27 50 4.29041e-06
27 51 2.18626e-06

28 1 1
28 2 1
28 3 1
28 4 1
28 5 0.999999
28 6 1
28 7 0.999996
28 8 1.00001
28 9 0.999991
28 10 1.00001
28 11 0.999985
28 12 1.00002
28 13 0.999979
28 14 1.00002
28 15 0.999974
28 16 1.00003
28 17 0.999972
28 18 1.00003
28 19 0.999973
28 20 1.00002
28 21 0.999975
28 22 1
28 23 0.999963
28 24 0.999961
28 25 0.99989
28 26 0.999785
28 27 0.999518
28 28 0.998946
28 29 0.997632
28 30 0.994629
28 31 0.987679
28 32 0.9716
28 33 0.934929
28 34 0.85539
28 35 0.703431
28 36 0.481315
28 37 0.266769
28 38 0.126809
28 39 0.055399
28 40 0.0232141
28 41 0.00952771
28 42 0.00386633
28 43 0.00155773
28 44 0.0006243
28 45 0.000249122
28 46 9.90341e-05
28 47 3.92391e-05
28 48 1.55127e-05
28 49 6.15387e-06
28 50 2.53635e-06
28 51 1.30289e-06

29 1 1
29 2 1
29 3 1
29 4 1
29 5 1
29 6 0.999998
29 7 1
29 8 0.999996
29 9 1.00001
29 10 0.999992
29 11 1.00001
29 12 0.999988
29 13 1.00001
29 14 0.999983
29 15 1.00002
29 16 0.999981
29 17 1.00002
29 18 0.99998
29 19 1.00001
29 20 0.999977
29 21 0.999998
29 22 0.99996
29 23 0.99995
29 24 0.999876
29 25 0.999762
29 26 0.999488
29 27 0.998913
29 28 0.997632
29 29 0.994783
29 30 0.988358
29 31 0.973841
29 32 0.941375
29 33 0.87165
29 34 0.73687
29 35 0.529311
29 36 0.309919
29 37 0.153949
29 38 0.0694161
29 39 0.0297806
29 40 0.0124576
29 41 0.00513949
29 42 0.00210203
29 43 0.000854331
29 44 0.000345461
29 45 0.000139073
29 46 5.57645e-05
29 47 2.2281e-05
29 48 8.88093e-06
29 49 3.5519e-06
29 50 1.47649e-06
29 51 7.64708e-07

30 1 1
30 2 1
30 3 1
30 4 1
30 5 0.999999
30 6 1
30 7 0.999998
30 8 1
30 9 0.999996
30 10 1
30 11 0.999993
30 12 1.00001
30 13 0.99999
30 14 1.00001
30 15 0.999987
30 16 1.00001
30 17 0.999984
30 18 1.00001
30 19 0.999978
30 20 0.999989
30 21 0.999954
30 22 0.999934
30 23 0.999852
30 24 0.99972
30 25 0.999421
30 26 0.998809
30 27 0.997487
30 28 0.994629
30 29 0.988358
30 30 0.97455
30 31 0.944373
30 32 0.880642
30 33 0.757753
30 34 0.563448
30 35 0.345045
30 36 0.178507
30 37 0.0830813
30 38 0.0365358
30 39 0.0155989
30 40 0.00655159
30 41 0.00272358
30 42 0.00112389
30 43 0.000461024
30 44 0.000188144
30 45 7.64279e-05
30 46 3.09158e-05
30 47 1.24586e-05
30 48 5.0075e-06
30 49 2.01945e-06
30 50 8.46824e-07
30 51 4.42267e-07

31 1 1
31 2 1
31 3 1
31 4 1
31 5 1
31 6 0.999999
31 7 1
31 8 0.999998
31 9 1
31 10 0.999996
31 11 1
31 12 0.999994
31 13 1
31 14 0.999991
31 15 1
31 16 0.999986
31 17 0.999998
31 18 0.999976
31 19 0.999977
31 20 0.999941
31 21 0.999907
31 22 0.999812
31 23 0.99965
31 24 0.999305
31 25 0.998614
31 26 0.997171
31 27 0.99414
31 28 0.987679
31 29 0.973841
31 30 0.944373
31 31 0.883517
31 32 0.767759
31 33 0.583703
31 34 0.369646
31 35 0.198039
31 36 0.0950017
31 37 0.0428432
31 38 0.0186899
31 39 0.00800153
31 40 0.00338517
31 41 0.00141995
31 42 0.000591543
31 43 0.000244981
31 44 0.00010092
31 45 4.13735e-05
31 46 1.6886e-05
31 47 6.86414e-06
31 48 2.78242e-06
31 49 1.13164e-06
31 50 4.78765e-07
31 51 2.52169e-07

32 1 1
32 2 1
32 3 1
32 4 1
32 5 0.999999
32 6 1
32 7 0.999999
32 8 1
32 9 0.999997
32 10 1
32 11 0.999995
32 12 1
32 13 0.999992
32 14 0.999997
32 15 0.999985
32 16 0.999988
32 17 0.999968
32 18 0.999959
32 19 0.999917
32 20 0.999864
32 21 0.999745
32 22 0.999535
32 23 0.999113
32 24 0.998289
32 25 0.996624
32 26 0.993229
32 27 0.986206
32 28 0.9716
32 29 0.941375
32 30 0.880642
32 31 0.767759
32 32 0.5904
32 33 0.382267
32 34 0.210587
32 35 0.103838
32 36 0.0480075
32 37 0.0214144
32 38 0.00935533
32 39 0.00403269
32 40 0.0017215
32 41 0.000729158
32 42 0.00030677
32 43 0.000128288
32 44 5.3354e-05
32 45 2.2077e-05
32 46 9.09213e-06
32 47 3.72859e-06
32 48 1.52446e-06
32 49 6.25351e-07
32 50 2.66961e-07
32 51 1.41818e-07

33 1 0.999999
33 2 0.999999
33 3 0.999999
33 4 0.999999
33 5 0.999998
33 6 0.999998
33 7 0.999998
33 8 0.999997
33 9 0.999997
33 10 0.999994
33 11 0.999995
33 12 0.999989
33 13 0.999989
33 14 0.999979
33 15 0.999973
33 16 0.999951
33 17 0.999928
33 18 0.999874
33 19 0.999792
33 20 0.999631
33 21 0.999346
33 22 0.9988
33 23 0.997762
33 24 0.995734
33 25 0.991721
33 26 0.983676
33 27 0.967454
33 28 0.934929
33 29 0.87165
33 30 0.757753
33 31 0.583703
33 32 0.382267
33 33 0.21491
33 34 0.108542
33 35 0.0514001
33 36 0.0234529
33 37 0.010465
33 38 0.00460129
33 39 0.00200126
33 40 0.000862791
33 41 0.000369154
33 42 0.000156875
33 43 6.62521e-05
33 44 2.78197e-05
33 45 1.16195e-05
33 46 4.82915e-06
33 47 1.99804e-06
33 48 8.24034e-07
33 49 3.40972e-07
33 50 1.46891e-07
33 51 7.87084e-08

34 1 0.999997
34 2 0.999996
34 3 0.999996
34 4 0.999996
34 5 0.999995
34 6 0.999995
34 7 0.999993
34 8 0.999992
34 9 0.999989
34 10 0.999987
34 11 0.999981
34 12 0.999975
34 13 0.999962
34 14 0.999947
34 15 0.999917
34 16 0.999874
34 17 0.999794
34 18 0.999666
34 19 0.999434
34 20 0.999028
34 21 0.998282
34 22 0.996903
34 23 0.994297
34 24 0.989301
34 25 0.979604
34 26 0.960683
34 27 0.92404
34 28 0.85539
34 29 0.73687
34 30 0.563448
34 31 0.369646
34 32 0.210587
34 33 0.108542
34 34 0.0525833
34 35 0.0245454
34 36 0.0111949
34 37 0.00502577
34 38 0.0022295
34 39 0.000979418
34 40 0.000426621
34 41 0.000184419
34 42 7.91665e-05
34 43 3.37662e-05
34 44 1.43161e-05
34 45 6.03595e-06
34 46 2.53168e-06
34 47 1.05687e-06
34 48 4.39703e-07
34 49 1.83538e-07
34 50 7.97968e-08
34 51 4.31288e-08

35 1 0.999989
35 2 0.999989
35 3 0.999988
35 4 0.999987
35 5 0.999986
35 6 0.999983
35 7 0.99998
35 8 0.999975
35 9 0.999969
35 10 0.999959
35 11 0.999946
35 12 0.999925
35 13 0.999895
35 14 0.999845
35 15 0.999769
35 16 0.999642
35 17 0.999435
35 18 0.999081
35 19 0.998474
35 20 0.9974
35 21 0.995474
35 22 0.991951
35 23 0.985413
35 24 0.973141
35 25 0.950027
35 26 0.906966
35 27 0.829799
35 28 0.703431
35 29 0.529311
35 30 0.345045
35 31 0.198039
35 32 0.103838
35 33 0.0514001
35 34 0.0245454
35 35 0.0114497
35 36 0.00525295
35 37 0.00237918
35 38 0.0010661
35 39 0.00047325
35 40 0.000208309
35 41 9.09822e-05
35 42 3.94539e-05
35 43 1.69953e-05
35 44 7.27561e-06
35 45 3.0966e-06
35 46 1.31082e-06
35 47 5.52137e-07
35 48 2.31738e-07
35 49 9.75829e-08
35 50 4.28188e-08
35 51 2.33438e-08

36 1 0.999967
36 2 0.999966
36 3 0.999964
36 4 0.999961
36 5 0.999957
36 6 0.99995
36 7 0.99994
36 8 0.999927
36 9 0.999908
36 10 0.999881
36 11 0.999841
36 12 0.999783
36 13 0.999694
36 14 0.999558
36 15 0.999342
36 16 0.998996
36 17 0.998427
36 18 0.997477
36 19 0.995853
36 20 0.993029
36 21 0.988032
36 22 0.979063
36 23 0.962815
36 24 0.933368
36 25 0.880893
36 26 0.791762
36 27 0.655223
36 28 0.481315
36 29 0.309919
36 30 0.178507
36 31 0.0950017
36 32 0.0480075
36 33 0.0234529
36 34 0.0111949
36 35 0.00525295
36 36 0.00243135
36 37 0.00111237
36 38 0.000503718
36 39 0.000225985
36 40 0.00010052
36 41 4.43585e-05
36 42 1.94311e-05
36 43 8.45334e-06
36 44 3.65395e-06
36 45 1.5699e-06
36 46 6.70692e-07
36 47 2.85052e-07
36 48 1.20696e-07
36 49 5.12722e-08
36 50 2.27064e-08
36 51 1.24862e-08

37 1 0.999901
37 2 0.999898
37 3 0.999892
37 4 0.999882
37 5 0.999868
37 6 0.999848
37 7 0.999821
37 8 0.999782
37 9 0.999727
37 10 0.999648
37 11 0.999534
37 12 0.999366
37 13 0.999114
37 14 0.998729
37 15 0.998127
37 16 0.997169
37 17 0.995615
37 18 0.993043
37 19 0.988712
37 20 0.9813
37 21 0.968458
37 22 0.946066
37 23 0.907224
37 24 0.841541
37 25 0.737172
37 26 0.590275
37 27 0.420678
37 28 0.266769
37 29 0.153949
37 30 0.0830813
37 31 0.0428432
37 32 0.0214144
37 33 0.010465
37 34 0.00502577
37 35 0.00237918
37 36 0.00111237
37 37 0.000514318
37 38 0.000235395
37 39 0.00010673
37 40 4.79722e-05
37 41 2.13878e-05
37 42 9.46349e-06
37 43 4.15772e-06
37 44 1.81455e-06
37 45 7.86977e-07
37 46 3.3931e-07
37 47 1.45507e-07
37 48 6.21526e-08
37 49 2.66353e-08
37 50 1.19048e-08
37 51 6.60277e-09

38 1 0.999697
38 2 0.999688
38 3 0.999671
38 4 0.999642
38 5 0.999601
38 6 0.999542
38 7 0.99946
38 8 0.999346
38 9 0.999185
38 10 0.998957
38 11 0.998628
38 12 0.998147
38 13 0.997429
38 14 0.996341
38 15 0.99466
38 16 0.992012
38 17 0.987766
38 18 0.980847
38 19 0.969413
38 20 0.950342
38 21 0.918503
38 22 0.866054
38 23 0.782978
38 24 0.661716
38 25 0.508498
38 26 0.350693
38 27 0.219153
38 28 0.126809
38 29 0.0694161
38 30 0.0365358
38 31 0.0186899
38 32 0.00935533
38 33 0.00460129
38 34 0.0022295
38 35 0.0010661
38 36 0.000503718
38 37 0.000235395
38 38 0.000108887
38 39 4.98911e-05
38 40 2.26578e-05
38 41 1.02049e-05
38 42 4.56061e-06
38 43 2.02335e-06
38 44 8.91538e-07
38 45 3.90297e-07
38 46 1.69822e-07
38 47 7.34766e-08
38 48 3.166e-08
38 49 1.36867e-08
38 50 6.17366e-09
38 51 3.45329e-09

39 1 0.999075
39 2 0.99905
39 3 0.998997
39 4 0.998913
39 5 0.99879
39 6 0.998616
39 7 0.998374
39 8 0.998038
39 9 0.997568
39 10 0.996905
39 11 0.995956
39 12 0.994577
39 13 0.992539
39 14 0.989477
39 15 0.9848
39 16 0.977538
39 17 0.966103
39 18 0.947912
39 19 0.918869
39 20 0.872829
39 21 0.801792
39 22 0.698451
39 23 0.563422
39 24 0.413871
39 25 0.27697
39 26 0.171266
39 27 0.0996366
39 28 0.055399
39 29 0.0297806
39 30 0.0155989
39 31 0.00800153
39 32 0.00403269
39 33 0.00200126
39 34 0.000979418
39 35 0.00047325
39 36 0.000225985
39 37 0.00010673
39 38 4.98911e-05
39 39 2.30981e-05
39 40 1.05976e-05
39 41 4.82131e-06
39 42 2.17605e-06
39 43 9.74823e-07
39 44 4.33627e-07
39 45 1.91603e-07
39 46 8.41264e-08
39 47 3.67216e-08
39 48 1.59602e-08
39 49 6.95963e-09
39 50 3.16794e-09
39 51 1.78694e-09

40 1 0.99718
40 2 0.997106
40 3 0.99695
40 4 0.9967
40 5 0.996335
40 6 0.995822
40 7 0.995109
40 8 0.994124
40 9 0.992754
40 10 0.990833
40 11 0.988107
40 12 0.984182
40 13 0.978448
40 14 0.969949
40 15 0.957198
40 16 0.937889
40 17 0.90851
40 18 0.864035
40 19 0.798167
40 20 0.70504
40 21 0.584187
40 22 0.447203
40 23 0.315274
40 24 0.206373
40 25 0.127109
40 26 0.0746423
40 27 0.0422392
40 28 0.0232141
40 29 0.0124576
40 30 0.00655159
40 31 0.00338517
40 32 0.0017215
40 33 0.000862791
40 34 0.000426621
40 35 0.000208309
40 36 0.00010052
40 37 4.79722e-05
40 38 2.26578e-05
40 39 1.05976e-05
40 40 4.91155e-06
40 41 2.25677e-06
40 42 1.02857e-06
40 43 4.65212e-07
40 44 2.08891e-07
40 45 9.31516e-08
40 46 4.12677e-08
40 47 1.81715e-08
40 48 7.96564e-09
40 49 3.50337e-09
40 50 1.6091e-09
40 51 9.15189e-10

41 1 0.991425
41 2 0.991203
41 3 0.990742
41 4 0.990005
41 5 0.988931
41 6 0.987425
41 7 0.985346
41 8 0.982487
41 9 0.97854
41 10 0.973053
41 11 0.965355
41 12 0.954448
41 13 0.938837
41 14 0.916311
41 15 0.883733
41 16 0.836972
41 17 0.771208
41 18 0.682439
41 19 0.571388
41 20 0.447584
41 21 0.327012
41 22 0.223899
41 23 0.144952
41 24 0.089602
41 25 0.0533412
41 26 0.0307897
41 27 0.0173191
41 28 0.00952771
41 29 0.00513949
41 30 0.00272358
41 31 0.00141995
41 32 0.000729158
41 33 0.000369154
41 34 0.000184419
41 35 9.09822e-05
41 36 4.43585e-05
41 37 2.13878e-05
41 38 1.02049e-05
41 39 4.82131e-06
41 40 2.25677e-06
41 41 1.04715e-06
41 42 4.81876e-07
41 43 2.20019e-07
41 44 9.97131e-08
41 45 4.48699e-08
41 46 2.00544e-08
41 47 8.9069e-09
41 48 3.93746e-09
41 49 1.74643e-09
41 50 8.09295e-10
41 51 4.64056e-10

42 1 0.974138
42 2 0.97349
42 3 0.972145
42 4 0.970004
42 5 0.966897
42 6 0.962573
42 7 0.956659
42 8 0.948614
42 9 0.937662
42 10 0.922697
42 11 0.90218
42 12 0.874032
42 13 0.835554
42 14 0.783466
42 15 0.714485
42 16 0.627127
42 17 0.524439
42 18 0.415058
42 19 0.310388
42 20 0.219957
42 21 0.148529
42 22 0.0961831
42 23 0.0600937
42 24 0.0364108
42 25 0.021482
42 26 0.01238
42 27 0.00698554
42 28 0.00386633
42 29 0.00210203
42 30 0.00112389
42 31 0.000591543
42 32 0.00030677
42 33 0.000156875
42 34 7.91665e-05
42 35 3.94539e-05
42 36 1.94311e-05
42 37 9.46349e-06
42 38 4.56061e-06
42 39 2.17605e-06
42 40 1.02857e-06
42 41 4.81876e-07
42 42 2.23862e-07
42 43 1.03169e-07
42 44 4.71844e-08
42 45 2.14224e-08
42 46 9.65812e-09
42 47 4.32596e-09
42 48 1.92828e-09
42 49 8.6242e-10
42 50 4.03161e-10
42 51 2.33034e-10

43 1 0.923974
43 2 0.922176
43 3 0.918459
43 4 0.912572
43 5 0.904113
43 6 0.892494
43 7 0.876901
43 8 0.856233
43 9 0.829042
43 10 0.793498
43 11 0.747498
43 12 0.68911
43 13 0.617527
43 14 0.534285
43 15 0.443879
43 16 0.352981
43 17 0.268515
43 18 0.195703
43 19 0.137066
43 20 0.0925861
43 21 0.06054
43 22 0.0384487
43 23 0.0237857
43 24 0.0143674
43 25 0.00848995
43 26 0.00491559
43 27 0.0027922
43 28 0.00155773
43 29 0.000854331
43 30 0.000461024
43 31 0.000244981
43 32 0.000128288
43 33 6.62521e-05
43 34 3.37662e-05
43 35 1.69953e-05
43 36 8.45334e-06
43 37 4.15772e-06
43 38 2.02335e-06
43 39 9.74823e-07
43 40 4.65212e-07
43 41 2.20019e-07
43 42 1.03169e-07
43 43 4.79826e-08
43 44 2.21421e-08
43 45 1.0141e-08
43 46 4.61107e-09
43 47 2.08253e-09
43 48 9.35863e-10
43 49 4.22e-10
43 50 1.98985e-10
43 51 1.15925e-10

44 1 0.792272
44 2 0.788024
44 3 0.779319
44 4 0.765739
44 5 0.746659
44 6 0.721274
44 7 0.688676
44 8 0.648026
44 9 0.598839
44 10 0.541365
44 11 0.47692
44 12 0.408008
44 13 0.338065
44 14 0.270856
44 15 0.209732
44 16 0.157031
44 17 0.113822
44 18 0.0800056
44 19 0.0546363
44 20 0.0363186
44 21 0.0235413
44 22 0.0149029
44 23 0.00922687
44 24 0.00559373
44 25 0.00332407
44 26 0.00193805
44 27 0.00110958
44 28 0.0006243
44 29 0.000345461
44 30 0.000188144
44 31 0.00010092
44 32 5.3354e-05
44 33 2.78197e-05
44 34 1.43161e-05
44 35 7.27561e-06
44 36 3.65395e-06
44 37 1.81455e-06
44 38 8.91538e-07
44 39 4.33627e-07
44 40 2.08891e-07
44 41 9.97131e-08
44 42 4.71844e-08
44 43 2.21421e-08
44 44 1.03075e-08
44 45 4.76131e-09
44 46 2.18303e-09
44 47 9.93973e-10
44 48 4.50251e-10
44 49 2.04666e-10
44 50 9.73291e-11
44 51 5.71423e-11

45 1 0.531554
45 2 0.525182
45 3 0.512437
45 4 0.493354
45 5 0.46807
45 6 0.436912
45 7 0.400495
45 8 0.359794
45 9 0.316158
45 10 0.271247
45 11 0.226877
45 12 0.184803
45 13 0.146506
45 14 0.11302
45 15 0.0848619
45 16 0.0620526
45 17 0.0442207
45 18 0.030739
45 19 0.020862
45 20 0.0138364
45 21 0.00897583
45 22 0.0057
45 23 0.0035462
45 24 0.00216304
45 25 0.00129444
45 26 0.000760536
45 27 0.000439001
45 28 0.000249122
45 29 0.000139073
45 30 7.64279e-05
45 31 4.13735e-05
45 32 2.2077e-05
45 33 1.16195e-05
45 34 6.03595e-06
45 35 3.0966e-06
45 36 1.5699e-06
45 37 7.86977e-07
45 38 3.90297e-07
45 39 1.91603e-07
45 40 9.31516e-08
45 41 4.48699e-08
45 42 2.14224e-08
45 43 1.0141e-08
45 44 4.76131e-09
45 45 2.21778e-09
45 46 1.02514e-09
45 47 4.70478e-10
45 48 2.14787e-10
45 49 9.84074e-11
45 50 4.71912e-11
45 51 2.79176e-11

46 1 0.259665
46 2 0.255197
46 3 0.246428
46 4 0.233698
46 5 0.21751
46 6 0.198525
46 7 0.177536
46 8 0.155422
46 9 0.133088
46 10 0.111395
46 11 0.0910896
46 12 0.0727443
46 13 0.0567279
46 14 0.0431994
46 15 0.0321313
46 16 0.0233498
46 17 0.0165853
46 18 0.0115199
46 19 0.00782859
46 20 0.00520781
46 21 0.00339311
46 22 0.00216646
46 23 0.00135629
46 24 0.000833003
46 25 0.000502207
46 26 0.00029738
46 27 0.000173058
46 28 9.90341e-05
46 29 5.57645e-05
46 30 3.09158e-05
46 31 1.6886e-05
46 32 9.09213e-06
46 33 4.82915e-06
46 34 2.53168e-06
46 35 1.31082e-06
46 36 6.70692e-07
46 37 3.3931e-07
46 38 1.69822e-07
46 39 8.41264e-08
46 40 4.12677e-08
46 41 2.00544e-08
46 42 9.65812e-09
46 43 4.61107e-09
46 44 2.18303e-09
46 45 1.02514e-09
46 46 4.77625e-10
46 47 2.20907e-10
46 48 1.01625e-10
46 49 4.69236e-11
46 50 2.26889e-11
46 51 1.35233e-11

47 1 0.104412
47 2 0.102379
47 3 0.0984203
47 4 0.0927432
47 5 0.0856405
47 6 0.0774693
47 7 0.0686237
47 8 0.0595057
47 9 0.0504942
47 10 0.0419189
47 11 0.0340393
47 12 0.0270339
47 13 0.0209984
47 14 0.0159531
47 15 0.0118561
47 16 0.00862128
47 17 0.00613547
47 18 0.00427468
47 19 0.00291669
47 20 0.00194973
47 21 0.00127741
47 22 0.00082064
47 23 0.000517174
47 24 0.000319885
47 25 0.000194288
47 26 0.000115938
47 27 6.8009e-05
47 28 3.92391e-05
47 29 2.2281e-05
47 30 1.24586e-05
47 31 6.86414e-06
47 32 3.72859e-06
47 33 1.99804e-06
47 34 1.05687e-06
47 35 5.52137e-07
47 36 2.85052e-07
47 37 1.45507e-07
47 38 7.34766e-08
47 39 3.67216e-08
47 40 1.81715e-08
47 41 8.9069e-09
47 42 4.32596e-09
47 43 2.08253e-09
47 44 9.93973e-10
47 45 4.70478e-10
47 46 2.20907e-10
47 47 1.02951e-10
47 48 4.77184e-11
47 49 2.22028e-11
47 50 1.0824e-11
47 51 6.49945e-12

48 1 0.0386665
48 2 0.0378864
48 3 0.0363714
48 4 0.0342076
48 5 0.031515
48 6 0.0284366
48 7 0.0251264
48 8 0.0217376
48 9 0.0184102
48 10 0.0152625
48 11 0.0123847
48 12 0.00983605
48 13 0.00764625
48 14 0.00581835
48 15 0.00433438
48 16 0.00316157
48 17 0.00225849
48 18 0.00158046
48 19 0.00108374
48 20 0.000728416
48 21 0.000480069
48 22 0.00031036
48 23 0.000196902
48 24 0.000122644
48 25 7.50359e-05
48 26 4.51159e-05
48 27 2.66721e-05
48 28 1.55127e-05
48 29 8.88093e-06
48 30 5.0075e-06
48 31 2.78242e-06
48 32 1.52446e-06
48 33 8.24034e-07
48 34 4.39703e-07
48 35 2.31738e-07
48 36 1.20696e-07
48 37 6.21526e-08
48 38 3.166e-08
48 39 1.59602e-08
48 40 7.96564e-09
48 41 3.93746e-09
48 42 1.92828e-09
48 43 9.35863e-10
48 44 4.50251e-10
48 45 2.14787e-10
48 46 1.01625e-10
48 47 4.77184e-11
48 48 2.22837e-11
48 49 1.04481e-11
48 50 5.13553e-12
48 51 3.10672e-12

49 1 0.0139414
49 2 0.0136589
49 3 0.0131107
49 4 0.0123286
49 5 0.0113567
49 6 0.0102471
49 7 0.00905573
49 8 0.00783769
49 9 0.006643
49 10 0.00551353
49 11 0.004481
49 12 0.00356619
49 13 0.00277931
49 14 0.00212132
49 15 0.00158585
49 16 0.00116138
49 17 0.00083334
49 18 0.000586014
49 19 0.000403966
49 20 0.000273064
49 21 0.000181055
49 22 0.000117799
49 23 7.52372e-05
49 24 4.71919e-05
49 25 2.90833e-05
49 26 1.76185e-05
49 27 1.04969e-05
49 28 6.15387e-06
49 29 3.5519e-06
49 30 2.01945e-06
49 31 1.13164e-06
49 32 6.25351e-07
49 33 3.40972e-07
49 34 1.83538e-07
49 35 9.75829e-08
49 36 5.12722e-08
49 37 2.66353e-08
49 38 1.36867e-08
49 39 6.95963e-09
49 40 3.50337e-09
49 41 1.74643e-09
49 42 8.6242e-10
49 43 4.22e-10
49 44 2.04666e-10
49 45 9.84074e-11
49 46 4.69236e-11
49 47 2.22028e-11
49 48 1.04481e-11
49 49 4.93767e-12
49 50 2.44775e-12
49 51 1.49218e-12

50 1 0.00513821
50 2 0.00503488
50 3 0.00483433
50 4 0.00454819
50 5 0.00419255
50 6 0.00378644
50 7 0.00335023
50 8 0.00290394
50 9 0.00246578
50 10 0.00205098
50 11 0.00167114
50 12 0.00133388
50 13 0.00104302
50 14 0.000799066
50 15 0.000599838
50 16 0.000441279
50 17 0.000318199
50 18 0.000224951
50 19 0.000155952
50 20 0.000106055
50 21 7.07695e-05
50 22 4.63546e-05
50 23 2.9815e-05
50 24 1.88388e-05
50 25 1.16986e-05
50 26 7.14298e-06
50 27 4.29041e-06
50 28 2.53635e-06
50 29 1.47649e-06
50 30 8.46824e-07
50 31 4.78765e-07
50 32 2.66961e-07
50 33 1.46891e-07
50 34 7.97968e-08
50 35 4.28188e-08
50 36 2.27064e-08
50 37 1.19048e-08
50 38 6.17366e-09
50 39 3.16794e-09
50 40 1.6091e-09
50 41 8.09295e-10
50 42 4.03161e-10
50 43 1.98985e-10
50 44 9.73291e-11
50 45 4.71912e-11
50 46 2.26889e-11
50 47 1.0824e-11
50 48 5.13553e-12
50 49 2.44775e-12
50 50 1.22463e-12
50 51 7.52751e-13

51 1 0.00235529
51 2 0.00230847
51 3 0.00221757
51 4 0.00208782
51 5 0.00192644
51 6 0.00174202
51 7 0.00154371
51 8 0.00134054
51 9 0.00114074
51 10 0.000951214
51 11 0.000777252
51 12 0.000622373
51 13 0.000488393
51 14 0.000375625
51 15 0.000283178
51 16 0.000209288
51 17 0.000151667
51 18 0.000107793
51 19 7.51533e-05
51 20 5.14145e-05
51 21 3.45253e-05
51 22 2.27641e-05
51 23 1.47429e-05
51 24 9.38227e-06
51 25 5.86958e-06
51 26 3.61137e-06
51 27 2.18626e-06
51 28 1.30289e-06
51 29 7.64708e-07
51 30 4.42267e-07
51 31 2.52169e-07
51 32 1.41818e-07
51 33 7.87084e-08
51 34 4.31288e-08
51 35 2.33438e-08
51 36 1.24862e-08
51 37 6.60277e-09
51 38 3.45329e-09
51 39 1.78694e-09
51 40 9.15189e-10
51 41 4.64056e-10
51 42 2.33034e-10
51 43 1.15925e-10
51 44 5.71423e-11
51 45 2.79176e-11
51 46 1.35233e-11
51 47 6.49945e-12
51 48 3.10672e-12
51 49 1.49218e-12
51 50 7.52751e-13
51 51 4.6613e-13

#x #y #phase
1 1 1
1 2 1
1 3 1
1 4 1
1 5 1
1 6 1
1 7 1
1 8 1
1 9 1
1 10 1
1 11 1
1 12 0.999999
1 13 1
1 14 0.999999
1 15 1
1 16 0.999999
1 17 1
1 18 0.999999
1 19 1
1 20 0.999999
1 21 1
1 22 1
1 23 1
1 24 1
1 25 1
1 26 1
1 27 1
1 28 1
1 29 1
1 30 1
1 31 1
1 32 1
1 33 0.999999
1 34 0.999997
1 35 0.999989
1 36 0.999967
1 37 0.999901
1 38 0.999697
1 39 0.999075
1 40 0.99718
1 41 0.991425
1 42 0.974138
1 43 0.923974
1 44 0.792272
1 45 0.531554
1 46 0.259665
1 47 0.104412
1 48 0.0386665
1 49 0.0139414
1 50 0.00513821
1 51 0.00235529

2 1 1
2 2 1
2 3 1
2 4 1
2 5 1
2 6 1
2 7 1
2 8 1
2 9 0.999999
2 10 1
2 11 0.999999
2 12 1
2 13 0.999998
2 14 1
2 15 0.999998
2 16 1
2 17 0.999997
2 18 1
2 19 0.999998
2 20 1
2 21 0.999998
2 22 1
2 23 0.999999
2 24 1
2 25 0.999999
2 26 1
2 27 1
2 28 1
2 29 1
2 30 1
2 31 1
2 32 1
2 33 0.999999
2 34 0.999996
2 35 0.999989
2 36 0.999966
2 37 0.999898
2 38 0.999688
2 39 0.99905
2 40 0.997106
2 41 0.991203
2 42 0.97349
2 43 0.922176
2 44 0.788024
2 45 0.525182
2 46 0.255197
2 47 0.102379
2 48 0.0378864
2 49 0.0136589
2 50 0.00503488
2 51 0.00230847

3 1 1
3 2 1
3 3 1
3 4 1
3 5 1
3 6 0.999999
3 7 1
3 8 0.999999
3 9 1
3 10 0.999998
3 11 1
3 12 0.999997
3 13 1
3 14 0.999996
3 15 1
3 16 0.999995
3 17 1.00001
3 18 0.999995
3 19 1
3 20 0.999996
3 21 1
3 22 0.999997
3 23 1
3 24 0.999998
3 25 1
3 26 0.999999
3 27 1
3 28 1
3 29 1
3 30 1
3 31 1
3 32 1
3 33 0.999999
3 34 0.999996
3 35 0.999988
3 36 0.999964
3 37 0.999892
3 38 0.999671
3 39 0.998997
3 40 0.99695
3 41 0.990742
3 42 0.972145
3 43 0.918459
3 44 0.779319
3 45 0.512437
3 46 0.246428
3 47 0.0984203
