#x #y #phase
1 1 1
1 2 1
1 3 1
1 4 1
1 5 1
1 6 1
1 7 1
1 8 1
1 9 1
1 10 1
1 11 1
1 12 1
1 13 1
1 14 1
1 15 1
1 16 1
1 17 1
1 18 1
1 19 1
1 20 1
1 21 1
1 22 1
1 23 0.999999
1 24 0.999996
1 25 0.999988
1 26 0.999965
1 27 0.999893
1 28 0.999675
1 29 0.99901
1 30 0.996986
1 31 0.990846
1 32 0.97244
1 33 0.919244
1 34 0.781073
1 35 0.514831
1 36 0.248004
1 37 0.0991032
1 38 0.0365993
1 39 0.0131209
1 40 0.0046518
1 41 0.00164131
1 42 0.000577302
1 43 0.000202415
1 44 7.07008e-05
1 45 2.45811e-05
1 46 8.50137e-06
1 47 2.92377e-06
1 48 1.00024e-06
1 49 3.41526e-07
1 50 1.19508e-07
1 51 5.18813e-08

2 1 1
2 2 1
2 3 1
2 4 1
2 5 1
2 6 1
2 7 1
2 8 1
2 9 1
2 10 1
2 11 1
2 12 1
2 13 1
2 14 1
2 15 1
2 16 1
2 17 1
2 18 1
2 19 1
2 20 1
2 21 1
2 22 1
2 23 0.999999
2 24 0.999996
2 25 0.999988
2 26 0.999964
2 27 0.999889
2 28 0.999663
2 29 0.998975
2 30 0.996882
2 31 0.990542
2 32 0.971561
2 33 0.916834
2 34 0.775503
2 35 0.506899
2 36 0.242661
2 37 0.0967171
2 38 0.0356923
2 39 0.0127958
2 40 0.00453773
2 41 0.00160161
2 42 0.000563541
2 43 0.00019766
2 44 6.90636e-05
2 45 2.40199e-05
2 46 8.31002e-06
2 47 2.8589e-06
2 48 9.78376e-07
2 49 3.34178e-07
2 50 1.16983e-07
2 51 5.08065e-08

3 1 1
3 2 1
3 3 1
3 4 1
3 5 1
3 6 1
3 7 1
3 8 1
3 9 1
3 10 1
3 11 1
3 12 1
3 13 1
3 14 1
3 15 1
3 16 1
3 17 1
3 18 1
3 19 1
3 20 1
3 21 1
3 22 1
3 23 0.999999
3 24 0.999996
3 25 0.999987
3 26 0.999961
3 27 0.999881
3 28 0.999638
3 29 0.9989
3 30 0.996664
3 31 0.989902
3 32 0.969715
3 33 0.911802
3 34 0.764012
3 35 0.491037
3 36 0.232216
3 37 0.0920929
3 38 0.0339396
3 39 0.012168
3 40 0.00431741
3 41 0.00152489
3 42 0.000536936
3 43 0.000188463
3 44 6.58954e-05
3 45 2.29334e-05
3 46 7.93933e-06
3 47 2.73317e-06
3 48 9.35978e-07
3 49 3.19922e-07
3 50 1.1208e-07
3 51 4.87187e-08

4 1 1
4 2 1
4 3 1
4 4 1
4 5 1
4 6 1
4 7 1
4 8 1
4 9 1
4 10 1
4 11 1
4 12 1
4 13 1
4 14 1
4 15 1
4 16 1
4 17 1
4 18 1
4 19 1
4 20 1
4 21 1
4 22 0.999999
4 23 0.999998
4 24 0.999995
4 25 0.999985
4 26 0.999956
4 27 0.999866
4 28 0.999596
4 29 0.998778
4 30 0.996305
4 31 0.988856
4 32 0.966715
4 33 0.903699
4 34 0.7459
4 35 0.467322
4 36 0.217152
4 37 0.0855173
4 38 0.0314584
4 39 0.0112801
4 40 0.00400573
4 41 0.0014163
4 42 0.000499242
4 43 0.00017542
4 44 6.13988e-05
4 45 2.13899e-05
4 46 7.41234e-06
4 47 2.55428e-06
4 48 8.75602e-07
4 49 2.99603e-07
4 50 1.05086e-07
4 51 4.57368e-08

5 1 1
5 2 1
5 3 1
5 4 1
5 5 1
5 6 1
5 7 1
5 8 1
5 9 1
5 10 1
5 11 1
5 12 1
5 13 1
5 14 1
5 15 1
5 16 1
5 17 1
5 18 1
5 19 1
5 20 1
5 21 1
5 22 0.999999
5 23 0.999998
5 24 0.999994
5 25 0.999983
5 26 0.999948
5 27 0.999845
5 28 0.999533
5 29 0.998593
5 30 0.995764
5 31 0.987285
5 32 0.962244
5 33 0.891796
5 34 0.720149
5 35 0.436041
5 36 0.198206
5 37 0.0773959
5 38 0.0284113
5 39 0.0101909
5 40 0.00362321
5 41 0.00128288
5 42 0.00045288
5 43 0.000159359
5 44 5.58549e-05
5 45 1.94848e-05
5 46 6.7611e-06
5 47 2.33295e-06
5 48 8.00819e-07
5 49 2.74404e-07
5 50 9.63996e-08
5 51 4.20282e-08

6 1 1
6 2 1
6 3 1
6 4 1
6 5 1
6 6 1
6 7 1
6 8 1
6 9 1
6 10 1
6 11 1
6 12 1
6 13 1
6 14 1
6 15 1
6 16 1
6 17 1
6 18 1
6 19 1
6 20 1
6 21 1
6 22 0.999999
6 23 0.999998
6 24 0.999993
6 25 0.999979
6 26 0.999937
6 27 0.999813
6 28 0.999439
6 29 0.998321
6 30 0.994972
6 31 0.984997
6 32 0.955805
6 33 0.875012
6 34 0.685523
6 35 0.397861
6 36 0.176348
6 37 0.0682209
6 38 0.0249911
6 39 0.00896977
6 40 0.00319402
6 41 0.00113299
6 42 0.000400709
6 43 0.000141258
6 44 4.9597e-05
6 45 1.73311e-05
6 46 6.02381e-06
6 47 2.08202e-06
6 48 7.15902e-07
6 49 2.45747e-07
6 50 8.65037e-08
6 51 3.77948e-08

7 1 1
7 2 1
7 3 1
7 4 1
7 5 1
7 6 1
7 7 1
7 8 1
7 9 1
7 10 1
7 11 1
7 12 1
7 13 1
7 14 1
7 15 1
7 16 1
7 17 1
7 18 1
7 19 1
7 20 1
7 21 1
7 22 0.999999
7 23 0.999997
7 24 0.999991
7 25 0.999973
7 26 0.999921
7 27 0.999765
7 28 0.999302
7 29 0.997922
7 30 0.993819
7 31 0.981695
7 32 0.946636
7 33 0.851812
7 34 0.64083
7 35 0.353988
7 36 0.152729
7 37 0.0585272
7 38 0.0214014
7 39 0.00768927
7 40 0.00274348
7 41 0.000975361
7 42 0.000345743
7 43 0.000122149
7 44 4.29786e-05
7 45 1.50492e-05
7 46 5.24122e-06
7 47 1.8152e-06
7 48 6.25445e-07
7 49 2.15161e-07
7 50 7.59195e-08
7 51 3.32563e-08

8 1 1
8 2 1
8 3 1
8 4 1
8 5 1
8 6 1
8 7 1
8 8 1
8 9 1
8 10 1
8 11 1
8 12 1
8 13 1
8 14 1
8 15 1
8 16 1
8 17 1
8 18 1
8 19 1
8 20 1
8 21 0.999999
8 22 0.999999
8 23 0.999996
8 24 0.999988
8 25 0.999964
8 26 0.999896
8 27 0.999694
8 28 0.999097
8 29 0.997334
8 30 0.992133
8 31 0.976914
8 32 0.933588
8 33 0.820112
8 34 0.585387
8 35 0.306226
8 36 0.128593
8 37 0.0488406
8 38 0.0178368
8 39 0.00641839
8 40 0.00229566
8 41 0.000818346
8 42 0.000290862
8 43 0.000103027
8 44 3.63406e-05
8 45 1.27556e-05
8 46 4.45296e-06
8 47 1.54587e-06
8 48 5.33943e-07
8 49 1.84151e-07
8 50 6.51616e-08
8 51 2.86305e-08

9 1 1
9 2 1
9 3 1
9 4 1
9 5 1
9 6 1
9 7 1
9 8 1
9 9 1
9 10 1
9 11 1
9 12 1
9 13 1
9 14 1
9 15 1
9 16 1
9 17 1
9 18 1
9 19 1
9 20 0.999999
9 21 0.999999
9 22 0.999998
9 23 0.999994
9 24 0.999983
9 25 0.999951
9 26 0.999857
9 27 0.999585
9 28 0.998788
9 29 0.996455
9 30 0.989638
9 31 0.969928
9 32 0.91496
9 33 0.777246
9 34 0.519674
9 35 0.256895
9 36 0.105147
9 37 0.0396272
9 38 0.0144649
9 39 0.00521609
9 40 0.00187115
9 41 0.000669121
9 42 0.000238563
9 43 8.47542e-05
9 44 2.99813e-05
9 45 1.05527e-05
9 46 3.69405e-06
9 47 1.28594e-06
9 48 4.45413e-07
9 49 1.54071e-07
9 50 5.46954e-08
9 51 2.41158e-08

10 1 1
10 2 1
10 3 1
10 4 1
10 5 1
10 6 1
10 7 1
10 8 1
10 9 1
10 10 1
10 11 1
10 12 1
10 13 1
10 14 1
10 15 0.999999
10 16 1
10 17 0.999999
10 18 1
10 19 0.999999
10 20 1
10 21 0.999998
10 22 0.999997
10 23 0.999991
10 24 0.999975
10 25 0.999929
10 26 0.999797
10 27 0.999416
10 28 0.998314
10 29 0.995119
10 30 0.985889
10 31 0.959607
10 32 0.888293
10 33 0.720263
10 34 0.445894
10 35 0.208554
10 36 0.0834338
10 37 0.031252
10 38 0.011413
10 39 0.00412698
10 40 0.00148563
10 41 0.000533181
10 42 0.000190769
10 43 6.80049e-05
10 44 2.41347e-05
10 45 8.52172e-06
10 46 2.99239e-06
10 47 1.04495e-06
10 48 3.631e-07
10 49 1.26019e-07
10 50 4.49025e-08
10 51 1.9876e-08

11 1 1
11 2 1
11 3 1
11 4 1
11 5 1
11 6 1
11 7 1
11 8 1
11 9 1
11 10 1
11 11 1
11 12 1
11 13 1
11 14 0.999999
11 15 1
11 16 0.999999
11 17 1
11 18 0.999998
11 19 1
11 20 0.999998
11 21 0.999999
11 22 0.999994
11 23 0.999987
11 24 0.999962
11 25 0.999894
11 26 0.9997
11 27 0.999148
11 28 0.997568
11 29 0.993045
11 30 0.980152
11 31 0.944169
11 32 0.850197
11 33 0.646958
11 34 0.368062
11 35 0.163618
11 36 0.0642218
11 37 0.0239556
11 38 0.00876161
11 39 0.00317924
11 40 0.00114909
11 41 0.000414092
11 42 0.000148749
11 43 5.32277e-05
11 44 1.89594e-05
11 45 6.71811e-06
11 46 2.36732e-06
11 47 8.29586e-07
11 48 2.89305e-07
11 49 1.00785e-07
11 50 3.606e-08
11 51 1.60321e-08

12 1 1
12 2 1
12 3 1
12 4 1
12 5 1
12 6 1
12 7 1
12 8 1
12 9 1
12 10 1
12 11 1
12 12 1
12 13 0.999999
12 14 1
12 15 0.999998
12 16 1
12 17 0.999997
12 18 1
12 19 0.999997
12 20 1
12 21 0.999995
12 22 0.999993
12 23 0.999978
12 24 0.999941
12 25 0.999835
12 26 0.999541
12 27 0.998712
12 28 0.996371
12 29 0.989755
12 30 0.971213
12 31 0.920836
12 32 0.796315
12 33 0.557798
12 34 0.291346
12 35 0.123975
12 36 0.0479521
12 37 0.0178497
12 38 0.00654551
12 39 0.00238507
12 40 0.000866019
12 41 0.000313514
12 42 0.000113118
12 43 4.06485e-05
12 44 1.45374e-05
12 45 5.17153e-06
12 46 1.82944e-06
12 47 6.43612e-07
12 48 2.2535e-07
12 49 7.88334e-08
12 50 2.83351e-08
12 51 1.26586e-08

13 1 1
13 2 1
13 3 1
13 4 1
13 5 1
13 6 1
13 7 1
13 8 1
13 9 1
13 10 1
13 11 1
13 12 0.999999
13 13 1
13 14 0.999998
13 15 1
13 16 0.999996
13 17 1
13 18 0.999996
13 19 1
13 20 0.999995
13 21 0.999998
13 22 0.999985
13 23 0.999965
13 24 0.999902
13 25 0.999735
13 26 0.999271
13 27 0.997985
13 28 0.994401
13 29 0.98443
13 30 0.957061
13 31 0.885424
13 32 0.721951
13 33 0.457652
13 34 0.220844
13 35 0.0907391
13 36 0.0347413
13 37 0.0129323
13 38 0.00475998
13 39 0.00174298
13 40 0.000636144
13 41 0.000231463
13 42 8.3919e-05
13 43 3.02959e-05
13 44 1.08832e-05
13 45 3.88838e-06
13 46 1.38144e-06
13 47 4.88106e-07
13 48 1.71658e-07
13 49 6.03266e-08
13 50 2.17922e-08
13 51 9.78705e-09

14 1 1
14 2 1
14 3 1
14 4 1
14 5 1
14 6 1
14 7 1
14 8 1
14 9 1
14 10 1
14 11 0.999999
14 12 1
14 13 0.999998
14 14 1
14 15 0.999996
14 16 1
14 17 0.999994
14 18 1
14 19 0.999993
14 20 1
14 21 0.999987
14 22 0.999979
14 23 0.999936
14 24 0.999836
14 25 0.999557
14 26 0.998803
14 27 0.99674
14 28 0.991084
14 29 0.975635
14 30 0.934405
14 31 0.832153
14 32 0.624557
14 33 0.355377
14 34 0.160358
14 35 0.0642003
14 36 0.0244365
14 37 0.00911462
14 38 0.00337087
14 39 0.00124125
14 40 0.000455617
14 41 0.000166697
14 42 6.07575e-05
14 43 2.2045e-05
14 44 7.9577e-06
14 45 2.85661e-06
14 46 1.01965e-06
14 47 3.61984e-07
14 48 1.27919e-07
14 49 4.51806e-08
14 50 1.641e-08
14 51 7.41196e-09

15 1 1
15 2 1
15 3 1
15 4 1
15 5 1
15 6 1
15 7 1
15 8 1
15 9 1
15 10 0.999999
15 11 1
15 12 0.999998
15 13 1
15 14 0.999996
15 15 1.00001
15 16 0.999994
15 17 1.00001
15 18 0.999992
15 19 1
15 20 0.999988
15 21 0.999988
15 22 0.999953
15 23 0.999891
15 24 0.999709
15 25 0.999237
15 26 0.997969
15 27 0.994561
15 28 0.985375
15 29 0.960869
15 30 0.898008
15 31 0.754274
15 32 0.508181
15 33 0.260833
15 34 0.111728
15 35 0.0439626
15 36 0.0166999
15 37 0.00625263
15 38 0.00232577
15 39 0.000861805
15 40 0.000318312
15 41 0.000117161
15 42 4.29469e-05
15 43 1.56677e-05
15 44 5.68534e-06
15 45 2.05138e-06
15 46 7.35971e-07
15 47 2.62622e-07
15 48 9.3293e-08
15 49 3.31296e-08
15 50 1.21038e-08
15 51 5.50041e-09

16 1 1
16 2 1
16 3 1
16 4 1
16 5 1
16 6 1
16 7 1
16 8 1
16 9 1
16 10 1
16 11 0.999999
16 12 1
16 13 0.999996
16 14 1
16 15 0.999994
16 16 1.00001
16 17 0.999991
16 18 1.00001
16 19 0.999987
16 20 0.999993
16 21 0.999962
16 22 0.999922
16 23 0.999792
16 24 0.999476
16 25 0.99864
16 26 0.996448
16 27 0.990652
16 28 0.975362
16 29 0.935835
16 30 0.840234
16 31 0.647076
16 32 0.385385
16 33 0.181365
16 34 0.0748855
16 35 0.0291787
16 36 0.0110985
16 37 0.00417773
16 38 0.00156436
16 39 0.000583675
16 40 0.000217039
16 41 8.0401e-05
16 42 2.96527e-05
16 43 1.0881e-05
16 44 3.97069e-06
16 45 1.44063e-06
16 46 5.19705e-07
16 47 1.86481e-07
16 48 6.66196e-08
16 49 2.37953e-08
16 50 8.7483e-09
16 51 4.0014e-09

17 1 1
17 2 1
17 3 1
17 4 1
17 5 1
17 6 1
17 7 1
17 8 1
17 9 1
17 10 0.999999
17 11 1
17 12 0.999997
17 13 1
17 14 0.999994
17 15 1.00001
17 16 0.999991
17 17 1.00001
17 18 0.999986
17 19 0.999996
17 20 0.999966
17 21 0.99994
17 22 0.999838
17 23 0.999612
17 24 0.999018
17 25 0.997509
17 26 0.993606
17 27 0.9835
17 28 0.957556
17 29 0.893484
17 30 0.752075
17 31 0.514883
17 32 0.27213
17 33 0.120024
17 34 0.0484261
17 35 0.0188007
17 36 0.00717981
17 37 0.00272082
17 38 0.00102644
17 39 0.000385843
17 40 0.000144512
17 41 5.39017e-05
17 42 2.00091e-05
17 43 7.38804e-06
17 44 2.7123e-06
17 45 9.89903e-07
17 46 3.59218e-07
17 47 1.29663e-07
17 48 4.66017e-08
17 49 1.67486e-08
17 50 6.19876e-09
17 51 2.85473e-09

18 1 1
18 2 1
18 3 1
18 4 1
18 5 1
18 6 1
18 7 1
18 8 1
18 9 1
18 10 1
18 11 0.999998
18 12 1
18 13 0.999996
18 14 1
18 15 0.999992
18 16 1.00001
18 17 0.999986
18 18 0.999998
18 19 0.999967
18 20 0.99995
18 21 0.999862
18 22 0.999688
18 23 0.999232
18 24 0.998117
18 25 0.995302
18 26 0.988186
18 27 0.970205
18 28 0.925764
18 29 0.823513
18 30 0.628188
18 31 0.375488
18 32 0.179941
18 33 0.0760179
18 34 0.0303036
18 35 0.0117788
18 36 0.00452606
18 37 0.00172862
18 38 0.000657462
18 39 0.000249125
18 40 9.40214e-05
18 41 3.53236e-05
18 42 1.3203e-05
18 43 4.90715e-06
18 44 1.81305e-06
18 45 6.65884e-07
18 46 2.43161e-07
18 47 8.8329e-08
18 48 3.19498e-08
18 49 1.15582e-08
18 50 4.30792e-09
18 51 1.99822e-09

19 1 1
19 2 1
19 3 1
19 4 1
19 5 1
19 6 1
19 7 1
19 8 1
19 9 1
19 10 0.999999
19 11 1
19 12 0.999997
19 13 1
19 14 0.999993
19 15 1
19 16 0.999987
19 17 0.999996
19 18 0.999967
19 19 0.999953
19 20 0.999873
19 21 0.999727
19 22 0.999348
19 23 0.998461
19 24 0.996282
19 25 0.990923
19 26 0.977674
19 27 0.945307
19 28 0.869811
19 29 0.714921
19 30 0.477595
19 31 0.251365
19 32 0.112427
19 33 0.0463318
19 34 0.0184013
19 35 0.00718678
19 36 0.00278327
19 37 0.00107231
19 38 0.000411425
19 39 0.000157218
19 40 5.98129e-05
19 41 2.26427e-05
19 42 8.52442e-06
19 43 3.19027e-06
19 44 1.18669e-06
19 45 4.38753e-07
19 46 1.61291e-07
19 47 5.89831e-08
19 48 2.14796e-08
19 49 7.82421e-09
19 50 2.93774e-09
19 51 1.37289e-09

20 1 1
20 2 1
20 3 1
20 4 1
20 5 1
20 6 1
20 7 1
20 8 1
20 9 0.999999
20 10 1
20 11 0.999998
20 12 1
20 13 0.999995
20 14 1
20 15 0.999988
20 16 0.999993
20 17 0.999966
20 18 0.99995
20 19 0.999873
20 20 0.999739
20 21 0.9994
20 22 0.998638
20 23 0.996822
20 24 0.992495
20 25 0.982074
20 26 0.957109
20 27 0.899082
20 28 0.775957
20 29 0.565977
20 30 0.327175
20 31 0.156225
20 32 0.0670029
20 33 0.0273072
20 34 0.01087
20 35 0.00427685
20 36 0.00167147
20 37 0.000650079
20 38 0.00025174
20 39 9.70508e-05
20 40 3.72323e-05
20 41 1.42064e-05
20 42 5.38872e-06
20 43 2.0314e-06
20 44 7.60997e-07
20 45 2.83345e-07
20 46 1.04895e-07
20 47 3.86307e-08
20 48 1.4168e-08
20 49 5.19815e-09
20 50 1.96676e-09
20 51 9.26269e-10

21 1 1
21 2 1
21 3 1
21 4 1
21 5 1
21 6 1
21 7 1
21 8 0.999999
21 9 0.999999
21 10 0.999998
21 11 0.999999
21 12 0.999995
21 13 0.999998
21 14 0.999987
21 15 0.999988
21 16 0.999962
21 17 0.99994
21 18 0.999862
21 19 0.999727
21 20 0.9994
21 21 0.998693
21 22 0.997063
21 23 0.993309
21 24 0.984536
21 25 0.96404
21 26 0.917098
21 27 0.816569
21 28 0.63449
21 29 0.398647
21 30 0.20382
21 31 0.0914548
21 32 0.0384057
21 33 0.0156274
21 34 0.00626025
21 35 0.00248597
21 36 0.000981368
21 37 0.000385523
21 38 0.000150739
21 39 5.86473e-05
21 40 2.26944e-05
21 41 8.73037e-06
21 42 3.33753e-06
21 43 1.2677e-06
21 44 4.78435e-07
21 45 1.79454e-07
21 46 6.69245e-08
21 47 2.48293e-08
21 48 9.17377e-09
21 49 3.39106e-09
21 50 1.29326e-09
21 51 6.1396e-10

22 1 1
22 2 1
22 3 1
22 4 0.999999
22 5 0.999999
22 6 0.999999
22 7 0.999999
22 8 0.999999
22 9 0.999998
22 10 0.999997
22 11 0.999994
22 12 0.999993
22 13 0.999985
22 14 0.999979
22 15 0.999953
22 16 0.999922
22 17 0.999838
22 18 0.999688
22 19 0.999348
22 20 0.998638
22 21 0.997063
22 22 0.993562
22 23 0.985643
22 24 0.967681
22 25 0.92746
22 26 0.84193
22 27 0.682755
22 28 0.458498
22 29 0.250109
22 30 0.117698
22 31 0.0510967
22 32 0.0213132
22 33 0.00871265
22 34 0.00352196
22 35 0.00141334
22 36 0.000563948
22 37 0.000223868
22 38 8.8408e-05
22 39 3.47213e-05
22 40 1.35556e-05
22 41 5.25878e-06
22 42 2.02666e-06
22 43 7.75849e-07
22 44 2.95078e-07
22 45 1.11532e-07
22 46 4.19143e-08
22 47 1.567e-08
22 48 5.83412e-09
22 49 2.1733e-09
22 50 8.35653e-10
22 51 3.99978e-10

23 1 0.999999
23 2 0.999999
23 3 0.999999
23 4 0.999998
23 5 0.999998
23 6 0.999998
23 7 0.999997
23 8 0.999996
23 9 0.999994
23 10 0.999991
23 11 0.999987
23 12 0.999978
23 13 0.999965
23 14 0.999936
23 15 0.999891
23 16 0.999792
23 17 0.999612
23 18 0.999232
23 19 0.998461
23 20 0.996822
23 21 0.993309
23 22 0.985643
23 23 0.968816
23 24 0.932191
23 25 0.855742
23 26 0.712952
23 27 0.502496
23 28 0.289783
23 29 0.142852
23 30 0.0642282
23 31 0.0275279
23 32 0.011509
23 33 0.00474509
23 34 0.00193891
23 35 0.000786942
23 36 0.000317538
23 37 0.000127413
23 38 5.08308e-05
23 39 2.01555e-05
23 40 7.94044e-06
23 41 3.10708e-06
23 42 1.2074e-06
23 43 4.65983e-07
23 44 1.78652e-07
23 45 6.8066e-08
23 46 2.57836e-08
23 47 9.71605e-09
23 48 3.64605e-09
23 49 1.36904e-09
23 50 5.30849e-10
23 51 2.56222e-10

24 1 0.999996
24 2 0.999996
24 3 0.999996
24 4 0.999995
24 5 0.999994
24 6 0.999993
24 7 0.999991
24 8 0.999988
24 9 0.999983
24 10 0.999975
24 11 0.999962
24 12 0.999941
24 13 0.999902
24 14 0.999836
24 15 0.999709
24 16 0.999476
24 17 0.999018
24 18 0.998117
24 19 0.996282
24 20 0.992495
24 21 0.984536
24 22 0.967681
24 23 0.932191
24 24 0.860119
24 25 0.727389
24 26 0.529041
24 27 0.318525
24 28 0.163726
24 29 0.0762337
24 30 0.0336266
24 31 0.014407
24 32 0.00607018
24 33 0.00253007
24 34 0.00104613
24 35 0.000429658
24 36 0.000175372
24 37 7.11404e-05
24 38 2.86749e-05
24 39 1.1481e-05
24 40 4.56479e-06
24 41 1.80196e-06
24 42 7.06224e-07
24 43 2.74844e-07
24 44 1.06247e-07
24 45 4.08144e-08
24 46 1.55879e-08
24 47 5.92202e-09
24 48 2.24035e-09
24 49 8.48085e-10
24 50 3.31683e-10
24 51 1.61462e-10

25 1 0.999988
25 2 0.999988
25 3 0.999987
25 4 0.999985
25 5 0.999983
25 6 0.999979
25 7 0.999973
25 8 0.999964
25 9 0.999951
25 10 0.999929
25 11 0.999894
25 12 0.999835
25 13 0.999735
25 14 0.999557
25 15 0.999237
25 16 0.99864
25 17 0.997509
25 18 0.995302
25 19 0.990923
25 20 0.982074
25 21 0.96404
25 22 0.92746
25 23 0.855742
25 24 0.727389
25 25 0.537878
25 26 0.333545
25 27 0.177512
25 28 0.0854378
25 29 0.0388133
25 30 0.017069
25 31 0.00736305
25 32 0.00313607
25 33 0.00132319
25 34 0.000553961
25 35 0.000230298
25 36 9.50976e-05
25 37 3.90027e-05
25 38 1.58844e-05
25 39 6.42227e-06
25 40 2.57729e-06
25 41 1.02652e-06
25 42 4.05834e-07
25 43 1.59301e-07
25 44 6.21073e-08
25 45 2.40611e-08
25 46 9.26703e-09
25 47 3.55012e-09
25 48 1.35417e-09
25 49 5.16888e-10
25 50 2.03929e-10
25 51 1.00134e-10

26 1 0.999965
26 2 0.999964
26 3 0.999961
26 4 0.999956
26 5 0.999948
26 6 0.999937
26 7 0.999921
26 8 0.999896
26 9 0.999857
26 10 0.999797
26 11 0.9997
26 12 0.999541
26 13 0.999271
26 14 0.998803
26 15 0.997969
26 16 0.996448
26 17 0.993606
26 18 0.988186
26 19 0.977674
26 20 0.957109
26 21 0.917098
26 22 0.84193
26 23 0.712952
26 24 0.529041
26 25 0.333545
26 26 0.182327
26 27 0.0904379
26 28 0.0423091
26 29 0.0191216
26 30 0.00845904
26 31 0.00368815
26 32 0.00159058
26 33 0.000679828
26 34 0.000288258
26 35 0.000121313
26 36 5.06793e-05
26 37 2.10141e-05
26 38 8.64714e-06
26 39 3.53053e-06
26 40 1.43015e-06
26 41 5.74812e-07
26 42 2.2928e-07
26 43 9.07924e-08
26 44 3.57076e-08
26 45 1.39539e-08
26 46 5.42062e-09
26 47 2.0943e-09
26 48 8.05592e-10
26 49 3.10093e-10
26 50 1.23433e-10
26 51 6.11418e-11

27 1 0.999893
27 2 0.999889
27 3 0.999881
27 4 0.999866
27 5 0.999845
27 6 0.999813
27 7 0.999765
27 8 0.999694
27 9 0.999585
27 10 0.999416
27 11 0.999148
27 12 0.998712
27 13 0.997985
27 14 0.99674
27 15 0.994561
27 16 0.990652
27 17 0.9835
27 18 0.970205
27 19 0.945307
27 20 0.899082
27 21 0.816569
27 22 0.682755
27 23 0.502496
27 24 0.318525
27 25 0.177512
27 26 0.0904379
27 27 0.043544
27 28 0.0202418
27 29 0.00919661
27 30 0.00411144
27 31 0.00181539
27 32 0.000793375
27 33 0.000343598
27 34 0.000147563
27 35 6.28623e-05
27 36 2.6565e-05
27 37 1.11354e-05
27 38 4.62939e-06
27 39 1.90871e-06
27 40 7.80508e-07
27 41 3.16602e-07
27 42 1.27433e-07
27 43 5.09166e-08
27 44 2.02038e-08
27 45 7.96528e-09
27 46 3.12138e-09
27 47 1.2164e-09
27 48 4.71895e-10
27 49 1.83199e-10
27 50 7.35816e-11
27 51 3.67718e-11

28 1 0.999675
28 2 0.999663
28 3 0.999638
28 4 0.999596
28 5 0.999533
28 6 0.999439
28 7 0.999302
28 8 0.999097
28 9 0.998788
28 10 0.998314
28 11 0.997568
28 12 0.996371
28 13 0.994401
28 14 0.991084
28 15 0.985375
28 16 0.975362
28 17 0.957556
28 18 0.925764
28 19 0.869811
28 20 0.775957
28 21 0.63449
28 22 0.458498
28 23 0.289783
28 24 0.163726
28 25 0.0854378
28 26 0.0423091
28 27 0.0202418
28 28 0.00945703
28 29 0.00434169
28 30 0.00196585
28 31 0.000879812
28 32 0.000389741
28 33 0.000171031
28 34 7.43854e-05
28 35 3.20704e-05
28 36 1.3707e-05
28 37 5.80743e-06
28 38 2.43907e-06
28 39 1.01551e-06
28 40 4.19219e-07
28 41 1.7164e-07
28 42 6.97237e-08
28 43 2.81136e-08
28 44 1.12569e-08
28 45 4.4779e-09
28 46 1.77035e-09
28 47 6.95937e-10
28 48 2.72312e-10
28 49 1.0663e-10
28 50 4.32191e-11
28 51 2.17917e-11

29 1 0.99901
29 2 0.998975
29 3 0.9989
29 4 0.998778
29 5 0.998593
29 6 0.998321
29 7 0.997922
29 8 0.997334
29 9 0.996455
29 10 0.995119
29 11 0.993045
29 12 0.989755
29 13 0.98443
29 14 0.975635
29 15 0.960869
29 16 0.935835
29 17 0.893484
29 18 0.823513
29 19 0.714921
29 20 0.565977
29 21 0.398647
29 22 0.250109
29 23 0.142852
29 24 0.0762337
29 25 0.0388133
29 26 0.0191216
29 27 0.00919661
29 28 0.00434169
29 29 0.00201883
29 30 0.000926626
29 31 0.000420449
29 32 0.000188778
29 33 8.39235e-05
29 34 3.69543e-05
29 35 1.61201e-05
29 36 6.96655e-06
29 37 2.98287e-06
29 38 1.26548e-06
29 39 5.32053e-07
29 40 2.21746e-07
29 41 9.16474e-08
29 42 3.75776e-08
29 43 1.52925e-08
29 44 6.17957e-09
29 45 2.48053e-09
29 46 9.89468e-10
29 47 3.92394e-10
29 48 1.54872e-10
29 49 6.11722e-11
29 50 2.50226e-11
29 51 1.27303e-11

30 1 0.996986
30 2 0.996882
30 3 0.996664
30 4 0.996305
30 5 0.995764
30 6 0.994972
30 7 0.993819
30 8 0.992133
30 9 0.989638
30 10 0.985889
30 11 0.980152
30 12 0.971213
30 13 0.957061
30 14 0.934405
30 15 0.898008
30 16 0.840234
30 17 0.752075
30 18 0.628188
30 19 0.477595
30 20 0.327175
30 21 0.20382
30 22 0.117698
30 23 0.0642282
30 24 0.0336266
30 25 0.017069
30 26 0.00845904
30 27 0.00411144
30 28 0.00196585
30 29 0.000926626
30 30 0.000431231
30 31 0.00019835
30 32 9.02394e-05
30 33 4.06267e-05
30 34 1.81053e-05
30 35 7.98827e-06
30 36 3.48983e-06
30 37 1.5098e-06
30 38 6.46972e-07
30 39 2.74679e-07
30 40 1.15584e-07
30 41 4.82268e-08
30 42 1.99613e-08
30 43 8.19964e-09
30 44 3.34415e-09
30 45 1.35466e-09
30 46 5.45234e-10
30 47 2.18138e-10
30 48 8.68474e-11
30 49 3.4604e-11
30 50 1.42862e-11
30 51 7.33376e-12

31 1 0.990846
31 2 0.990542
31 3 0.989902
31 4 0.988856
31 5 0.987285
31 6 0.984997
31 7 0.981695
31 8 0.976914
31 9 0.969928
31 10 0.959607
31 11 0.944169
31 12 0.920836
31 13 0.885424
31 14 0.832153
31 15 0.754274
31 16 0.647076
31 17 0.514883
31 18 0.375488
31 19 0.251365
31 20 0.156225
31 21 0.0914548
31 22 0.0510967
31 23 0.0275279
31 24 0.014407
31 25 0.00736305
31 26 0.00368815
31 27 0.00181539
31 28 0.000879812
31 29 0.000420449
31 30 0.00019835
31 31 9.24514e-05
31 32 4.26008e-05
31 33 1.94144e-05
31 34 8.75295e-06
31 35 3.9048e-06
31 36 1.72402e-06
31 37 7.53517e-07
31 38 3.26121e-07
31 39 1.39818e-07
31 40 5.94063e-08
31 41 2.50254e-08
31 42 1.0457e-08
31 43 4.33607e-09
31 44 1.78493e-09
31 45 7.29692e-10
31 46 2.96346e-10
31 47 1.19616e-10
31 48 4.80396e-11
31 49 1.93096e-11
31 50 8.0463e-12
31 51 4.16795e-12

32 1 0.97244
32 2 0.971561
32 3 0.969715
32 4 0.966715
32 5 0.962244
32 6 0.955805
32 7 0.946636
32 8 0.933588
32 9 0.91496
32 10 0.888293
32 11 0.850197
32 12 0.796315
32 13 0.721951
32 14 0.624557
32 15 0.508181
32 16 0.385385
32 17 0.27213
32 18 0.179941
32 19 0.112427
32 20 0.0670029
32 21 0.0384057
32 22 0.0213132
32 23 0.011509
32 24 0.00607018
32 25 0.00313607
32 26 0.00159058
32 27 0.000793375
32 28 0.000389741
32 29 0.000188778
32 30 9.02394e-05
32 31 4.26008e-05
32 32 1.98719e-05
32 33 9.16281e-06
32 34 4.17749e-06
32 35 1.88373e-06
32 36 8.4036e-07
32 37 3.71022e-07
32 38 1.62178e-07
32 39 7.02149e-08
32 40 3.01241e-08
32 41 1.28129e-08
32 42 5.40527e-09
32 43 2.26259e-09
32 44 9.401e-10
32 45 3.87857e-10
32 46 1.58944e-10
32 47 6.47255e-11
32 48 2.62228e-11
32 49 1.06333e-11
32 50 4.47241e-12
32 51 2.3377e-12

33 1 0.919244
33 2 0.916834
33 3 0.911802
33 4 0.903699
33 5 0.891796
33 6 0.875012
33 7 0.851812
33 8 0.820112
33 9 0.777246
33 10 0.720263
33 11 0.646958
33 12 0.557798
33 13 0.457652
33 14 0.355377
33 15 0.260833
33 16 0.181365
33 17 0.120024
33 18 0.0760179
33 19 0.0463318
33 20 0.0273072
33 21 0.0156274
33 22 0.00871265
33 23 0.00474509
33 24 0.00253007
33 25 0.00132319
33 26 0.000679828
33 27 0.000343598
33 28 0.000171031
33 29 8.39235e-05
33 30 4.06267e-05
33 31 1.94144e-05
33 32 9.16281e-06
33 33 4.27263e-06
33 34 1.96914e-06
33 35 8.97267e-07
33 36 4.04387e-07
33 37 1.80336e-07
33 38 7.96107e-08
33 39 3.48074e-08
33 40 1.50795e-08
33 41 6.47613e-09
33 42 2.75829e-09
33 43 1.16555e-09
33 44 4.88812e-10
33 45 2.03525e-10
33 46 8.41583e-11
33 47 3.45757e-11
33 48 1.41308e-11
33 49 5.7807e-12
33 50 2.45424e-12
33 51 1.29444e-12

34 1 0.781073
34 2 0.775503
34 3 0.764012
34 4 0.7459
34 5 0.720149
34 6 0.685523
34 7 0.64083
34 8 0.585387
34 9 0.519674
34 10 0.445894
34 11 0.368062
34 12 0.291346
34 13 0.220844
34 14 0.160358
34 15 0.111728
34 16 0.0748855
34 17 0.0484261
34 18 0.0303036
34 19 0.0184013
34 20 0.01087
34 21 0.00626025
34 22 0.00352196
34 23 0.00193891
34 24 0.00104613
34 25 0.000553961
34 26 0.000288258
34 27 0.000147563
34 28 7.43854e-05
34 29 3.69543e-05
34 30 1.81053e-05
34 31 8.75295e-06
34 32 4.17749e-06
34 33 1.96914e-06
34 34 9.17092e-07
34 35 4.22193e-07
34 36 1.92205e-07
34 37 8.6572e-08
34 38 3.85979e-08
34 39 1.70424e-08
34 40 7.45561e-09
34 41 3.23303e-09
34 42 1.39022e-09
34 43 5.93022e-10
34 44 2.51024e-10
34 45 1.05477e-10
34 46 4.40086e-11
34 47 1.82409e-11
34 48 7.52028e-12
34 49 3.10365e-12
34 50 1.33009e-12
34 51 7.07883e-13

35 1 0.514831
35 2 0.506899
35 3 0.491037
35 4 0.467322
35 5 0.436041
35 6 0.397861
35 7 0.353988
35 8 0.306226
35 9 0.256895
35 10 0.208554
35 11 0.163618
35 12 0.123975
35 13 0.0907391
35 14 0.0642003
35 15 0.0439626
35 16 0.0291787
35 17 0.0188007
35 18 0.0117788
35 19 0.00718678
35 20 0.00427685
35 21 0.00248597
35 22 0.00141334
35 23 0.000786942
35 24 0.000429658
35 25 0.000230298
35 26 0.000121313
35 27 6.28623e-05
35 28 3.20704e-05
35 29 1.61201e-05
35 30 7.98827e-06
35 31 3.9048e-06
35 32 1.88373e-06
35 33 8.97267e-07
35 34 4.22193e-07
35 35 1.96334e-07
35 36 9.02806e-08
35 37 4.107e-08
35 38 1.84928e-08
35 39 8.24584e-09
35 40 3.64266e-09
35 41 1.5949e-09
35 42 6.92383e-10
35 43 2.98134e-10
35 44 1.27372e-10
35 45 5.40094e-11
35 46 2.27371e-11
35 47 9.50759e-12
35 48 3.95404e-12
35 49 1.64629e-12
35 50 7.12178e-13
35 51 3.82449e-13

36 1 0.248004
36 2 0.242661
36 3 0.232216
36 4 0.217152
36 5 0.198206
36 6 0.176348
36 7 0.152729
36 8 0.128593
36 9 0.105147
36 10 0.0834338
36 11 0.0642218
36 12 0.0479521
36 13 0.0347413
36 14 0.0244365
36 15 0.0166999
36 16 0.0110985
36 17 0.00717981
36 18 0.00452606
36 19 0.00278327
36 20 0.00167147
36 21 0.000981368
36 22 0.000563948
36 23 0.000317538
36 24 0.000175372
36 25 9.50976e-05
36 26 5.06793e-05
36 27 2.6565e-05
36 28 1.3707e-05
36 29 6.96655e-06
36 30 3.48983e-06
36 31 1.72402e-06
36 32 8.4036e-07
36 33 4.04387e-07
36 34 1.92205e-07
36 35 9.02806e-08
36 36 4.19291e-08
36 37 1.92641e-08
36 38 8.76011e-09
36 39 3.94454e-09
36 40 1.75953e-09
36 41 7.77822e-10
36 42 3.40886e-10
36 43 1.48161e-10
36 44 6.38839e-11
36 45 2.7335e-11
36 46 1.16106e-11
36 47 4.89781e-12
36 48 2.0547e-12
36 49 8.63043e-13
36 50 3.76869e-13
36 51 2.04205e-13

37 1 0.0991032
37 2 0.0967171
37 3 0.0920929
37 4 0.0855173
37 5 0.0773959
37 6 0.0682209
37 7 0.0585272
37 8 0.0488406
37 9 0.0396272
37 10 0.031252
37 11 0.0239556
37 12 0.0178497
37 13 0.0129323
37 14 0.00911462
37 15 0.00625263
37 16 0.00417773
37 17 0.00272082
37 18 0.00172862
37 19 0.00107231
37 20 0.000650079
37 21 0.000385523
37 22 0.000223868
37 23 0.000127413
37 24 7.11404e-05
37 25 3.90027e-05
37 26 2.10141e-05
37 27 1.11354e-05
37 28 5.80743e-06
37 29 2.98287e-06
37 30 1.5098e-06
37 31 7.53517e-07
37 32 3.71022e-07
37 33 1.80336e-07
37 34 8.6572e-08
37 35 4.107e-08
37 36 1.92641e-08
37 37 8.93865e-09
37 38 4.10485e-09
37 39 1.86645e-09
37 40 8.40632e-10
37 41 3.75174e-10
37 42 1.65978e-10
37 43 7.28123e-11
37 44 3.16836e-11
37 45 1.36796e-11
37 46 5.86218e-12
37 47 2.49459e-12
37 48 1.05562e-12
37 49 4.47305e-13
37 50 1.97167e-13
37 51 1.07791e-13

38 1 0.0365993
38 2 0.0356923
38 3 0.0339396
38 4 0.0314584
38 5 0.0284113
38 6 0.0249911
38 7 0.0214014
38 8 0.0178368
38 9 0.0144649
38 10 0.011413
38 11 0.00876161
38 12 0.00654551
38 13 0.00475998
38 14 0.00337087
38 15 0.00232577
38 16 0.00156436
38 17 0.00102644
38 18 0.000657462
38 19 0.000411425
38 20 0.00025174
38 21 0.000150739
38 22 8.8408e-05
38 23 5.08308e-05
38 24 2.86749e-05
38 25 1.58844e-05
38 26 8.64714e-06
38 27 4.62939e-06
38 28 2.43907e-06
38 29 1.26548e-06
38 30 6.46972e-07
38 31 3.26121e-07
38 32 1.62178e-07
38 33 7.96107e-08
38 34 3.85979e-08
38 35 1.84928e-08
38 36 8.76011e-09
38 37 4.10485e-09
38 38 1.90353e-09
38 39 8.73936e-10
38 40 3.974e-10
38 41 1.79045e-10
38 42 7.99532e-11
38 43 3.53989e-11
38 44 1.55439e-11
38 45 6.77149e-12
38 46 2.92751e-12
38 47 1.25665e-12
38 48 5.36371e-13
38 49 2.2928e-13
38 50 1.02014e-13
38 51 5.62679e-14

39 1 0.0131209
39 2 0.0127958
39 3 0.012168
39 4 0.0112801
39 5 0.0101909
39 6 0.00896977
39 7 0.00768927
39 8 0.00641839
39 9 0.00521609
39 10 0.00412698
39 11 0.00317924
39 12 0.00238507
39 13 0.00174298
39 14 0.00124125
39 15 0.000861805
39 16 0.000583675
39 17 0.000385843
39 18 0.000249125
39 19 0.000157218
39 20 9.70508e-05
39 21 5.86473e-05
39 22 3.47213e-05
39 23 2.01555e-05
39 24 1.1481e-05
39 25 6.42227e-06
39 26 3.53053e-06
39 27 1.90871e-06
39 28 1.01551e-06
39 29 5.32053e-07
39 30 2.74679e-07
39 31 1.39818e-07
39 32 7.02149e-08
39 33 3.48074e-08
39 34 1.70424e-08
39 35 8.24584e-09
39 36 3.94454e-09
39 37 1.86645e-09
39 38 8.73936e-10
39 39 4.05101e-10
39 40 1.85964e-10
39 41 8.45735e-11
39 42 3.81177e-11
39 43 1.70312e-11
39 44 7.5462e-12
39 45 3.31671e-12
39 46 1.44651e-12
39 47 6.26311e-13
39 48 2.69631e-13
39 49 1.16268e-13
39 50 5.22164e-14
39 51 2.90557e-14

40 1 0.0046518
40 2 0.00453773
40 3 0.00431741
40 4 0.00400573
40 5 0.00362321
40 6 0.00319402
40 7 0.00274348
40 8 0.00229566
40 9 0.00187115
40 10 0.00148563
40 11 0.00114909
40 12 0.000866019
40 13 0.000636144
40 14 0.000455617
40 15 0.000318312
40 16 0.000217039
40 17 0.000144512
40 18 9.40214e-05
40 19 5.98129e-05
40 20 3.72323e-05
40 21 2.26944e-05
40 22 1.35556e-05
40 23 7.94044e-06
40 24 4.56479e-06
40 25 2.57729e-06
40 26 1.43015e-06
40 27 7.80508e-07
40 28 4.19219e-07
40 29 2.21746e-07
40 30 1.15584e-07
40 31 5.94063e-08
40 32 3.01241e-08
40 33 1.50795e-08
40 34 7.45561e-09
40 35 3.64266e-09
40 36 1.75953e-09
40 37 8.40632e-10
40 38 3.974e-10
40 39 1.85964e-10
40 40 8.61729e-11
40 41 3.95553e-11
40 42 1.79918e-11
40 43 8.11192e-12
40 44 3.62647e-12
40 45 1.60801e-12
40 46 7.07421e-13
40 47 3.08939e-13
40 48 1.3414e-13
40 49 5.83473e-14
40 50 2.64486e-14
40 51 1.48463e-14

41 1 0.00164131
41 2 0.00160161
41 3 0.00152489
41 4 0.0014163
41 5 0.00128288
41 6 0.00113299
41 7 0.000975361
41 8 0.000818346
41 9 0.000669121
41 10 0.000533181
41 11 0.000414092
41 12 0.000313514
41 13 0.000231463
41 14 0.000166697
41 15 0.000117161
41 16 8.0401e-05
41 17 5.39017e-05
41 18 3.53236e-05
41 19 2.26427e-05
41 20 1.42064e-05
41 21 8.73037e-06
41 22 5.25878e-06
41 23 3.10708e-06
41 24 1.80196e-06
41 25 1.02652e-06
41 26 5.74812e-07
41 27 3.16602e-07
41 28 1.7164e-07
41 29 9.16474e-08
41 30 4.82268e-08
41 31 2.50254e-08
41 32 1.28129e-08
41 33 6.47613e-09
41 34 3.23303e-09
41 35 1.5949e-09
41 36 7.77822e-10
41 37 3.75174e-10
41 38 1.79045e-10
41 39 8.45735e-11
41 40 3.95553e-11
41 41 1.83241e-11
41 42 8.41068e-12
41 43 3.82622e-12
41 44 1.72573e-12
41 45 7.71914e-13
41 46 3.42533e-13
41 47 1.50868e-13
41 48 6.60639e-14
41 49 2.89853e-14
41 50 1.32609e-14
41 51 7.50819e-15

42 1 0.000577302
42 2 0.000563541
42 3 0.000536936
42 4 0.000499242
42 5 0.00045288
42 6 0.000400709
42 7 0.000345743
42 8 0.000290862
42 9 0.000238563
42 10 0.000190769
42 11 0.000148749
42 12 0.000113118
42 13 8.3919e-05
42 14 6.07575e-05
42 15 4.29469e-05
42 16 2.96527e-05
42 17 2.00091e-05
42 18 1.3203e-05
42 19 8.52442e-06
42 20 5.38872e-06
42 21 3.33753e-06
42 22 2.02666e-06
42 23 1.2074e-06
42 24 7.06224e-07
42 25 4.05834e-07
42 26 2.2928e-07
42 27 1.27433e-07
42 28 6.97237e-08
42 29 3.75776e-08
42 30 1.99613e-08
42 31 1.0457e-08
42 32 5.40527e-09
42 33 2.75829e-09
42 34 1.39022e-09
42 35 6.92383e-10
42 36 3.40886e-10
42 37 1.65978e-10
42 38 7.99532e-11
42 39 3.81177e-11
42 40 1.79918e-11
42 41 8.41068e-12
42 42 3.89525e-12
42 43 1.78782e-12
42 44 8.13451e-13
42 45 3.67017e-13
42 46 1.6426e-13
42 47 7.29621e-14
42 48 3.22193e-14
42 49 1.42578e-14
42 50 6.58298e-15
42 51 3.75908e-15

43 1 0.000202415
43 2 0.00019766
43 3 0.000188463
43 4 0.00017542
43 5 0.000159359
43 6 0.000141258
43 7 0.000122149
43 8 0.000103027
43 9 8.47542e-05
43 10 6.80049e-05
43 11 5.32277e-05
43 12 4.06485e-05
43 13 3.02959e-05
43 14 2.2045e-05
43 15 1.56677e-05
43 16 1.0881e-05
43 17 7.38804e-06
43 18 4.90715e-06
43 19 3.19027e-06
43 20 2.0314e-06
43 21 1.2677e-06
43 22 7.75849e-07
43 23 4.65983e-07
43 24 2.74844e-07
43 25 1.59301e-07
43 26 9.07924e-08
43 27 5.09166e-08
43 28 2.81136e-08
43 29 1.52925e-08
43 30 8.19964e-09
43 31 4.33607e-09
43 32 2.26259e-09
43 33 1.16555e-09
43 34 5.93022e-10
43 35 2.98134e-10
43 36 1.48161e-10
43 37 7.28123e-11
43 38 3.53989e-11
43 39 1.70312e-11
43 40 8.11192e-12
43 41 3.82622e-12
43 42 1.78782e-12
43 43 8.27794e-13
43 44 3.79923e-13
43 45 1.72891e-13
43 46 7.80358e-14
43 47 3.4954e-14
43 48 1.55644e-14
43 49 6.94633e-15
43 50 3.23632e-15
43 51 1.86351e-15

44 1 7.07008e-05
44 2 6.90636e-05
44 3 6.58954e-05
44 4 6.13988e-05
44 5 5.58549e-05
44 6 4.9597e-05
44 7 4.29786e-05
44 8 3.63406e-05
44 9 2.99813e-05
44 10 2.41347e-05
44 11 1.89594e-05
44 12 1.45374e-05
44 13 1.08832e-05
44 14 7.9577e-06
44 15 5.68534e-06
44 16 3.97069e-06
44 17 2.7123e-06
44 18 1.81305e-06
44 19 1.18669e-06
44 20 7.60997e-07
44 21 4.78435e-07
44 22 2.95078e-07
44 23 1.78652e-07
44 24 1.06247e-07
44 25 6.21073e-08
44 26 3.57076e-08
44 27 2.02038e-08
44 28 1.12569e-08
44 29 6.17957e-09
44 30 3.34415e-09
44 31 1.78493e-09
44 32 9.401e-10
44 33 4.88812e-10
44 34 2.51024e-10
44 35 1.27372e-10
44 36 6.38839e-11
44 37 3.16836e-11
44 38 1.55439e-11
44 39 7.5462e-12
44 40 3.62647e-12
44 41 1.72573e-12
44 42 8.13451e-13
44 43 3.79923e-13
44 44 1.7587e-13
44 45 8.07146e-14
44 46 3.67378e-14
44 47 1.65926e-14
44 48 7.44949e-15
44 49 3.35261e-15
44 50 1.57591e-15
44 51 9.14806e-16

45 1 2.45811e-05
45 2 2.40199e-05
45 3 2.29334e-05
45 4 2.13899e-05
45 5 1.94848e-05
45 6 1.73311e-05
45 7 1.50492e-05
45 8 1.27556e-05
45 9 1.05527e-05
45 10 8.52172e-06
45 11 6.71811e-06
45 12 5.17153e-06
45 13 3.88838e-06
45 14 2.85661e-06
45 15 2.05138e-06
45 16 1.44063e-06
45 17 9.89903e-07
45 18 6.65884e-07
45 19 4.38753e-07
45 20 2.83345e-07
45 21 1.79454e-07
45 22 1.11532e-07
45 23 6.8066e-08
45 24 4.08144e-08
45 25 2.40611e-08
45 26 1.39539e-08
45 27 7.96528e-09
45 28 4.4779e-09
45 29 2.48053e-09
45 30 1.35466e-09
45 31 7.29692e-10
45 32 3.87857e-10
45 33 2.03525e-10
45 34 1.05477e-10
45 35 5.40094e-11
45 36 2.7335e-11
45 37 1.36796e-11
45 38 6.77149e-12
45 39 3.31671e-12
45 40 1.60801e-12
45 41 7.71914e-13
45 42 3.67017e-13
45 43 1.72891e-13
45 44 8.07146e-14
45 45 3.73553e-14
45 46 1.71439e-14
45 47 7.80659e-15
45 48 3.53343e-15
45 49 1.6033e-15
45 50 7.60157e-16
45 51 4.44707e-16

46 1 8.50137e-06
46 2 8.31002e-06
46 3 7.93933e-06
46 4 7.41234e-06
46 5 6.7611e-06
46 6 6.02381e-06
46 7 5.24122e-06
46 8 4.45296e-06
46 9 3.69405e-06
46 10 2.99239e-06
46 11 2.36732e-06
46 12 1.82944e-06
46 13 1.38144e-06
46 14 1.01965e-06
46 15 7.35971e-07
46 16 5.19705e-07
46 17 3.59218e-07
46 18 2.43161e-07
46 19 1.61291e-07
46 20 1.04895e-07
46 21 6.69245e-08
46 22 4.19143e-08
46 23 2.57836e-08
46 24 1.55879e-08
46 25 9.26703e-09
46 26 5.42062e-09
46 27 3.12138e-09
46 28 1.77035e-09
46 29 9.89468e-10
46 30 5.45234e-10
46 31 2.96346e-10
46 32 1.58944e-10
46 33 8.41583e-11
46 34 4.40086e-11
46 35 2.27371e-11
46 36 1.16106e-11
46 37 5.86218e-12
46 38 2.92751e-12
46 39 1.44651e-12
46 40 7.07421e-13
46 41 3.42533e-13
46 42 1.6426e-13
46 43 7.80358e-14
46 44 3.67378e-14
46 45 1.71439e-14
46 46 7.9326e-15
46 47 3.64135e-15
46 48 1.66129e-15
46 49 7.59837e-16
46 50 3.63234e-16
46 51 2.14054e-16

47 1 2.92377e-06
47 2 2.8589e-06
47 3 2.73317e-06
47 4 2.55428e-06
47 5 2.33295e-06
47 6 2.08202e-06
47 7 1.8152e-06
47 8 1.54587e-06
47 9 1.28594e-06
47 10 1.04495e-06
47 11 8.29586e-07
47 12 6.43612e-07
47 13 4.88106e-07
47 14 3.61984e-07
47 15 2.62622e-07
47 16 1.86481e-07
47 17 1.29663e-07
47 18 8.8329e-08
47 19 5.89831e-08
47 20 3.86307e-08
47 21 2.48293e-08
47 22 1.567e-08
47 23 9.71605e-09
47 24 5.92202e-09
47 25 3.55012e-09
47 26 2.0943e-09
47 27 1.2164e-09
47 28 6.95937e-10
47 29 3.92394e-10
47 30 2.18138e-10
47 31 1.19616e-10
47 32 6.47255e-11
47 33 3.45757e-11
47 34 1.82409e-11
47 35 9.50759e-12
47 36 4.89781e-12
47 37 2.49459e-12
47 38 1.25665e-12
47 39 6.26311e-13
47 40 3.08939e-13
47 41 1.50868e-13
47 42 7.29621e-14
47 43 3.4954e-14
47 44 1.65926e-14
47 45 7.80659e-15
47 46 3.64135e-15
47 47 1.68475e-15
47 48 7.74585e-16
47 49 3.56986e-16
47 50 1.71972e-16
47 51 1.02017e-16

48 1 1.00024e-06
48 2 9.78376e-07
48 3 9.35978e-07
48 4 8.75602e-07
48 5 8.00819e-07
48 6 7.15902e-07
48 7 6.25445e-07
48 8 5.33943e-07
48 9 4.45413e-07
48 10 3.631e-07
48 11 2.89305e-07
48 12 2.2535e-07
48 13 1.71658e-07
48 14 1.27919e-07
48 15 9.3293e-08
48 16 6.66196e-08
48 17 4.66017e-08
48 18 3.19498e-08
48 19 2.14796e-08
48 20 1.4168e-08
48 21 9.17377e-09
48 22 5.83412e-09
48 23 3.64605e-09
48 24 2.24035e-09
48 25 1.35417e-09
48 26 8.05592e-10
48 27 4.71895e-10
48 28 2.72312e-10
48 29 1.54872e-10
48 30 8.68474e-11
48 31 4.80396e-11
48 32 2.62228e-11
48 33 1.41308e-11
48 34 7.52028e-12
48 35 3.95404e-12
48 36 2.0547e-12
48 37 1.05562e-12
48 38 5.36371e-13
48 39 2.69631e-13
48 40 1.3414e-13
48 41 6.60639e-14
48 42 3.22193e-14
48 43 1.55644e-14
48 44 7.44949e-15
48 45 3.53343e-15
48 46 1.66129e-15
48 47 7.74585e-16
48 48 3.58783e-16
48 49 1.6654e-16
48 50 8.07853e-17
48 51 4.81971e-17

49 1 3.41526e-07
49 2 3.34178e-07
49 3 3.19922e-07
49 4 2.99603e-07
49 5 2.74404e-07
49 6 2.45747e-07
49 7 2.15161e-07
49 8 1.84151e-07
49 9 1.54071e-07
49 10 1.26019e-07
49 11 1.00785e-07
49 12 7.88334e-08
49 13 6.03266e-08
49 14 4.51806e-08
49 15 3.31296e-08
49 16 2.37953e-08
49 17 1.67486e-08
49 18 1.15582e-08
49 19 7.82421e-09
49 20 5.19815e-09
49 21 3.39106e-09
49 22 2.1733e-09
49 23 1.36904e-09
49 24 8.48085e-10
49 25 5.16888e-10
49 26 3.10093e-10
49 27 1.83199e-10
49 28 1.0663e-10
49 29 6.11722e-11
49 30 3.4604e-11
49 31 1.93096e-11
49 32 1.06333e-11
49 33 5.7807e-12
49 34 3.10365e-12
49 35 1.64629e-12
49 36 8.63043e-13
49 37 4.47305e-13
49 38 2.2928e-13
49 39 1.16268e-13
49 40 5.83473e-14
49 41 2.89853e-14
49 42 1.42578e-14
49 43 6.94633e-15
49 44 3.35261e-15
49 45 1.6033e-15
49 46 7.59837e-16
49 47 3.56986e-16
49 48 1.6654e-16
49 49 7.7814e-17
49 50 3.79694e-17
49 51 2.27539e-17

50 1 1.19508e-07
50 2 1.16983e-07
50 3 1.1208e-07
50 4 1.05086e-07
50 5 9.63996e-08
50 6 8.65037e-08
50 7 7.59195e-08
50 8 6.51616e-08
50 9 5.46954e-08
50 10 4.49025e-08
50 11 3.606e-08
50 12 2.83351e-08
50 13 2.17922e-08
50 14 1.641e-08
50 15 1.21038e-08
50 16 8.7483e-09
50 17 6.19876e-09
50 18 4.30792e-09
50 19 2.93774e-09
50 20 1.96676e-09
50 21 1.29326e-09
50 22 8.35653e-10
50 23 5.30849e-10
50 24 3.31683e-10
50 25 2.03929e-10
50 26 1.23433e-10
50 27 7.35816e-11
50 28 4.32191e-11
50 29 2.50226e-11
50 30 1.42862e-11
50 31 8.0463e-12
50 32 4.47241e-12
50 33 2.45424e-12
50 34 1.33009e-12
50 35 7.12178e-13
50 36 3.76869e-13
50 37 1.97167e-13
50 38 1.02014e-13
50 39 5.22164e-14
50 40 2.64486e-14
50 41 1.32609e-14
50 42 6.58298e-15
50 43 3.23632e-15
50 44 1.57591e-15
50 45 7.60157e-16
50 46 3.63234e-16
50 47 1.71972e-16
50 48 8.07853e-17
50 49 3.79694e-17
50 50 1.86126e-17
50 51 1.11855e-17

51 1 5.18813e-08
51 2 5.08065e-08
51 3 4.87187e-08
51 4 4.57368e-08
51 5 4.20282e-08
51 6 3.77948e-08
51 7 3.32563e-08
51 8 2.86305e-08
51 9 2.41158e-08
51 10 1.9876e-08
51 11 1.60321e-08
51 12 1.26586e-08
51 13 9.78705e-09
51 14 7.41196e-09
51 15 5.50041e-09
51 16 4.0014e-09
51 17 2.85473e-09
51 18 1.99822e-09
51 19 1.37289e-09
51 20 9.26269e-10
51 21 6.1396e-10
51 22 3.99978e-10
51 23 2.56222e-10
51 24 1.61462e-10
51 25 1.00134e-10
51 26 6.11418e-11
51 27 3.67718e-11
51 28 2.17917e-11
51 29 1.27303e-11
51 30 7.33376e-12
51 31 4.16795e-12
51 32 2.3377e-12
51 33 1.29444e-12
51 34 7.07883e-13
51 35 3.82449e-13
51 36 2.04205e-13
51 37 1.07791e-13
51 38 5.62679e-14
51 39 2.90557e-14
51 40 1.48463e-14
51 41 7.50819e-15
51 42 3.75908e-15
51 43 1.86351e-15
51 44 9.14806e-16
51 45 4.44707e-16
51 46 2.14054e-16
51 47 1.02017e-16
51 48 4.81971e-17
51 49 2.27539e-17
51 50 1.11855e-17
51 51 6.7293e-18

#x #y #phase
1 1 1
1 2 1
1 3 1
1 4 1
1 5 1
1 6 1
1 7 1
1 8 1
1 9 1
1 10 1
1 11 1
1 12 1
1 13 1
1 14 1
1 15 1
1 16 1
1 17 1
1 18 1
1 19 1
1 20 1
1 21 1
1 22 1
1 23 0.999999
1 24 0.999996
1 25 0.999988
1 26 0.999965
1 27 0.999893
1 28 0.999675
