#x #y #phase
1 1 1
1 2 1
1 3 1
1 4 1
1 5 1
1 6 1
1 7 1
1 8 1
1 9 1
1 10 1
1 11 1
1 12 1
1 13 1
1 14 1
1 15 1
1 16 1
1 17 0.999999
1 18 0.999998
1 19 0.999993
1 20 0.99998
1 21 0.999941
1 22 0.999824
1 23 0.99947
1 24 0.998401
1 25 0.995168
1 26 0.985439
1 27 0.95664
1 28 0.875959
1 29 0.684608
1 30 0.393885
1 31 0.172952
1 32 0.0663299
1 33 0.024039
1 34 0.00848785
1 35 0.00294846
1 36 0.00101105
1 37 0.000343094
1 38 0.000115551
1 39 3.87335e-05
1 40 1.2951e-05
1 41 4.32519e-06
1 42 1.44373e-06
1 43 4.81801e-07
1 44 1.60769e-07
1 45 5.36424e-08
1 46 1.78975e-08
1 47 5.97126e-09
1 48 1.99274e-09
1 49 6.66963e-10
1 50 2.29473e-10
1 51 9.81049e-11

2 1 1
2 2 1
2 3 1
2 4 1
2 5 1
2 6 1
2 7 1
2 8 1
2 9 1
2 10 1
2 11 1
2 12 1
2 13 1
2 14 1
2 15 1
2 16 1
2 17 0.999999
2 18 0.999998
2 19 0.999993
2 20 0.999979
2 21 0.999938
2 22 0.999816
2 23 0.999448
2 24 0.998336
2 25 0.994981
2 26 0.9849
2 27 0.955129
2 28 0.872059
2 29 0.67681
2 30 0.385971
2 31 0.168666
2 32 0.0645815
2 33 0.0233991
2 34 0.00826355
2 35 0.00287155
2 36 0.000985096
2 37 0.000334453
2 38 0.000112703
2 39 3.78014e-05
2 40 1.2647e-05
2 41 4.22621e-06
2 42 1.4115e-06
2 43 4.7131e-07
2 44 1.57352e-07
2 45 5.25286e-08
2 46 1.75343e-08
2 47 5.85279e-09
2 48 1.95407e-09
2 49 6.54298e-10
2 50 2.25213e-10
2 51 9.63252e-11

3 1 1
3 2 1
3 3 1
3 4 1
3 5 1
3 6 1
3 7 1
3 8 1
3 9 1
3 10 1
3 11 1
3 12 1
3 13 1
3 14 1
3 15 1
3 16 1
3 17 0.999999
3 18 0.999997
3 19 0.999992
3 20 0.999977
3 21 0.999933
3 22 0.9998
3 23 0.9994
3 24 0.998198
3 25 0.994579
3 26 0.983744
3 27 0.951898
3 28 0.863805
3 29 0.660659
3 30 0.370128
3 31 0.160227
3 32 0.0611579
3 33 0.0221476
3 34 0.00782474
3 35 0.00272098
3 36 0.00093424
3 37 0.000317503
3 38 0.000107111
3 39 3.59692e-05
3 40 1.20489e-05
3 41 4.03124e-06
3 42 1.34797e-06
3 43 4.50604e-07
3 44 1.50601e-07
3 45 5.03266e-08
3 46 1.68157e-08
3 47 5.6182e-09
3 48 1.87743e-09
3 49 6.29181e-10
3 50 2.16758e-10
3 51 9.27908e-11

4 1 1
4 2 1
4 3 1
4 4 1
4 5 1
4 6 1
4 7 1
4 8 1
4 9 1
4 10 1
4 11 1
4 12 1
4 13 1
4 14 1
4 15 1
4 16 1
4 17 0.999999
4 18 0.999997
4 19 0.999991
4 20 0.999974
4 21 0.999923
4 22 0.999771
4 23 0.999319
4 24 0.997963
4 25 0.993901
4 26 0.981802
4 27 0.946513
4 28 0.850277
4 29 0.635211
4 30 0.346537
4 31 0.147994
4 32 0.0562401
4 33 0.0203537
4 34 0.00719555
4 35 0.00250487
4 36 0.00086116
4 37 0.000293111
4 38 9.90527e-05
4 39 3.33243e-05
4 40 1.1184e-05
4 41 3.74884e-06
4 42 1.2558e-06
4 43 4.20518e-07
4 44 1.40777e-07
4 45 4.71177e-08
4 46 1.57672e-08
4 47 5.27543e-09
4 48 1.7653e-09
4 49 5.92393e-10
4 50 2.04359e-10
4 51 8.76011e-11

5 1 1
5 2 1
5 3 1
5 4 1
5 5 1
5 6 1
5 7 1
5 8 1
5 9 1
5 10 1
5 11 1
5 12 1
5 13 1
5 14 1
5 15 1
5 16 1
5 17 0.999999
5 18 0.999996
5 19 0.999989
5 20 0.999968
5 21 0.999907
5 22 0.999726
5 23 0.99919
5 24 0.997594
5 25 0.992842
5 26 0.978789
5 27 0.938254
5 28 0.830056
5 29 0.599444
5 30 0.315862
5 31 0.132646
5 32 0.050143
5 33 0.0181359
5 34 0.00641757
5 35 0.00223736
5 36 0.000770568
5 37 0.000262824
5 38 8.90261e-05
5 39 3.00265e-05
5 40 1.01031e-05
5 41 3.39509e-06
5 42 1.14008e-06
5 43 3.82662e-07
5 44 1.2839e-07
5 45 4.30637e-08
5 46 1.44399e-08
5 47 4.84077e-09
5 48 1.62288e-09
5 49 5.45584e-10
5 50 1.88556e-10
5 51 8.09753e-11

6 1 1
6 2 1
6 3 1
6 4 1
6 5 1
6 6 1
6 7 1
6 8 1
6 9 1
6 10 1
6 11 1
6 12 1
6 13 1
6 14 1
6 15 1
6 16 0.999999
6 17 0.999998
6 18 0.999995
6 19 0.999986
6 20 0.999959
6 21 0.999882
6 22 0.999657
6 23 0.998992
6 24 0.99703
6 25 0.991233
6 26 0.974252
6 27 0.926009
6 28 0.801157
6 29 0.552711
6 30 0.279436
6 31 0.115169
6 32 0.0432954
6 33 0.0156534
6 34 0.00554658
6 35 0.00193748
6 36 0.000668843
6 37 0.000228744
6 38 7.77163e-05
6 39 2.62962e-05
6 40 8.87681e-06
6 41 2.99257e-06
6 42 1.00803e-06
6 43 3.39341e-07
6 44 1.14178e-07
6 45 3.84001e-08
6 46 1.29094e-08
6 47 4.33838e-09
6 48 1.4579e-09
6 49 4.91244e-10
6 50 1.70171e-10
6 51 7.32496e-11

7 1 1
7 2 1
7 3 1
7 4 1
7 5 1
7 6 1
7 7 1
7 8 1
7 9 1
7 10 1
7 11 1
7 12 1
7 13 1
7 14 1
7 15 1
7 16 0.999999
7 17 0.999998
7 18 0.999993
7 19 0.999981
7 20 0.999945
7 21 0.999843
7 22 0.999548
7 23 0.998686
7 24 0.996165
7 25 0.988795
7 26 0.967471
7 27 0.908111
7 28 0.761021
7 29 0.495306
7 30 0.23926
7 31 0.0967367
7 32 0.0361779
7 33 0.0130815
7 34 0.00464385
7 35 0.00162618
7 36 0.000563025
7 37 0.000193202
7 38 6.58856e-05
7 39 2.23807e-05
7 40 7.58499e-06
7 41 2.56699e-06
7 42 8.67906e-07
7 43 2.93216e-07
7 44 9.89955e-08
7 45 3.34028e-08
7 46 1.12645e-08
7 47 3.79689e-09
7 48 1.27959e-09
7 49 4.32357e-10
7 50 1.50193e-10
7 51 6.48324e-11

8 1 1
8 2 1
8 3 1
8 4 1
8 5 1
8 6 1
8 7 1
8 8 1
8 9 1
8 10 1
8 11 1
8 12 1
8 13 1
8 14 1
8 15 0.999999
8 16 0.999999
8 17 0.999996
8 18 0.99999
8 19 0.999972
8 20 0.999922
8 21 0.999781
8 22 0.999375
8 23 0.998207
8 24 0.994828
8 25 0.985072
8 26 0.957299
8 27 0.882115
8 28 0.706785
8 29 0.429002
8 30 0.19779
8 31 0.0785377
8 32 0.0292471
8 33 0.0105839
8 34 0.00376646
8 35 0.00132302
8 36 0.000459705
8 37 0.00015839
8 38 5.42547e-05
8 39 1.85154e-05
8 40 6.3042e-06
8 41 2.14321e-06
8 42 7.27787e-07
8 43 2.46905e-07
8 44 8.36926e-08
8 45 2.83471e-08
8 46 9.5944e-09
8 47 3.24526e-09
8 48 1.09735e-09
8 49 3.71985e-10
8 50 1.29647e-10
8 51 5.61479e-11

9 1 1
9 2 1
9 3 1
9 4 1
9 5 1
9 6 1
9 7 1
9 8 1
9 9 1
9 10 1
9 11 1
9 12 1
9 13 1
9 14 1
9 15 0.999999
9 16 0.999998
9 17 0.999994
9 18 0.999985
9 19 0.999958
9 20 0.999884
9 21 0.999679
9 22 0.999097
9 23 0.997443
9 24 0.992723
9 25 0.9793
9 26 0.9419
9 27 0.844571
9 28 0.636238
9 29 0.357288
9 30 0.15758
9 31 0.0616001
9 32 0.0228744
9 33 0.00829166
9 34 0.00295995
9 35 0.00104363
9 36 0.000364185
9 37 0.000126084
9 38 4.34128e-05
9 39 1.48947e-05
9 40 5.0984e-06
9 41 1.74224e-06
9 42 5.94563e-07
9 43 2.02667e-07
9 44 6.90096e-08
9 45 2.34754e-08
9 46 7.97858e-09
9 47 2.70946e-09
9 48 9.19676e-10
9 49 3.12914e-10
9 50 1.0947e-10
9 51 4.75878e-11

10 1 1
10 2 1
10 3 1
10 4 1
10 5 1
10 6 1
10 7 1
10 8 1
10 9 1
10 10 1
10 11 1
10 12 1
10 13 1
10 14 0.999999
10 15 0.999999
10 16 0.999996
10 17 0.99999
10 18 0.999975
10 19 0.999933
10 20 0.99982
10 21 0.999507
10 22 0.998636
10 23 0.996195
10 24 0.989336
10 25 0.970188
10 26 0.918358
10 27 0.790939
10 28 0.549616
10 29 0.284973
10 30 0.120863
10 31 0.0466713
10 32 0.017311
10 33 0.00629167
10 34 0.0022547
10 35 0.000798534
10 36 0.000280065
10 37 9.75025e-05
10 38 3.3771e-05
10 39 1.16567e-05
10 40 4.01382e-06
10 41 1.37953e-06
10 42 4.73392e-07
10 43 1.62219e-07
10 44 5.55171e-08
10 45 1.89773e-08
10 46 6.47976e-09
10 47 2.21028e-09
10 48 7.53447e-10
10 49 2.5742e-10
10 50 9.0436e-11
10 51 3.94793e-11

11 1 1
11 2 1
11 3 1
11 4 1
11 5 1
11 6 1
11 7 1
11 8 1
11 9 1
11 10 1
11 11 1
11 12 1
11 13 1
11 14 0.999999
11 15 0.999997
11 16 0.999993
11 17 0.999983
11 18 0.999957
11 19 0.999889
11 20 0.999706
11 21 0.99921
11 22 0.99785
11 23 0.994103
11 24 0.983761
11 25 0.95556
11 26 0.882212
11 27 0.716233
11 28 0.451383
11 29 0.217167
11 30 0.089223
11 31 0.0341657
11 32 0.0126814
11 33 0.00462599
11 34 0.00166551
11 35 0.000592968
11 36 0.000209186
11 37 7.32904e-05
11 38 2.5554e-05
11 39 8.87958e-06
11 40 3.07763e-06
11 41 1.06447e-06
11 42 3.67501e-07
11 43 1.26667e-07
11 44 4.35913e-08
11 45 1.49802e-08
11 46 5.14114e-09
11 47 1.76227e-09
11 48 6.03561e-10
11 49 2.07155e-10
11 50 7.31162e-11
11 51 3.20667e-11

12 1 1
12 2 1
12 3 1
12 4 1
12 5 1
12 6 1
12 7 1
12 8 1
12 9 1
12 10 1
12 11 1
12 12 1
12 13 0.999999
12 14 0.999998
12 15 0.999995
12 16 0.999988
12 17 0.99997
12 18 0.999925
12 19 0.999807
12 20 0.9995
12 21 0.998679
12 22 0.996474
12 23 0.990505
12 24 0.974381
12 25 0.931773
12 26 0.827195
12 27 0.617668
12 28 0.35014
12 29 0.158041
12 30 0.0634248
12 31 0.0241794
12 32 0.00899733
12 33 0.00329756
12 34 0.00119376
12 35 0.000427596
12 36 0.000151854
12 37 5.35839e-05
12 38 1.88204e-05
12 39 6.58767e-06
12 40 2.29956e-06
12 41 8.00822e-07
12 42 2.783e-07
12 43 9.65272e-08
12 44 3.342e-08
12 45 1.15514e-08
12 46 3.98642e-09
12 47 1.37375e-09
12 48 4.7291e-10
12 49 1.63122e-10
12 50 5.78671e-11
12 51 2.55074e-11

13 1 1
13 2 1
13 3 1
13 4 1
13 5 1
13 6 1
13 7 1
13 8 1
13 9 1
13 10 1
13 11 1
13 12 0.999999
13 13 0.999998
13 14 0.999995
13 15 0.99999
13 16 0.999976
13 17 0.999943
13 18 0.999861
13 19 0.999652
13 20 0.999113
13 21 0.997706
13 22 0.993993
13 23 0.984158
13 24 0.958299
13 25 0.892925
13 26 0.745924
13 27 0.499422
13 28 0.255924
13 29 0.109959
13 30 0.0434631
13 31 0.0165567
13 32 0.00618678
13 33 0.00228044
13 34 0.000830795
13 35 0.000299651
13 36 0.000107216
13 37 3.81314e-05
13 38 1.35003e-05
13 39 4.76278e-06
13 40 1.67527e-06
13 41 5.87713e-07
13 42 2.05684e-07
13 43 7.18237e-08
13 44 2.50285e-08
13 45 8.7048e-09
13 46 3.022e-09
13 47 1.04738e-09
13 48 3.62552e-10
13 49 1.25729e-10
13 50 4.48463e-11
13 51 1.98758e-11

14 1 1
14 2 1
14 3 1
14 4 1
14 5 1
14 6 1
14 7 1
14 8 1
14 9 1
14 10 0.999999
14 11 0.999999
14 12 0.999998
14 13 0.999995
14 14 0.99999
14 15 0.999979
14 16 0.999952
14 17 0.999888
14 18 0.999731
14 19 0.999345
14 20 0.998367
14 21 0.995866
14 22 0.989408
14 23 0.972721
14 24 0.93043
14 25 0.830337
14 26 0.633503
14 27 0.374774
14 28 0.176547
14 29 0.0733173
14 30 0.0287555
14 31 0.0109805
14 32 0.00412645
14 33 0.00153117
14 34 0.000561864
14 35 0.000204237
14 36 7.36848e-05
14 37 2.64313e-05
14 38 9.4384e-06
14 39 3.35782e-06
14 40 1.1907e-06
14 41 4.20982e-07
14 42 1.48438e-07
14 43 5.22069e-08
14 44 1.83182e-08
14 45 6.41325e-09
14 46 2.24064e-09
14 47 7.81326e-10
14 48 2.72053e-10
14 49 9.48869e-11
14 50 3.40437e-11
14 51 1.51761e-11

15 1 1
15 2 1
15 3 1
15 4 1
15 5 1
15 6 1
15 7 1
15 8 0.999999
15 9 0.999999
15 10 0.999999
15 11 0.999997
15 12 0.999995
15 13 0.99999
15 14 0.999979
15 15 0.999954
15 16 0.9999
15 17 0.99977
15 18 0.999468
15 19 0.998722
15 20 0.996891
15 21 0.992298
15 22 0.980734
15 23 0.95181
15 24 0.882318
15 25 0.734014
15 26 0.495654
15 27 0.260631
15 28 0.115462
15 29 0.0469917
15 30 0.0184001
15 31 0.0070613
15 32 0.00267213
15 33 0.000999082
15 34 0.000369593
15 35 0.000135512
15 36 4.93345e-05
15 37 1.786e-05
15 38 6.43592e-06
15 39 2.30999e-06
15 40 8.2615e-07
15 41 2.94498e-07
15 42 1.04661e-07
15 43 3.70895e-08
15 44 1.31088e-08
15 45 4.62155e-09
15 46 1.62554e-09
15 47 5.70511e-10
15 48 1.9989e-10
15 49 7.01428e-11
15 50 2.53226e-11
15 51 1.13582e-11

16 1 1
16 2 1
16 3 1
16 4 1
16 5 1
16 6 0.999999
16 7 0.999999
16 8 0.999999
16 9 0.999998
16 10 0.999996
16 11 0.999993
16 12 0.999988
16 13 0.999976
16 14 0.999952
16 15 0.9999
16 16 0.999782
16 17 0.999521
16 18 0.998898
16 19 0.997435
16 20 0.993884
16 21 0.985226
16 22 0.964058
16 23 0.913506
16 24 0.801804
16 25 0.599465
16 26 0.352916
16 27 0.168988
16 28 0.0720115
16 29 0.0290462
16 30 0.0114081
16 31 0.00440857
16 32 0.00168173
16 33 0.000634141
16 34 0.000236705
16 35 8.76123e-05
16 36 3.22078e-05
16 37 1.17739e-05
16 38 4.28348e-06
16 39 1.55172e-06
16 40 5.59931e-07
16 41 2.01317e-07
16 42 7.21373e-08
16 43 2.57671e-08
16 44 9.17663e-09
16 45 3.25905e-09
16 46 1.15442e-09
16 47 4.07925e-10
16 48 1.43865e-10
16 49 5.08074e-11
16 50 1.84627e-11
16 51 8.33521e-12

17 1 0.999999
17 2 0.999999
17 3 0.999999
17 4 0.999999
17 5 0.999999
17 6 0.999998
17 7 0.999998
17 8 0.999996
17 9 0.999994
17 10 0.99999
17 11 0.999983
17 12 0.99997
17 13 0.999943
17 14 0.999888
17 15 0.99977
17 16 0.999521
17 17 0.998951
17 18 0.997673
17 19 0.99468
17 20 0.987649
17 21 0.970959
17 22 0.931859
17 23 0.844928
17 24 0.677426
17 25 0.440541
17 26 0.229384
17 27 0.103172
17 28 0.0430901
17 29 0.017369
17 30 0.00686547
17 31 0.00267554
17 32 0.00102983
17 33 0.000391974
17 34 0.000147755
17 35 5.52487e-05
17 36 2.05209e-05
17 37 7.57856e-06
17 38 2.7847e-06
17 39 1.01852e-06
17 40 3.70943e-07
17 41 1.34561e-07
17 42 4.86317e-08
17 43 1.75148e-08
17 44 6.28739e-09
17 45 2.25008e-09
17 46 8.02912e-10
17 47 2.85739e-10
17 48 1.01466e-10
17 49 3.60749e-11
17 50 1.31994e-11
17 51 5.99969e-12

18 1 0.999998
18 2 0.999998
18 3 0.999997
18 4 0.999997
18 5 0.999996
18 6 0.999995
18 7 0.999993
18 8 0.99999
18 9 0.999985
18 10 0.999975
18 11 0.999957
18 12 0.999925
18 13 0.999861
18 14 0.999731
18 15 0.999468
18 16 0.998898
18 17 0.997673
18 18 0.994922
18 19 0.988714
18 20 0.974482
18 21 0.942062
18 22 0.870843
18 23 0.730322
18 24 0.512924
18 25 0.289302
18 26 0.137961
18 27 0.0599399
18 28 0.0248736
18 29 0.0100759
18 30 0.00401717
18 31 0.00158048
18 32 0.000614336
18 33 0.000236223
18 34 8.9992e-05
18 35 3.40158e-05
18 36 1.27715e-05
18 37 4.76681e-06
18 38 1.76961e-06
18 39 6.53691e-07
18 40 2.40359e-07
18 41 8.79973e-08
18 42 3.20861e-08
18 43 1.1655e-08
18 44 4.21841e-09
18 45 1.52167e-09
18 46 5.47159e-10
18 47 1.96165e-10
18 48 7.01577e-11
18 49 2.51184e-11
18 50 9.25656e-12
18 51 4.2374e-12

19 1 0.999993
19 2 0.999993
19 3 0.999992
19 4 0.999991
19 5 0.999989
19 6 0.999986
19 7 0.999981
19 8 0.999972
19 9 0.999958
19 10 0.999933
19 11 0.999889
19 12 0.999807
19 13 0.999652
19 14 0.999345
19 15 0.998722
19 16 0.997435
19 17 0.99468
19 18 0.988714
19 19 0.975564
19 20 0.946624
19 21 0.884577
19 22 0.762385
19 23 0.564921
19 24 0.340906
19 25 0.172217
19 26 0.0780575
19 27 0.0334438
19 28 0.0139138
19 29 0.00568406
19 30 0.00228899
19 31 0.000909928
19 32 0.00035746
19 33 0.000138965
19 34 5.35392e-05
19 35 2.04674e-05
19 36 7.77097e-06
19 37 2.93217e-06
19 38 1.10006e-06
19 39 4.10516e-07
19 40 1.52433e-07
19 41 5.63374e-08
19 42 2.07304e-08
19 43 7.59666e-09
19 44 2.77298e-09
19 45 1.0085e-09
19 46 3.65516e-10
19 47 1.32048e-10
19 48 4.75773e-11
19 49 1.71579e-11
19 50 6.37015e-12
19 51 2.93757e-12

20 1 0.99998
20 2 0.999979
20 3 0.999977
20 4 0.999974
20 5 0.999968
20 6 0.999959
20 7 0.999945
20 8 0.999922
20 9 0.999884
20 10 0.99982
20 11 0.999706
20 12 0.9995
20 13 0.999113
20 14 0.998367
20 15 0.996891
20 16 0.993884
20 17 0.987649
20 18 0.974482
20 19 0.946624
20 20 0.888869
20 21 0.777402
20 22 0.595633
20 23 0.378137
20 24 0.2011
20 25 0.0951
20 26 0.0421551
20 27 0.0180499
20 28 0.00756865
20 29 0.00312432
20 30 0.00127198
20 31 0.000511268
20 32 0.000203139
20 33 7.9896e-05
20 34 3.11463e-05
20 35 1.2047e-05
20 36 4.62663e-06
20 37 1.76526e-06
20 38 6.69439e-07
20 39 2.52429e-07
20 40 9.46777e-08
20 41 3.53325e-08
20 42 1.31234e-08
20 43 4.85271e-09
20 44 1.78689e-09
20 45 6.55373e-10
20 46 2.39472e-10
20 47 8.7197e-11
20 48 3.16581e-11
20 49 1.15027e-11
20 50 4.30352e-12
20 51 1.99965e-12

21 1 0.999941
21 2 0.999938
21 3 0.999933
21 4 0.999923
21 5 0.999907
21 6 0.999882
21 7 0.999843
21 8 0.999781
21 9 0.999679
21 10 0.999507
21 11 0.99921
21 12 0.998679
21 13 0.997706
21 14 0.995866
21 15 0.992298
21 16 0.985226
21 17 0.970959
21 18 0.942062
21 19 0.884577
21 20 0.777402
21 21 0.605731
21 22 0.397479
21 23 0.220321
21 24 0.108417
21 25 0.0497606
21 26 0.0219678
21 27 0.00947178
21 28 0.00401418
21 29 0.00167613
21 30 0.000690319
21 31 0.000280743
21 32 0.000112892
21 33 4.49452e-05
21 34 1.77356e-05
21 35 6.94249e-06
21 36 2.69753e-06
21 37 1.04094e-06
21 38 3.99097e-07
21 39 1.5209e-07
21 40 5.76303e-08
21 41 2.17205e-08
21 42 8.14501e-09
21 43 3.03977e-09
21 44 1.12936e-09
21 45 4.17806e-10
21 46 1.53947e-10
21 47 5.65107e-11
21 48 2.06786e-11
21 49 7.57147e-12
21 50 2.85527e-12
21 51 1.3371e-12

22 1 0.999824
22 2 0.999816
22 3 0.9998
22 4 0.999771
22 5 0.999726
22 6 0.999657
22 7 0.999548
22 8 0.999375
22 9 0.999097
22 10 0.998636
22 11 0.99785
22 12 0.996474
22 13 0.993993
22 14 0.989408
22 15 0.980734
22 16 0.964058
22 17 0.931859
22 18 0.870843
22 19 0.762385
22 20 0.595633
22 21 0.397479
22 22 0.227053
22 23 0.115729
22 24 0.0549759
22 25 0.0250563
22 26 0.0111276
22 27 0.0048495
22 28 0.00207986
22 29 0.000878961
22 30 0.000366411
22 31 0.000150862
22 32 6.14288e-05
22 33 2.47656e-05
22 34 9.89477e-06
22 35 3.92057e-06
22 36 1.54145e-06
22 37 6.01669e-07
22 38 2.33253e-07
22 39 8.98485e-08
22 40 3.44009e-08
22 41 1.30964e-08
22 42 4.95904e-09
22 43 1.86825e-09
22 44 7.00462e-10
22 45 2.61432e-10
22 46 9.7155e-11
22 47 3.59601e-11
22 48 1.32649e-11
22 49 4.89546e-12
22 50 1.8612e-12
22 51 8.78578e-13

23 1 0.99947
23 2 0.999448
23 3 0.9994
23 4 0.999319
23 5 0.99919
23 6 0.998992
23 7 0.998686
23 8 0.998207
23 9 0.997443
23 10 0.996195
23 11 0.994103
23 12 0.990505
23 13 0.984158
23 14 0.972721
23 15 0.95181
23 16 0.913506
23 17 0.844928
23 18 0.730322
23 19 0.564921
23 20 0.378137
23 21 0.220321
23 22 0.115729
23 23 0.0568341
23 24 0.0267643
23 25 0.0122616
23 26 0.00550385
23 27 0.00242818
23 28 0.00105444
23 29 0.000451197
23 30 0.000190478
23 31 7.94371e-05
23 32 3.27658e-05
23 33 1.33801e-05
23 34 5.41344e-06
23 35 2.17139e-06
23 36 8.63946e-07
23 37 3.41139e-07
23 38 1.3374e-07
23 39 5.20784e-08
23 40 2.01503e-08
23 41 7.74976e-09
23 42 2.9636e-09
23 43 1.12722e-09
23 44 4.26565e-10
23 45 1.60643e-10
23 46 6.02213e-11
23 47 2.24789e-11
23 48 8.36033e-12
23 49 3.11045e-12
23 50 1.19245e-12
23 51 5.67509e-13

24 1 0.998401
24 2 0.998336
24 3 0.998198
24 4 0.997963
24 5 0.997594
24 6 0.99703
24 7 0.996165
24 8 0.994828
24 9 0.992723
24 10 0.989336
24 11 0.983761
24 12 0.974381
24 13 0.958299
24 14 0.93043
24 15 0.882318
24 16 0.801804
24 17 0.677426
24 18 0.512924
24 19 0.340906
24 20 0.2011
24 21 0.108417
24 22 0.0549759
24 23 0.0267643
24 24 0.0126655
24 25 0.00586442
24 26 0.00266533
24 27 0.00119097
24 28 0.000523811
24 29 0.000227043
24 30 9.71093e-05
24 31 4.10359e-05
24 32 1.71499e-05
24 33 7.09436e-06
24 34 2.9068e-06
24 35 1.18038e-06
24 36 4.75299e-07
24 37 1.8987e-07
24 38 7.52805e-08
24 39 2.96366e-08
24 40 1.15894e-08
24 41 4.50338e-09
24 42 1.73943e-09
24 43 6.68047e-10
24 44 2.55191e-10
24 45 9.69848e-11
24 46 3.66807e-11
24 47 1.38101e-11
24 48 5.17936e-12
24 49 1.94292e-12
24 50 7.5122e-13
24 51 3.60502e-13

25 1 0.995168
25 2 0.994981
25 3 0.994579
25 4 0.993901
25 5 0.992842
25 6 0.991233
25 7 0.988795
25 8 0.985072
25 9 0.9793
25 10 0.970188
25 11 0.95556
25 12 0.931773
25 13 0.892925
25 14 0.830337
25 15 0.734014
25 16 0.599465
25 17 0.440541
25 18 0.289302
25 19 0.172217
25 20 0.0951
25 21 0.0497606
25 22 0.0250563
25 23 0.0122616
25 24 0.00586442
25 25 0.00274956
25 26 0.00126588
25 27 0.000573004
25 28 0.00025533
25 29 0.000112147
25 30 4.86137e-05
25 31 2.08196e-05
25 32 8.81676e-06
25 33 3.69476e-06
25 34 1.53314e-06
25 35 6.30287e-07
25 36 2.56854e-07
25 37 1.03809e-07
25 38 4.16274e-08
25 39 1.65692e-08
25 40 6.54902e-09
25 41 2.57136e-09
25 42 1.00325e-09
25 43 3.89102e-10
25 44 1.50056e-10
25 45 5.75579e-11
25 46 2.19653e-11
25 47 8.34227e-12
25 48 3.1554e-12
25 49 1.19364e-12
25 50 4.6553e-13
25 51 2.25297e-13

26 1 0.985439
26 2 0.9849
26 3 0.983744
26 4 0.981802
26 5 0.978789
26 6 0.974252
26 7 0.967471
26 8 0.957299
26 9 0.9419
26 10 0.918358
26 11 0.882212
26 12 0.827195
26 13 0.745924
26 14 0.633503
26 15 0.495654
26 16 0.352916
26 17 0.229384
26 18 0.137961
26 19 0.0780575
26 20 0.0421551
26 21 0.0219678
26 22 0.0111276
26 23 0.00550385
26 24 0.00266533
26 25 0.00126588
26 26 0.000590431
26 27 0.000270797
26 28 0.00012229
26 29 5.4445e-05
26 30 2.39231e-05
26 31 1.0384e-05
26 32 4.45594e-06
26 33 1.8916e-06
26 34 7.94884e-07
26 35 3.30828e-07
26 36 1.36443e-07
26 37 5.5791e-08
26 38 2.26275e-08
26 39 9.10656e-09
26 40 3.63824e-09
26 41 1.44349e-09
26 42 5.68948e-10
26 43 2.22851e-10
26 44 8.6771e-11
26 45 3.35955e-11
26 46 1.29377e-11
26 47 4.95725e-12
26 48 1.89126e-12
26 49 7.21548e-13
26 50 2.83896e-13
26 51 1.38575e-13

27 1 0.95664
27 2 0.955129
27 3 0.951898
27 4 0.946513
27 5 0.938254
27 6 0.926009
27 7 0.908111
27 8 0.882115
27 9 0.844571
27 10 0.790939
27 11 0.716233
27 12 0.617668
27 13 0.499422
27 14 0.374774
27 15 0.260631
27 16 0.168988
27 17 0.103172
27 18 0.0599399
27 19 0.0334438
27 20 0.0180499
27 21 0.00947178
27 22 0.0048495
27 23 0.00242818
27 24 0.00119097
27 25 0.000573004
27 26 0.000270797
27 27 0.000125875
27 28 5.76235e-05
27 29 2.60078e-05
27 30 1.15841e-05
27 31 5.09597e-06
27 32 2.21567e-06
27 33 9.52746e-07
27 34 4.05418e-07
27 35 1.70813e-07
27 36 7.12953e-08
27 37 2.94938e-08
27 38 1.20985e-08
27 39 4.92324e-09
27 40 1.98822e-09
27 41 7.9715e-10
27 42 3.17419e-10
27 43 1.25571e-10
27 44 4.93686e-11
27 45 1.92951e-11
27 46 7.49903e-12
27 47 2.89911e-12
27 48 1.11573e-12
27 49 4.29351e-13
27 50 1.70443e-13
27 51 8.3919e-14

28 1 0.875959
28 2 0.872059
28 3 0.863805
28 4 0.850277
28 5 0.830056
28 6 0.801157
28 7 0.761021
28 8 0.706785
28 9 0.636238
28 10 0.549616
28 11 0.451383
28 12 0.35014
28 13 0.255924
28 14 0.176547
28 15 0.115462
28 16 0.0720115
28 17 0.0430901
28 18 0.0248736
28 19 0.0139138
28 20 0.00756865
28 21 0.00401418
28 22 0.00207986
28 23 0.00105444
28 24 0.000523811
28 25 0.00025533
28 26 0.00012229
28 27 5.76235e-05
28 28 2.67432e-05
28 29 1.22363e-05
28 30 5.52422e-06
28 31 2.46264e-06
28 32 1.08476e-06
28 33 4.72437e-07
28 34 2.03556e-07
28 35 8.68149e-08
28 36 3.66691e-08
28 37 1.53466e-08
28 38 6.367e-09
28 39 2.61971e-09
28 40 1.06942e-09
28 41 4.33296e-10
28 42 1.74311e-10
28 43 6.96493e-11
28 44 2.76504e-11
28 45 1.09097e-11
28 46 4.27939e-12
28 47 1.66936e-12
28 48 6.4813e-13
28 49 2.51592e-13
28 50 1.00782e-13
28 51 5.00557e-14

29 1 0.684608
29 2 0.67681
29 3 0.660659
29 4 0.635211
29 5 0.599444
29 6 0.552711
29 7 0.495306
29 8 0.429002
29 9 0.357288
29 10 0.284973
29 11 0.217167
29 12 0.158041
29 13 0.109959
29 14 0.0733173
29 15 0.0469917
29 16 0.0290462
29 17 0.017369
29 18 0.0100759
29 19 0.00568406
29 20 0.00312432
29 21 0.00167613
29 22 0.000878961
29 23 0.000451197
29 24 0.000227043
29 25 0.000112147
29 26 5.4445e-05
29 27 2.60078e-05
29 28 1.22363e-05
29 29 5.67498e-06
29 30 2.59647e-06
29 31 1.17277e-06
29 32 5.2329e-07
29 33 2.30799e-07
29 34 1.0068e-07
29 35 4.34614e-08
29 36 1.85757e-08
29 37 7.86465e-09
29 38 3.29993e-09
29 39 1.37282e-09
29 40 5.66479e-10
29 41 2.31945e-10
29 42 9.42712e-11
29 43 3.80467e-11
29 44 1.52525e-11
29 45 6.07558e-12
29 46 2.4054e-12
29 47 9.46871e-13
29 48 3.70896e-13
29 49 1.45245e-13
29 50 5.87147e-14
29 51 2.94192e-14

30 1 0.393885
30 2 0.385971
30 3 0.370128
30 4 0.346537
30 5 0.315862
30 6 0.279436
30 7 0.23926
30 8 0.19779
30 9 0.15758
30 10 0.120863
30 11 0.089223
30 12 0.0634248
30 13 0.0434631
30 14 0.0287555
30 15 0.0184001
30 16 0.0114081
30 17 0.00686547
30 18 0.00401717
30 19 0.00228899
30 20 0.00127198
30 21 0.000690319
30 22 0.000366411
30 23 0.000190478
30 24 9.71093e-05
30 25 4.86137e-05
30 26 2.39231e-05
30 27 1.15841e-05
30 28 5.52422e-06
30 29 2.59647e-06
30 30 1.2037e-06
30 31 5.50772e-07
30 32 2.48899e-07
30 33 1.11156e-07
30 34 4.90859e-08
30 35 2.1445e-08
30 36 9.27398e-09
30 37 3.97182e-09
30 38 1.68537e-09
30 39 7.08887e-10
30 40 2.95673e-10
30 41 1.22341e-10
30 42 5.02365e-11
30 43 2.04789e-11
30 44 8.29045e-12
30 45 3.33405e-12
30 46 1.33236e-12
30 47 5.29271e-13
30 48 2.09175e-13
30 49 8.26425e-14
30 50 3.37163e-14
30 51 1.70436e-14

31 1 0.172952
31 2 0.168666
31 3 0.160227
31 4 0.147994
31 5 0.132646
31 6 0.115169
31 7 0.0967367
31 8 0.0785377
31 9 0.0616001
31 10 0.0466713
31 11 0.0341657
31 12 0.0241794
31 13 0.0165567
31 14 0.0109805
31 15 0.0070613
31 16 0.00440857
31 17 0.00267554
31 18 0.00158048
31 19 0.000909928
31 20 0.000511268
31 21 0.000280743
31 22 0.000150862
31 23 7.94371e-05
31 24 4.10359e-05
31 25 2.08196e-05
31 26 1.0384e-05
31 27 5.09597e-06
31 28 2.46264e-06
31 29 1.17277e-06
31 30 5.50772e-07
31 31 2.55248e-07
31 32 1.16804e-07
31 33 5.28108e-08
31 34 2.36048e-08
31 35 1.04358e-08
31 36 4.56582e-09
31 37 1.97785e-09
31 38 8.48695e-10
31 39 3.60895e-10
31 40 1.52147e-10
31 41 6.36166e-11
31 42 2.63915e-11
31 43 1.08667e-11
31 44 4.44241e-12
31 45 1.80371e-12
31 46 7.2757e-13
31 47 2.91675e-13
31 48 1.16311e-13
31 49 4.63639e-14
31 50 1.90913e-14
31 51 9.73653e-15

32 1 0.0663299
32 2 0.0645815
32 3 0.0611579
32 4 0.0562401
32 5 0.050143
32 6 0.0432954
32 7 0.0361779
32 8 0.0292471
32 9 0.0228744
32 10 0.017311
32 11 0.0126814
32 12 0.00899733
32 13 0.00618678
32 14 0.00412645
32 15 0.00267213
32 16 0.00168173
32 17 0.00102983
32 18 0.000614336
32 19 0.00035746
32 20 0.000203139
32 21 0.000112892
32 22 6.14288e-05
32 23 3.27658e-05
32 24 1.71499e-05
32 25 8.81676e-06
32 26 4.45594e-06
32 27 2.21567e-06
32 28 1.08476e-06
32 29 5.2329e-07
32 30 2.48899e-07
32 31 1.16804e-07
32 32 5.41154e-08
32 33 2.47664e-08
32 34 1.12028e-08
32 35 5.0113e-09
32 36 2.21794e-09
32 37 9.71707e-10
32 38 4.21607e-10
32 39 1.81241e-10
32 40 7.72259e-11
32 41 3.26285e-11
32 42 1.36749e-11
32 43 5.68718e-12
32 44 2.34781e-12
32 45 9.6242e-13
32 46 3.91865e-13
32 47 1.5854e-13
32 48 6.37914e-14
32 49 2.56568e-14
32 50 1.06634e-14
32 51 5.48671e-15

33 1 0.024039
33 2 0.0233991
33 3 0.0221476
33 4 0.0203537
33 5 0.0181359
33 6 0.0156534
33 7 0.0130815
33 8 0.0105839
33 9 0.00829166
33 10 0.00629167
33 11 0.00462599
33 12 0.00329756
33 13 0.00228044
33 14 0.00153117
33 15 0.000999082
33 16 0.000634141
33 17 0.000391974
33 18 0.000236223
33 19 0.000138965
33 20 7.9896e-05
33 21 4.49452e-05
33 22 2.47656e-05
33 23 1.33801e-05
33 24 7.09436e-06
33 25 3.69476e-06
33 26 1.8916e-06
33 27 9.52746e-07
33 28 4.72437e-07
33 29 2.30799e-07
33 30 1.11156e-07
33 31 5.28108e-08
33 32 2.47664e-08
33 33 1.14711e-08
33 34 5.25038e-09
33 35 2.37601e-09
33 36 1.06365e-09
33 37 4.71245e-10
33 38 2.06725e-10
33 39 8.9831e-11
33 40 3.86836e-11
33 41 1.65145e-11
33 42 6.99209e-12
33 43 2.93701e-12
33 44 1.22436e-12
33 45 5.06708e-13
33 46 2.08254e-13
33 47 8.50304e-14
33 48 3.45228e-14
33 49 1.401e-14
33 50 5.87717e-15
33 51 3.05079e-15

34 1 0.00848785
34 2 0.00826355
34 3 0.00782474
34 4 0.00719555
34 5 0.00641757
34 6 0.00554658
34 7 0.00464385
34 8 0.00376646
34 9 0.00295995
34 10 0.0022547
34 11 0.00166551
34 12 0.00119376
34 13 0.000830795
34 14 0.000561864
34 15 0.000369593
34 16 0.000236705
34 17 0.000147755
34 18 8.9992e-05
34 19 5.35392e-05
34 20 3.11463e-05
34 21 1.77356e-05
34 22 9.89477e-06
34 23 5.41344e-06
34 24 2.9068e-06
34 25 1.53314e-06
34 26 7.94884e-07
34 27 4.05418e-07
34 28 2.03556e-07
34 29 1.0068e-07
34 30 4.90859e-08
34 31 2.36048e-08
34 32 1.12028e-08
34 33 5.25038e-09
34 34 2.43121e-09
34 35 1.11289e-09
34 36 5.03839e-10
34 37 2.2571e-10
34 38 1.00098e-10
34 39 4.39647e-11
34 40 1.91322e-11
34 41 8.2524e-12
34 42 3.52949e-12
34 43 1.49733e-12
34 44 6.30293e-13
34 45 2.63349e-13
34 46 1.0925e-13
34 47 4.50174e-14
34 48 1.84425e-14
34 49 7.55157e-15
34 50 3.19729e-15
34 51 1.67412e-15

35 1 0.00294846
35 2 0.00287155
35 3 0.00272098
35 4 0.00250487
35 5 0.00223736
35 6 0.00193748
35 7 0.00162618
35 8 0.00132302
35 9 0.00104363
35 10 0.000798534
35 11 0.000592968
35 12 0.000427596
35 13 0.000299651
35 14 0.000204237
35 15 0.000135512
35 16 8.76123e-05
35 17 5.52487e-05
35 18 3.40158e-05
35 19 2.04674e-05
35 20 1.2047e-05
35 21 6.94249e-06
35 22 3.92057e-06
35 23 2.17139e-06
35 24 1.18038e-06
35 25 6.30287e-07
35 26 3.30828e-07
35 27 1.70813e-07
35 28 8.68149e-08
35 29 4.34614e-08
35 30 2.1445e-08
35 31 1.04358e-08
35 32 5.0113e-09
35 33 2.37601e-09
35 34 1.11289e-09
35 35 5.15205e-10
35 36 2.35858e-10
35 37 1.06823e-10
35 38 4.7887e-11
35 39 2.12568e-11
35 40 9.34718e-12
35 41 4.07323e-12
35 42 1.75968e-12
35 43 7.53914e-13
35 44 3.20442e-13
35 45 1.35164e-13
35 46 5.65976e-14
35 47 2.35355e-14
35 48 9.72879e-15
35 49 4.01915e-15
35 50 1.71715e-15
35 51 9.06579e-16

36 1 0.00101105
36 2 0.000985096
36 3 0.00093424
36 4 0.00086116
36 5 0.000770568
36 6 0.000668843
36 7 0.000563025
36 8 0.000459705
36 9 0.000364185
36 10 0.000280065
36 11 0.000209186
36 12 0.000151854
36 13 0.000107216
36 14 7.36848e-05
36 15 4.93345e-05
36 16 3.22078e-05
36 17 2.05209e-05
36 18 1.27715e-05
36 19 7.77097e-06
36 20 4.62663e-06
36 21 2.69753e-06
36 22 1.54145e-06
36 23 8.63946e-07
36 24 4.75299e-07
36 25 2.56854e-07
36 26 1.36443e-07
36 27 7.12953e-08
36 28 3.66691e-08
36 29 1.85757e-08
36 30 9.27398e-09
36 31 4.56582e-09
36 32 2.21794e-09
36 33 1.06365e-09
36 34 5.03839e-10
36 35 2.35858e-10
36 36 1.09165e-10
36 37 4.99797e-11
36 38 2.2645e-11
36 39 1.01579e-11
36 40 4.51304e-12
36 41 1.98671e-12
36 42 8.66881e-13
36 43 3.75061e-13
36 44 1.60957e-13
36 45 6.85368e-14
36 46 2.89659e-14
36 47 1.21552e-14
36 48 5.06948e-15
36 49 2.1126e-15
36 50 9.10335e-16
36 51 4.84169e-16

37 1 0.000343094
37 2 0.000334453
37 3 0.000317503
37 4 0.000293111
37 5 0.000262824
37 6 0.000228744
37 7 0.000193202
37 8 0.00015839
37 9 0.000126084
37 10 9.75025e-05
37 11 7.32904e-05
37 12 5.35839e-05
37 13 3.81314e-05
37 14 2.64313e-05
37 15 1.786e-05
37 16 1.17739e-05
37 17 7.57856e-06
37 18 4.76681e-06
37 19 2.93217e-06
37 20 1.76526e-06
37 21 1.04094e-06
37 22 6.01669e-07
37 23 3.41139e-07
37 24 1.8987e-07
37 25 1.03809e-07
37 26 5.5791e-08
37 27 2.94938e-08
37 28 1.53466e-08
37 29 7.86465e-09
37 30 3.97182e-09
37 31 1.97785e-09
37 32 9.71707e-10
37 33 4.71245e-10
37 34 2.2571e-10
37 35 1.06823e-10
37 36 4.99797e-11
37 37 2.31279e-11
37 38 1.05897e-11
37 39 4.79978e-12
37 40 2.15437e-12
37 41 9.57964e-13
37 42 4.22153e-13
37 43 1.84431e-13
37 44 7.99082e-14
37 45 3.43464e-14
37 46 1.46502e-14
37 47 6.20348e-15
37 48 2.61e-15
37 49 1.09673e-15
37 50 4.76116e-16
37 51 2.54626e-16

38 1 0.000115551
38 2 0.000112703
38 3 0.000107111
38 4 9.90527e-05
38 5 8.90261e-05
38 6 7.77163e-05
38 7 6.58856e-05
38 8 5.42547e-05
38 9 4.34128e-05
38 10 3.3771e-05
38 11 2.5554e-05
38 12 1.88204e-05
38 13 1.35003e-05
38 14 9.4384e-06
38 15 6.43592e-06
38 16 4.28348e-06
38 17 2.7847e-06
38 18 1.76961e-06
38 19 1.10006e-06
38 20 6.69439e-07
38 21 3.99097e-07
38 22 2.33253e-07
38 23 1.3374e-07
38 24 7.52805e-08
38 25 4.16274e-08
38 26 2.26275e-08
38 27 1.20985e-08
38 28 6.367e-09
38 29 3.29993e-09
38 30 1.68537e-09
38 31 8.48695e-10
38 32 4.21607e-10
38 33 2.06725e-10
38 34 1.00098e-10
38 35 4.7887e-11
38 36 2.2645e-11
38 37 1.05897e-11
38 38 4.89941e-12
38 39 2.24352e-12
38 40 1.01722e-12
38 41 4.5684e-13
38 42 2.03301e-13
38 43 8.96786e-14
38 44 3.92246e-14
38 45 1.70171e-14
38 46 7.32499e-15
38 47 3.12935e-15
38 48 1.3278e-15
38 49 5.62132e-16
38 50 2.4536e-16
38 51 1.31498e-16

39 1 3.87335e-05
39 2 3.78014e-05
39 3 3.59692e-05
39 4 3.33243e-05
39 5 3.00265e-05
39 6 2.62962e-05
39 7 2.23807e-05
39 8 1.85154e-05
39 9 1.48947e-05
39 10 1.16567e-05
39 11 8.87958e-06
39 12 6.58767e-06
39 13 4.76278e-06
39 14 3.35782e-06
39 15 2.30999e-06
39 16 1.55172e-06
39 17 1.01852e-06
39 18 6.53691e-07
39 19 4.10516e-07
39 20 2.52429e-07
39 21 1.5209e-07
39 22 8.98485e-08
39 23 5.20784e-08
39 24 2.96366e-08
39 25 1.65692e-08
39 26 9.10656e-09
39 27 4.92324e-09
39 28 2.61971e-09
39 29 1.37282e-09
39 30 7.08887e-10
39 31 3.60895e-10
39 32 1.81241e-10
39 33 8.9831e-11
39 34 4.39647e-11
39 35 2.12568e-11
39 36 1.01579e-11
39 37 4.79978e-12
39 38 2.24352e-12
39 39 1.03779e-12
39 40 4.75255e-13
39 41 2.15551e-13
39 42 9.68577e-14
39 43 4.31347e-14
39 44 1.90443e-14
39 45 8.33835e-15
39 46 3.62146e-15
39 47 1.56048e-15
39 48 6.67293e-16
39 49 2.84196e-16
39 50 1.24283e-16
39 51 6.64009e-17

40 1 1.2951e-05
40 2 1.2647e-05
40 3 1.20489e-05
40 4 1.1184e-05
40 5 1.01031e-05
40 6 8.87681e-06
40 7 7.58499e-06
40 8 6.3042e-06
40 9 5.0984e-06
40 10 4.01382e-06
40 11 3.07763e-06
40 12 2.29956e-06
40 13 1.67527e-06
40 14 1.1907e-06
40 15 8.2615e-07
40 16 5.59931e-07
40 17 3.70943e-07
40 18 2.40359e-07
40 19 1.52433e-07
40 20 9.46777e-08
40 21 5.76303e-08
40 22 3.44009e-08
40 23 2.01503e-08
40 24 1.15894e-08
40 25 6.54902e-09
40 26 3.63824e-09
40 27 1.98822e-09
40 28 1.06942e-09
40 29 5.66479e-10
40 30 2.95673e-10
40 31 1.52147e-10
40 32 7.72259e-11
40 33 3.86836e-11
40 34 1.91322e-11
40 35 9.34718e-12
40 36 4.51304e-12
40 37 2.15437e-12
40 38 1.01722e-12
40 39 4.75255e-13
40 40 2.19799e-13
40 41 1.00663e-13
40 42 4.56685e-14
40 43 2.05306e-14
40 44 9.1485e-15
40 45 4.04167e-15
40 46 1.77048e-15
40 47 7.689e-16
40 48 3.30909e-16
40 49 1.41368e-16
40 50 6.16129e-17
40 51 3.25567e-17

41 1 4.32519e-06
41 2 4.22621e-06
41 3 4.03124e-06
41 4 3.74884e-06
41 5 3.39509e-06
41 6 2.99257e-06
41 7 2.56699e-06
41 8 2.14321e-06
41 9 1.74224e-06
41 10 1.37953e-06
41 11 1.06447e-06
41 12 8.00822e-07
41 13 5.87713e-07
41 14 4.20982e-07
41 15 2.94498e-07
41 16 2.01317e-07
41 17 1.34561e-07
41 18 8.79973e-08
41 19 5.63374e-08
41 20 3.53325e-08
41 21 2.17205e-08
41 22 1.30964e-08
41 23 7.74976e-09
41 24 4.50338e-09
41 25 2.57136e-09
41 26 1.44349e-09
41 27 7.9715e-10
41 28 4.33296e-10
41 29 2.31945e-10
41 30 1.22341e-10
41 31 6.36166e-11
41 32 3.26285e-11
41 33 1.65145e-11
41 34 8.2524e-12
41 35 4.07323e-12
41 36 1.98671e-12
41 37 9.57964e-13
41 38 4.5684e-13
41 39 2.15551e-13
41 40 1.00663e-13
41 41 4.65463e-14
41 42 2.13175e-14
41 43 9.67275e-15
41 44 4.34922e-15
41 45 1.93794e-15
41 46 8.55506e-16
41 47 3.7387e-16
41 48 1.61452e-16
41 49 6.88553e-17
41 50 2.96572e-17
41 51 1.53327e-17

42 1 1.44373e-06
42 2 1.4115e-06
42 3 1.34797e-06
42 4 1.2558e-06
42 5 1.14008e-06
42 6 1.00803e-06
42 7 8.67906e-07
42 8 7.27787e-07
42 9 5.94563e-07
42 10 4.73392e-07
42 11 3.67501e-07
42 12 2.783e-07
42 13 2.05684e-07
42 14 1.48438e-07
42 15 1.04661e-07
42 16 7.21373e-08
42 17 4.86317e-08
42 18 3.20861e-08
42 19 2.07304e-08
42 20 1.31234e-08
42 21 8.14501e-09
42 22 4.95904e-09
42 23 2.9636e-09
42 24 1.73943e-09
42 25 1.00325e-09
42 26 5.68948e-10
42 27 3.17419e-10
42 28 1.74311e-10
42 29 9.42712e-11
42 30 5.02365e-11
42 31 2.63915e-11
42 32 1.36749e-11
42 33 6.99209e-12
42 34 3.52949e-12
42 35 1.75968e-12
42 36 8.66881e-13
42 37 4.22153e-13
42 38 2.03301e-13
42 39 9.68577e-14
42 40 4.56685e-14
42 41 2.13175e-14
42 42 9.85428e-15
42 43 4.51197e-15
42 44 2.04621e-15
42 45 9.18754e-16
42 46 4.08011e-16
42 47 1.78835e-16
42 48 7.70905e-17
42 49 3.2551e-17
42 50 1.36997e-17
42 51 6.82357e-18

43 1 4.81801e-07
43 2 4.7131e-07
43 3 4.50604e-07
43 4 4.20518e-07
43 5 3.82662e-07
43 6 3.39341e-07
43 7 2.93216e-07
43 8 2.46905e-07
43 9 2.02667e-07
43 10 1.62219e-07
43 11 1.26667e-07
43 12 9.65272e-08
43 13 7.18237e-08
43 14 5.22069e-08
43 15 3.70895e-08
43 16 2.57671e-08
43 17 1.75148e-08
43 18 1.1655e-08
43 19 7.59666e-09
43 20 4.85271e-09
43 21 3.03977e-09
43 22 1.86825e-09
43 23 1.12722e-09
43 24 6.68047e-10
43 25 3.89102e-10
43 26 2.22851e-10
43 27 1.25571e-10
43 28 6.96493e-11
43 29 3.80467e-11
43 30 2.04789e-11
43 31 1.08667e-11
43 32 5.68718e-12
43 33 2.93701e-12
43 34 1.49733e-12
43 35 7.53914e-13
43 36 3.75061e-13
43 37 1.84431e-13
43 38 8.96786e-14
43 39 4.31347e-14
43 40 2.05306e-14
43 41 9.67275e-15
43 42 4.51197e-15
43 43 2.08372e-15
43 44 9.52233e-16
43 45 4.30048e-16
43 46 1.9146e-16
43 47 8.37003e-17
43 48 3.57045e-17
43 49 1.47602e-17
43 50 5.97244e-18
43 51 2.81117e-18

44 1 1.60769e-07
44 2 1.57352e-07
44 3 1.50601e-07
44 4 1.40777e-07
44 5 1.2839e-07
44 6 1.14178e-07
44 7 9.89955e-08
44 8 8.36926e-08
44 9 6.90096e-08
44 10 5.55171e-08
44 11 4.35913e-08
44 12 3.342e-08
44 13 2.50285e-08
44 14 1.83182e-08
44 15 1.31088e-08
44 16 9.17663e-09
44 17 6.28739e-09
44 18 4.21841e-09
44 19 2.77298e-09
44 20 1.78689e-09
44 21 1.12936e-09
44 22 7.00462e-10
44 23 4.26565e-10
44 24 2.55191e-10
44 25 1.50056e-10
44 26 8.6771e-11
44 27 4.93686e-11
44 28 2.76504e-11
44 29 1.52525e-11
44 30 8.29045e-12
44 31 4.44241e-12
44 32 2.34781e-12
44 33 1.22436e-12
44 34 6.30293e-13
44 35 3.20442e-13
44 36 1.60957e-13
44 37 7.99082e-14
44 38 3.92246e-14
44 39 1.90443e-14
44 40 9.1485e-15
44 41 4.34922e-15
44 42 2.04621e-15
44 43 9.52233e-16
44 44 4.37688e-16
44 45 1.98134e-16
44 46 8.79351e-17
44 47 3.80047e-17
44 48 1.58589e-17
44 49 6.31758e-18
44 50 2.41386e-18
44 51 1.0452e-18

45 1 5.36424e-08
45 2 5.25286e-08
45 3 5.03266e-08
45 4 4.71177e-08
45 5 4.30637e-08
45 6 3.84001e-08
45 7 3.34028e-08
45 8 2.83471e-08
45 9 2.34754e-08
45 10 1.89773e-08
45 11 1.49802e-08
45 12 1.15514e-08
45 13 8.7048e-09
45 14 6.41325e-09
45 15 4.62155e-09
45 16 3.25905e-09
45 17 2.25008e-09
45 18 1.52167e-09
45 19 1.0085e-09
45 20 6.55373e-10
45 21 4.17806e-10
45 22 2.61432e-10
45 23 1.60643e-10
45 24 9.69848e-11
45 25 5.75579e-11
45 26 3.35955e-11
45 27 1.92951e-11
45 28 1.09097e-11
45 29 6.07558e-12
45 30 3.33405e-12
45 31 1.80371e-12
45 32 9.6242e-13
45 33 5.06708e-13
45 34 2.63349e-13
45 35 1.35164e-13
45 36 6.85368e-14
45 37 3.43464e-14
45 38 1.70171e-14
45 39 8.33835e-15
45 40 4.04167e-15
45 41 1.93794e-15
45 42 9.18754e-16
45 43 4.30048e-16
45 44 1.98134e-16
45 45 8.94009e-17
45 46 3.92094e-17
45 47 1.65617e-17
45 48 6.65442e-18
45 49 2.51111e-18
45 50 8.83955e-19
45 51 3.4155e-19

46 1 1.78975e-08
46 2 1.75343e-08
46 3 1.68157e-08
46 4 1.57672e-08
46 5 1.44399e-08
46 6 1.29094e-08
46 7 1.12645e-08
46 8 9.5944e-09
46 9 7.97858e-09
46 10 6.47976e-09
46 11 5.14114e-09
46 12 3.98642e-09
46 13 3.022e-09
46 14 2.24064e-09
46 15 1.62554e-09
46 16 1.15442e-09
46 17 8.02912e-10
46 18 5.47159e-10
46 19 3.65516e-10
46 20 2.39472e-10
46 21 1.53947e-10
46 22 9.7155e-11
46 23 6.02213e-11
46 24 3.66807e-11
46 25 2.19653e-11
46 26 1.29377e-11
46 27 7.49903e-12
46 28 4.27939e-12
46 29 2.4054e-12
46 30 1.33236e-12
46 31 7.2757e-13
46 32 3.91865e-13
46 33 2.08254e-13
46 34 1.0925e-13
46 35 5.65976e-14
46 36 2.89659e-14
46 37 1.46502e-14
46 38 7.32499e-15
46 39 3.62146e-15
46 40 1.77048e-15
46 41 8.55506e-16
46 42 4.08011e-16
46 43 1.9146e-16
46 44 8.79351e-17
46 45 3.92094e-17
46 46 1.68024e-17
46 47 6.82959e-18
46 48 2.59784e-18
46 49 9.06756e-19
46 50 2.87468e-19
46 51 9.45266e-20

47 1 5.97126e-09
47 2 5.85279e-09
47 3 5.6182e-09
47 4 5.27543e-09
47 5 4.84077e-09
47 6 4.33838e-09
47 7 3.79689e-09
47 8 3.24526e-09
47 9 2.70946e-09
47 10 2.21028e-09
47 11 1.76227e-09
47 12 1.37375e-09
47 13 1.04738e-09
47 14 7.81326e-10
47 15 5.70511e-10
47 16 4.07925e-10
47 17 2.85739e-10
47 18 1.96165e-10
47 19 1.32048e-10
47 20 8.7197e-11
47 21 5.65107e-11
47 22 3.59601e-11
47 23 2.24789e-11
47 24 1.38101e-11
47 25 8.34227e-12
47 26 4.95725e-12
47 27 2.89911e-12
47 28 1.66936e-12
47 29 9.46871e-13
47 30 5.29271e-13
47 31 2.91675e-13
47 32 1.5854e-13
47 33 8.50304e-14
47 34 4.50174e-14
47 35 2.35355e-14
47 36 1.21552e-14
47 37 6.20348e-15
47 38 3.12935e-15
47 39 1.56048e-15
47 40 7.689e-16
47 41 3.7387e-16
47 42 1.78835e-16
47 43 8.37003e-17
47 44 3.80047e-17
47 45 1.65617e-17
47 46 6.82959e-18
47 47 2.62716e-18
47 48 9.2402e-19
47 49 2.9185e-19
47 50 7.99765e-20
47 51 2.12736e-20

48 1 1.99274e-09
48 2 1.95407e-09
48 3 1.87743e-09
48 4 1.7653e-09
48 5 1.62288e-09
48 6 1.4579e-09
48 7 1.27959e-09
48 8 1.09735e-09
48 9 9.19676e-10
48 10 7.53447e-10
48 11 6.03561e-10
48 12 4.7291e-10
48 13 3.62552e-10
48 14 2.72053e-10
48 15 1.9989e-10
48 16 1.43865e-10
48 17 1.01466e-10
48 18 7.01577e-11
48 19 4.75773e-11
48 20 3.16581e-11
48 21 2.06786e-11
48 22 1.32649e-11
48 23 8.36033e-12
48 24 5.17936e-12
48 25 3.1554e-12
48 26 1.89126e-12
48 27 1.11573e-12
48 28 6.4813e-13
48 29 3.70896e-13
48 30 2.09175e-13
48 31 1.16311e-13
48 32 6.37914e-14
48 33 3.45228e-14
48 34 1.84425e-14
48 35 9.72879e-15
48 36 5.06948e-15
48 37 2.61e-15
48 38 1.3278e-15
48 39 6.67293e-16
48 40 3.30909e-16
48 41 1.61452e-16
48 42 7.70905e-17
48 43 3.57045e-17
48 44 1.58589e-17
48 45 6.65442e-18
48 46 2.59784e-18
48 47 9.2402e-19
48 48 2.94032e-19
48 49 8.05925e-20
48 50 1.84992e-20
48 51 3.50992e-21

49 1 6.66963e-10
49 2 6.54298e-10
49 3 6.29181e-10
49 4 5.92393e-10
49 5 5.45584e-10
49 6 4.91244e-10
49 7 4.32357e-10
49 8 3.71985e-10
49 9 3.12914e-10
49 10 2.5742e-10
49 11 2.07155e-10
49 12 1.63122e-10
49 13 1.25729e-10
49 14 9.48869e-11
49 15 7.01428e-11
49 16 5.08074e-11
49 17 3.60749e-11
49 18 2.51184e-11
49 19 1.71579e-11
49 20 1.15027e-11
49 21 7.57147e-12
49 22 4.89546e-12
49 23 3.11045e-12
49 24 1.94292e-12
49 25 1.19364e-12
49 26 7.21548e-13
49 27 4.29351e-13
49 28 2.51592e-13
49 29 1.45245e-13
49 30 8.26425e-14
49 31 4.63639e-14
49 32 2.56568e-14
49 33 1.401e-14
49 34 7.55157e-15
49 35 4.01915e-15
49 36 2.1126e-15
49 37 1.09673e-15
49 38 5.62132e-16
49 39 2.84196e-16
49 40 1.41368e-16
49 41 6.88553e-17
49 42 3.2551e-17
49 43 1.47602e-17
49 44 6.31758e-18
49 45 2.51111e-18
49 46 9.06756e-19
49 47 2.9185e-19
49 48 8.05925e-20
49 49 1.85713e-20
49 50 3.16109e-21
49 51 3.71893e-22

50 1 2.29473e-10
50 2 2.25213e-10
50 3 2.16758e-10
50 4 2.04359e-10
50 5 1.88556e-10
50 6 1.70171e-10
50 7 1.50193e-10
50 8 1.29647e-10
50 9 1.0947e-10
50 10 9.0436e-11
50 11 7.31162e-11
50 12 5.78671e-11
50 13 4.48463e-11
