#x #y #phase
1 1 1
1 2 1
1 3 1
1 4 1
1 5 1
1 6 1
1 7 1
1 8 1
1 9 1
1 10 1
1 11 1
1 12 1
1 13 1
1 14 0.999999
1 15 1
1 16 0.999999
1 17 1
1 18 0.999999
1 19 1
1 20 0.999999
1 21 1
1 22 1
1 23 1
1 24 1
1 25 1
1 26 1
1 27 1
1 28 1
1 29 1
1 30 1
1 31 1
1 32 0.999999
1 33 0.999998
1 34 0.999995
1 35 0.999983
1 36 0.999949
1 37 0.999844
1 38 0.999524
1 39 0.998549
1 40 0.995584
1 41 0.986608
1 42 0.95988
1 43 0.884322
1 44 0.701631
1 45 0.411678
1 46 0.182686
1 47 0.0703726
1 48 0.0256391
1 49 0.00919028
1 50 0.00338008
1 51 0.00154816

2 1 1
2 2 1
2 3 1
2 4 1
2 5 1
2 6 1
2 7 1
2 8 1
2 9 0.999999
2 10 1
2 11 0.999999
2 12 1
2 13 0.999998
2 14 1
2 15 0.999998
2 16 1
2 17 0.999998
2 18 1
2 19 0.999998
2 20 1
2 21 0.999999
2 22 1
2 23 0.999999
2 24 1
2 25 1
2 26 1
2 27 1
2 28 1
2 29 1
2 30 1
2 31 1
2 32 0.999999
2 33 0.999998
2 34 0.999994
2 35 0.999983
2 36 0.999947
2 37 0.99984
2 38 0.999511
2 39 0.99851
2 40 0.995467
2 41 0.986263
2 42 0.958887
2 43 0.881686
2 44 0.696106
2 45 0.405661
2 46 0.179297
2 47 0.068963
2 48 0.0251158
2 49 0.00900301
2 50 0.00331187
2 51 0.0015173

3 1 1
3 2 1
3 3 1
3 4 1
3 5 1
3 6 1
3 7 1
3 8 0.999999
3 9 1
3 10 0.999998
3 11 1
3 12 0.999998
3 13 1
3 14 0.999997
3 15 1
3 16 0.999996
3 17 1
3 18 0.999996
3 19 1
3 20 0.999997
3 21 1
3 22 0.999998
3 23 1
3 24 0.999999
3 25 1
3 26 0.999999
3 27 1
3 28 1
3 29 1
3 30 1
3 31 1
3 32 0.999999
3 33 0.999998
3 34 0.999994
3 35 0.999982
3 36 0.999944
3 37 0.99983
3 38 0.999483
3 39 0.998428
3 40 0.995222
3 41 0.985544
3 42 0.956831
3 43 0.876253
3 44 0.684874
3 45 0.393741
3 46 0.172676
3 47 0.0662227
3 48 0.0241
3 49 0.00863964
3 50 0.00317949
3 51 0.0014574

4 1 1
4 2 1
4 3 1
4 4 1
4 5 1
4 6 1
4 7 0.999999
4 8 1
4 9 0.999998
4 10 1
4 11 0.999997
4 12 1
4 13 0.999995
4 14 1.00001
4 15 0.999994
4 16 1.00001
4 17 0.999993
4 18 1.00001
4 19 0.999993
4 20 1.00001
4 21 0.999995
4 22 1
4 23 0.999996
4 24 1
4 25 0.999998
4 26 1
4 27 0.999999
4 28 1
4 29 1
4 30 1
4 31 1
4 32 0.999999
4 33 0.999998
4 34 0.999993
4 35 0.99998
4 36 0.999939
4 37 0.999815
4 38 0.999439
4 39 0.998296
4 40 0.994831
4 41 0.984395
4 42 0.953556
4 43 0.867692
4 44 0.667593
4 45 0.376167
4 46 0.163128
4 47 0.062303
4 48 0.0226507
4 49 0.00812145
4 50 0.00299066
4 51 0.00137191

5 1 1
5 2 1
5 3 1
5 4 1
5 5 1
5 6 0.999999
5 7 1
5 8 0.999998
5 9 1
5 10 0.999996
5 11 1.00001
5 12 0.999993
5 13 1.00001
5 14 0.999991
5 15 1.00001
5 16 0.999989
5 17 1.00001
5 18 0.999989
5 19 1.00001
5 20 0.99999
5 21 1.00001
5 22 0.999993
5 23 1.00001
5 24 0.999995
5 25 1
5 26 0.999998
5 27 1
5 28 0.999999
5 29 1
5 30 1
5 31 1
5 32 0.999999
5 33 0.999998
5 34 0.999993
5 35 0.999977
5 36 0.999932
5 37 0.999793
5 38 0.999374
5 39 0.998103
5 40 0.994259
5 41 0.98272
5 42 0.948811
5 43 0.855475
5 44 0.643815
5 45 0.353362
5 46 0.151096
5 47 0.057416
5 48 0.0208496
5 49 0.00747783
5 50 0.00275602
5 51 0.00126561

6 1 1
6 2 1
6 3 1
6 4 1
6 5 0.999999
6 6 1
6 7 0.999997
6 8 1
6 9 0.999995
6 10 1.00001
6 11 0.999992
6 12 1.00001
6 13 0.999988
6 14 1.00001
6 15 0.999984
6 16 1.00002
6 17 0.999983
6 18 1.00002
6 19 0.999984
6 20 1.00002
6 21 0.999986
6 22 1.00001
6 23 0.99999
6 24 1.00001
6 25 0.999994
6 26 1
6 27 0.999997
6 28 1
6 29 0.999999
6 30 1
6 31 0.999999
6 32 0.999999
6 33 0.999997
6 34 0.999991
6 35 0.999974
6 36 0.999921
6 37 0.999762
6 38 0.999282
6 39 0.99783
6 40 0.993454
6 41 0.980373
6 42 0.942217
6 43 0.838846
6 44 0.613083
6 45 0.325962
6 46 0.137136
6 47 0.0518168
6 48 0.0187937
6 49 0.00674358
6 50 0.00248819
6 51 0.00114414

7 1 1
7 2 1
7 3 1
7 4 0.999999
7 5 1
7 6 0.999997
7 7 1
7 8 0.999995
7 9 1.00001
7 10 0.99999
7 11 1.00001
7 12 0.999985
7 13 1.00002
7 14 0.999979
7 15 1.00002
7 16 0.999976
7 17 1.00003
7 18 0.999975
7 19 1.00002
7 20 0.999977
7 21 1.00002
7 22 0.999982
7 23 1.00001
7 24 0.999988
7 25 1.00001
7 26 0.999993
7 27 1
7 28 0.999997
7 29 1
7 30 0.999999
7 31 1
7 32 0.999998
7 33 0.999997
7 34 0.99999
7 35 0.999969
7 36 0.999906
7 37 0.999719
7 38 0.999153
7 39 0.997451
7 40 0.992339
7 41 0.977138
7 42 0.933222
7 43 0.81678
7 44 0.575091
7 45 0.294847
7 46 0.121887
7 47 0.0457833
7 48 0.0165871
7 49 0.0059559
7 50 0.00220064
7 51 0.00101357

8 1 1
8 2 1
8 3 0.999999
8 4 1
8 5 0.999998
8 6 1
8 7 0.999995
8 8 1.00001
8 9 0.99999
8 10 1.00001
8 11 0.999983
8 12 1.00002
8 13 0.999975
8 14 1.00003
8 15 0.999968
8 16 1.00003
8 17 0.999964
8 18 1.00004
8 19 0.999966
8 20 1.00003
8 21 0.999971
8 22 1.00003
8 23 0.999979
8 24 1.00002
8 25 0.999987
8 26 1.00001
8 27 0.999993
8 28 1
8 29 0.999997
8 30 1
8 31 0.999998
8 32 0.999999
8 33 0.999995
8 34 0.999987
8 35 0.999962
8 36 0.999886
8 37 0.999657
8 38 0.998973
8 39 0.996924
8 40 0.990799
8 41 0.9727
8 42 0.921047
8 43 0.787955
8 44 0.529891
8 45 0.261135
8 46 0.106023
8 47 0.0395941
8 48 0.0143325
8 49 0.00515129
8 50 0.00190659
8 51 0.000879841

9 1 1
9 2 0.999999
9 3 1
9 4 0.999998
9 5 1
9 6 0.999995
9 7 1.00001
9 8 0.99999
9 9 1.00001
9 10 0.999982
9 11 1.00002
9 12 0.999971
9 13 1.00003
9 14 0.999961
9 15 1.00004
9 16 0.999953
9 17 1.00005
9 18 0.999951
9 19 1.00005
9 20 0.999956
9 21 1.00004
9 22 0.999965
9 23 1.00003
9 24 0.999976
9 25 1.00002
9 26 0.999986
9 27 1.00001
9 28 0.999993
9 29 1
9 30 0.999997
9 31 1
9 32 0.999997
9 33 0.999995
9 34 0.999983
9 35 0.999952
9 36 0.999856
9 37 0.999571
9 38 0.998721
9 39 0.996187
9 40 0.988661
9 41 0.966599
9 42 0.90461
9 43 0.750799
9 44 0.478129
9 45 0.226128
9 46 0.0902062
9 47 0.0335074
9 48 0.0121232
9 49 0.00436286
9 50 0.00161805
9 51 0.000748381

10 1 1
10 2 1
10 3 0.999998
10 4 1
10 5 0.999996
10 6 1.00001
10 7 0.99999
10 8 1.00001
10 9 0.999982
10 10 1.00002
10 11 0.999969
10 12 1.00004
10 13 0.999955
10 14 1.00005
10 15 0.999942
10 16 1.00006
10 17 0.999936
10 18 1.00006
10 19 0.999938
10 20 1.00006
10 21 0.999948
10 22 1.00005
10 23 0.999962
10 24 1.00003
10 25 0.999976
10 26 1.00002
10 27 0.999987
10 28 1.00001
10 29 0.999994
10 30 1
10 31 0.999997
10 32 0.999999
10 33 0.999992
10 34 0.999979
10 35 0.999937
10 36 0.999813
10 37 0.999447
10 38 0.998363
10 39 0.995148
10 40 0.985666
10 41 0.95816
10 42 0.88245
10 43 0.703694
10 44 0.4212
10 45 0.191217
10 46 0.0750338
10 47 0.0277433
10 48 0.0100375
10 49 0.00361825
10 50 0.00134509
10 51 0.000623742

11 1 1
11 2 0.999999
11 3 1
11 4 0.999997
11 5 1.00001
11 6 0.999992
11 7 1.00001
11 8 0.999983
11 9 1.00002
11 10 0.999969
11 11 1.00004
11 12 0.999952
11 13 1.00006
11 14 0.999934
11 15 1.00007
11 16 0.999922
11 17 1.00008
11 18 0.999919
11 19 1.00008
11 20 0.999927
11 21 1.00007
11 22 0.999942
11 23 1.00005
11 24 0.99996
11 25 1.00003
11 26 0.999976
11 27 1.00002
11 28 0.999988
11 29 1.00001
11 30 0.999994
11 31 1
11 32 0.999995
11 33 0.999991
11 34 0.99997
11 35 0.999916
11 36 0.999751
11 37 0.999268
11 38 0.997846
11 39 0.99366
11 40 0.981418
11 41 0.946389
11 42 0.852628
11 43 0.645473
11 44 0.361259
11 45 0.157744
11 46 0.0609978
11 47 0.0224712
11 48 0.00813441
11 49 0.00293826
11 50 0.00109529
11 51 0.000509397

12 1 1
12 2 1
12 3 0.999998
12 4 1
12 5 0.999993
12 6 1.00001
12 7 0.999985
12 8 1.00002
12 9 0.999971
12 10 1.00004
12 11 0.999952
12 12 1.00006
12 13 0.99993
12 14 1.00008
12 15 0.999911
12 16 1.0001
12 17 0.999901
12 18 1.0001
12 19 0.999904
12 20 1.00009
12 21 0.999919
12 22 1.00007
12 23 0.99994
12 24 1.00005
12 25 0.999962
12 26 1.00003
12 27 0.999979
12 28 1.00001
12 29 0.99999
12 30 1.00001
12 31 0.999994
12 32 0.999998
12 33 0.999985
12 34 0.99996
12 35 0.999883
12 36 0.999659
12 37 0.999004
12 38 0.99709
12 39 0.991499
12 40 0.975314
12 41 0.929821
12 42 0.812672
12 43 0.576187
12 44 0.301007
12 45 0.126868
12 46 0.0484526
12 47 0.0178042
12 48 0.00645232
12 49 0.00233644
12 50 0.000873657
12 51 0.000407653

13 1 1
13 2 0.999998
13 3 1
13 4 0.999995
13 5 1.00001
13 6 0.999988
13 7 1.00002
13 8 0.999975
13 9 1.00003
13 10 0.999955
13 11 1.00006
13 12 0.99993
13 13 1.00008
13 14 0.999905
13 15 1.00011
13 16 0.999887
13 17 1.00012
13 18 0.999883
13 19 1.00011
13 20 0.999894
13 21 1.0001
13 22 0.999916
13 23 1.00007
13 24 0.999943
13 25 1.00005
13 26 0.999966
13 27 1.00002
13 28 0.999982
13 29 1.00001
13 30 0.999991
13 31 1
13 32 0.99999
13 33 0.999982
13 34 0.999941
13 35 0.999834
13 36 0.999519
13 37 0.998608
13 38 0.995964
13 39 0.988311
13 40 0.966432
13 41 0.906352
13 42 0.75969
13 43 0.49784
13 44 0.243287
13 45 0.0994426
13 46 0.0376043
13 47 0.013799
13 48 0.0050097
13 49 0.00181934
13 50 0.000682673
13 51 0.000319696

14 1 0.999999
14 2 1
14 3 0.999997
14 4 1.00001
14 5 0.999991
14 6 1.00001
14 7 0.999979
14 8 1.00003
14 9 0.999961
14 10 1.00005
14 11 0.999934
14 12 1.00008
14 13 0.999905
14 14 1.00011
14 15 0.999879
14 16 1.00013
14 17 0.999866
14 18 1.00013
14 19 0.999871
14 20 1.00012
14 21 0.999891
14 22 1.0001
14 23 0.99992
14 24 1.00007
14 25 0.999949
14 26 1.00004
14 27 0.999972
14 28 1.00002
14 29 0.999986
14 30 1.00001
14 31 0.999991
14 32 0.999993
14 33 0.999968
14 34 0.999916
14 35 0.999756
14 36 0.999304
14 37 0.998002
14 38 0.994257
14 39 0.983531
14 40 0.953357
14 41 0.873082
14 42 0.691072
14 43 0.414551
14 44 0.190612
14 45 0.0759646
14 46 0.0285169
14 47 0.0104625
14 48 0.00380757
14 49 0.00138741
14 50 0.000522615
14 51 0.000245716

15 1 1
15 2 0.999998
15 3 1
15 4 0.999994
15 5 1.00001
15 6 0.999984
15 7 1.00002
15 8 0.999968
15 9 1.00004
15 10 0.999942
15 11 1.00007
15 12 0.999911
15 13 1.00011
15 14 0.999879
15 15 1.00013
15 16 0.999857
15 17 1.00015
15 18 0.999853
15 19 1.00014
15 20 0.999867
15 21 1.00012
15 22 0.999896
15 23 1.00009
15 24 0.999929
15 25 1.00006
15 26 0.999958
15 27 1.00003
15 28 0.999978
15 29 1.00001
15 30 0.999988
15 31 1
15 32 0.99998
15 33 0.999956
15 34 0.99987
15 35 0.999636
15 36 0.998965
15 37 0.997056
15 38 0.99162
15 39 0.97625
15 40 0.933927
15 41 0.826278
15 42 0.60617
15 43 0.331807
15 44 0.144776
15 45 0.0565687
15 46 0.0211344
15 47 0.00776152
15 48 0.00283322
15 49 0.00103629
15 50 0.000392015
15 51 0.000185112

16 1 0.999999
16 2 1
16 3 0.999996
16 4 1.00001
16 5 0.999989
16 6 1.00002
16 7 0.999976
16 8 1.00003
16 9 0.999953
16 10 1.00006
16 11 0.999922
16 12 1.0001
16 13 0.999887
16 14 1.00013
16 15 0.999857
16 16 1.00015
16 17 0.999843
16 18 1.00016
16 19 0.999849
16 20 1.00014
16 21 0.999873
16 22 1.00011
16 23 0.999907
16 24 1.00008
16 25 0.999941
16 26 1.00004
16 27 0.999967
16 28 1.00002
16 29 0.999983
16 30 1.00001
16 31 0.999984
16 32 0.999978
16 33 0.999926
16 34 0.9998
16 35 0.999437
16 36 0.99842
16 37 0.995551
16 38 0.987473
16 39 0.964999
16 40 0.9049
16 41 0.761651
16 42 0.508331
16 43 0.255089
16 44 0.106673
16 45 0.0410834
16 46 0.0153115
16 47 0.00563466
16 48 0.00206434
16 49 0.000758242
16 50 0.000288165
16 51 0.000136712

17 1 1
17 2 0.999998
17 3 1
17 4 0.999993
17 5 1.00001
17 6 0.999983
17 7 1.00003
17 8 0.999964
17 9 1.00005
17 10 0.999936
17 11 1.00008
17 12 0.999901
17 13 1.00012
17 14 0.999866
17 15 1.00015
17 16 0.999843
17 17 1.00016
17 18 0.999839
17 19 1.00016
17 20 0.999855
17 21 1.00013
17 22 0.999887
17 23 1.00009
17 24 0.999923
17 25 1.00006
17 26 0.999955
17 27 1.00003
17 28 0.999976
17 29 1.00001
17 30 0.999984
17 31 0.99999
17 32 0.999954
17 33 0.999885
17 34 0.999677
17 35 0.99911
17 36 0.997526
17 37 0.993109
17 38 0.980844
17 39 0.947429
17 40 0.861714
17 41 0.675763
17 42 0.405276
17 43 0.188539
17 44 0.0763312
17 45 0.0291169
17 46 0.0108477
17 47 0.00400408
17 48 0.00147313
17 49 0.000543594
17 50 0.000207626
17 51 9.89983e-05

18 1 0.999999
18 2 1
18 3 0.999996
18 4 1.00001
18 5 0.999989
18 6 1.00002
18 7 0.999975
18 8 1.00004
18 9 0.999951
18 10 1.00006
18 11 0.999919
18 12 1.0001
18 13 0.999883
18 14 1.00013
18 15 0.999853
18 16 1.00016
18 17 0.999839
18 18 1.00016
18 19 0.999846
18 20 1.00014
18 21 0.999871
18 22 1.00011
18 23 0.999907
18 24 1.00008
18 25 0.999941
18 26 1.00004
18 27 0.999968
18 28 1.00002
18 29 0.999981
18 30 0.999999
18 31 0.999967
18 32 0.999932
18 33 0.999804
18 34 0.999472
18 35 0.998554
18 36 0.99603
18 37 0.989077
18 38 0.970092
18 39 0.919856
18 40 0.798689
18 41 0.56946
18 42 0.306707
18 43 0.134253
18 44 0.0531161
18 45 0.0201515
18 46 0.00751832
18 47 0.00278599
18 48 0.00102983
18 49 0.000381928
18 50 0.000146664
18 51 7.0307e-05

19 1 1
19 2 0.999998
19 3 1
19 4 0.999993
19 5 1.00001
19 6 0.999984
19 7 1.00002
19 8 0.999966
19 9 1.00005
19 10 0.999938
19 11 1.00008
19 12 0.999904
19 13 1.00011
19 14 0.999871
19 15 1.00014
19 16 0.999849
19 17 1.00016
19 18 0.999846
19 19 1.00015
19 20 0.999863
19 21 1.00012
19 22 0.999894
19 23 1.00009
19 24 0.999929
19 25 1.00006
19 26 0.999958
19 27 1.00003
19 28 0.999977
19 29 1.00001
19 30 0.999973
19 31 0.999958
19 32 0.999873
19 33 0.999671
19 34 0.999109
19 35 0.997596
19 36 0.993477
19 37 0.982304
19 38 0.952464
19 39 0.876772
19 40 0.710392
19 41 0.451162
19 42 0.220772
19 43 0.0923538
19 44 0.035996
19 45 0.0136293
19 46 0.00509985
19 47 0.00189862
19 48 0.000705483
19 49 0.000263054
19 50 0.000101596
19 51 4.89808e-05

20 1 0.999999
20 2 1
20 3 0.999997
20 4 1.00001
20 5 0.99999
20 6 1.00002
20 7 0.999977
20 8 1.00003
20 9 0.999956
20 10 1.00006
20 11 0.999927
20 12 1.00009
20 13 0.999894
20 14 1.00012
20 15 0.999867
20 16 1.00014
20 17 0.999855
20 18 1.00014
20 19 0.999863
20 20 1.00013
20 21 0.999887
20 22 1.0001
20 23 0.999919
20 24 1.00007
20 25 0.999949
20 26 1.00004
20 27 0.999971
20 28 1.00001
20 29 0.999975
20 30 0.999975
20 31 0.999911
20 32 0.999783
20 33 0.99942
20 34 0.998466
20 35 0.995906
20 36 0.989045
20 37 0.970772
20 38 0.923471
20 39 0.810928
20 40 0.595788
20 41 0.334923
20 42 0.151803
20 43 0.0615545
20 44 0.0237903
20 45 0.00901478
20 46 0.00338727
20 47 0.00126776
20 48 0.000473737
20 49 0.000177664
20 50 6.90357e-05
20 51 3.34839e-05

21 1 1
21 2 0.999999
21 3 1
21 4 0.999995
21 5 1.00001
21 6 0.999986
21 7 1.00002
21 8 0.999971
21 9 1.00004
21 10 0.999948
21 11 1.00007
21 12 0.999919
21 13 1.0001
21 14 0.999891
21 15 1.00012
21 16 0.999873
21 17 1.00013
21 18 0.999871
21 19 1.00012
21 20 0.999887
21 21 1.0001
21 22 0.999913
21 23 1.00007
21 24 0.999942
21 25 1.00004
21 26 0.999966
21 27 1.00002
21 28 0.999974
21 29 0.999987
21 30 0.999933
21 31 0.99985
21 32 0.9996
21 33 0.998967
21 34 0.997293
21 35 0.992876
21 36 0.981228
21 37 0.95097
21 38 0.876207
21 39 0.715206
21 40 0.46425
21 41 0.233753
21 42 0.100232
21 43 0.0398613
21 44 0.0153548
21 45 0.00583537
21 46 0.00220398
21 47 0.000829757
21 48 0.000311944
21 49 0.000117704
21 50 4.60314e-05
21 51 2.2468e-05

22 1 1
22 2 1
22 3 0.999998
22 4 1
22 5 0.999993
22 6 1.00001
22 7 0.999982
22 8 1.00003
22 9 0.999965
22 10 1.00005
22 11 0.999942
22 12 1.00007
22 13 0.999916
22 14 1.0001
22 15 0.999896
22 16 1.00011
22 17 0.999887
22 18 1.00011
22 19 0.999894
22 20 1.0001
22 21 0.999913
22 22 1.00007
22 23 0.999938
22 24 1.00005
22 25 0.999961
22 26 1.00002
22 27 0.999973
22 28 0.999994
22 29 0.999945
22 30 0.99989
22 31 0.999707
22 32 0.999264
22 33 0.998109
22 34 0.99512
22 35 0.987348
22 36 0.967285
22 37 0.917006
22 38 0.801503
22 39 0.58838
22 40 0.334548
22 41 0.154508
22 42 0.0638809
22 43 0.0251426
22 44 0.00968969
22 45 0.00369928
22 46 0.00140557
22 47 0.000532551
22 48 0.000201499
22 49 7.65208e-05
22 50 3.01283e-05
22 51 1.48034e-05

23 1 1
23 2 0.999999
23 3 1
23 4 0.999996
23 5 1.00001
23 6 0.99999
23 7 1.00001
23 8 0.999979
23 9 1.00003
23 10 0.999962
23 11 1.00005
23 12 0.99994
23 13 1.00007
23 14 0.99992
23 15 1.00009
23 16 0.999907
23 17 1.00009
23 18 0.999907
23 19 1.00009
23 20 0.999919
23 21 1.00007
23 22 0.999938
23 23 1.00005
23 24 0.999959
23 25 1.00003
23 26 0.999971
23 27 1
23 28 0.999952
23 29 0.999915
23 30 0.999771
23 31 0.999445
23 32 0.998602
23 33 0.99647
23 34 0.991022
23 35 0.977132
23 36 0.942316
23 37 0.859791
23 38 0.69114
23 39 0.443538
23 40 0.224254
23 41 0.0975456
23 42 0.039477
23 43 0.0154795
23 44 0.00598505
23 45 0.00229824
23 46 0.000879034
23 47 0.000335326
23 48 0.000127735
23 49 4.88365e-05
23 50 1.93645e-05
23 51 9.58063e-06

24 1 1
24 2 1
24 3 0.999999
24 4 1
24 5 0.999995
24 6 1.00001
24 7 0.999988
24 8 1.00002
24 9 0.999976
24 10 1.00003
24 11 0.99996
24 12 1.00005
24 13 0.999943
24 14 1.00007
24 15 0.999929
24 16 1.00008
24 17 0.999923
24 18 1.00008
24 19 0.999929
24 20 1.00007
24 21 0.999942
24 22 1.00005
24 23 0.999959
24 24 1.00003
24 25 0.99997
24 26 1
24 27 0.999955
24 28 0.99993
24 29 0.999809
24 30 0.999555
24 31 0.998904
24 32 0.997299
24 33 0.993277
24 34 0.983191
24 35 0.958123
24 36 0.898039
24 37 0.767969
24 38 0.546957
24 39 0.305432
24 40 0.141428
24 41 0.0592816
24 42 0.0237441
24 43 0.00931883
24 44 0.00362195
24 45 0.0014002
24 46 0.000539393
24 47 0.000207242
24 48 7.95037e-05
24 49 3.06107e-05
24 50 1.22272e-05
24 51 6.09302e-06

25 1 1
25 2 1
25 3 1
25 4 0.999998
25 5 1
25 6 0.999994
25 7 1.00001
25 8 0.999987
25 9 1.00002
25 10 0.999976
25 11 1.00003
25 12 0.999962
25 13 1.00005
25 14 0.999949
25 15 1.00006
25 16 0.999941
25 17 1.00006
25 18 0.999941
25 19 1.00006
25 20 0.999949
25 21 1.00004
25 22 0.999961
25 23 1.00003
25 24 0.99997
25 25 1
25 26 0.999956
25 27 0.999938
25 28 0.999831
25 29 0.999621
25 30 0.999088
25 31 0.997811
25 32 0.994677
25 33 0.986973
25 34 0.968093
25 35 0.92291
25 36 0.822235
25 37 0.634494
25 38 0.3905
25 39 0.194218
25 40 0.0849385
25 41 0.0349031
25 42 0.0139408
25 43 0.00549371
25 44 0.0021494
25 45 0.000837121
25 46 0.000324931
25 47 0.000125781
25 48 4.86084e-05
25 49 1.88523e-05
25 50 7.58815e-06
25 51 3.80947e-06

26 1 1
26 2 1
26 3 0.999999
26 4 1
26 5 0.999998
26 6 1
26 7 0.999993
26 8 1.00001
26 9 0.999986
26 10 1.00002
26 11 0.999976
26 12 1.00003
26 13 0.999966
26 14 1.00004
26 15 0.999958
26 16 1.00004
26 17 0.999955
26 18 1.00004
26 19 0.999958
26 20 1.00004
26 21 0.999966
26 22 1.00002
26 23 0.999971
26 24 1
26 25 0.999956
26 26 0.999941
26 27 0.999841
26 28 0.999656
26 29 0.999193
26 30 0.998118
26 31 0.995537
26 32 0.989335
26 33 0.974408
26 34 0.93903
26 35 0.859391
26 36 0.702508
26 37 0.470899
26 38 0.252471
26 39 0.115913
26 40 0.0490808
26 41 0.020006
26 42 0.00800839
26 43 0.00317548
26 44 0.00125184
26 45 0.000491438
26 46 0.00019227
26 47 7.50078e-05
26 48 2.9208e-05
26 49 1.14138e-05
26 50 4.63054e-06
26 51 2.34252e-06

27 1 1
27 2 1
27 3 1
27 4 0.999999
27 5 1
27 6 0.999997
27 7 1
27 8 0.999993
27 9 1.00001
27 10 0.999987
27 11 1.00002
27 12 0.999979
27 13 1.00002
27 14 0.999972
27 15 1.00003
27 16 0.999967
27 17 1.00003
27 18 0.999968
27 19 1.00003
27 20 0.999971
27 21 1.00002
27 22 0.999973
27 23 1
27 24 0.999955
27 25 0.999938
27 26 0.999841
27 27 0.999667
27 28 0.999241
27 29 0.998281
27 30 0.996035
27 31 0.990764
27 32 0.978345
27 33 0.949359
27 34 0.884243
27 35 0.752264
27 36 0.540048
27 37 0.311231
27 38 0.150547
27 39 0.0659314
27 40 0.0275006
27 41 0.0112041
27 42 0.00450925
27 43 0.00180158
27 44 0.000716101
27 45 0.000283474
27 46 0.00011182
27 47 4.3974e-05
27 48 1.7258e-05
27 49 6.79664e-06
27 50 2.77988e-06
27 51 1.4174e-06

28 1 1
28 2 1
28 3 1
28 4 1
28 5 0.999999
28 6 1
28 7 0.999997
28 8 1
28 9 0.999993
28 10 1.00001
28 11 0.999988
28 12 1.00001
28 13 0.999982
28 14 1.00002
28 15 0.999978
28 16 1.00002
28 17 0.999976
28 18 1.00002
28 19 0.999977
28 20 1.00001
28 21 0.999974
28 22 0.999994
28 23 0.999952
28 24 0.99993
28 25 0.999831
28 26 0.999656
28 27 0.999241
28 28 0.998333
28 29 0.996263
28 30 0.991531
28 31 0.980641
28 32 0.955716
28 33 0.900307
28 34 0.786854
28 35 0.594705
28 36 0.3653
28 37 0.186181
28 38 0.0845356
28 39 0.036166
28 40 0.0150247
28 41 0.00614698
28 42 0.00249224
28 43 0.00100418
28 44 0.000402639
28 45 0.000160771
28 46 6.39564e-05
28 47 2.53589e-05
28 48 1.00326e-05
28 49 3.98272e-06
28 50 1.64263e-06
28 51 8.44303e-07

29 1 1
29 2 1
29 3 1
29 4 1
29 5 1
29 6 0.999999
29 7 1
29 8 0.999997
29 9 1
29 10 0.999994
29 11 1.00001
29 12 0.99999
29 13 1.00001
29 14 0.999986
29 15 1.00001
29 16 0.999983
29 17 1.00001
29 18 0.999981
29 19 1.00001
29 20 0.999975
29 21 0.999987
29 22 0.999945
29 23 0.999915
29 24 0.999809
29 25 0.999621
29 26 0.999193
29 27 0.998281
29 28 0.996263
29 29 0.991773
29 30 0.9817
29 31 0.959164
29 32 0.909896
29 33 0.809307
29 34 0.634366
29 35 0.410448
29 36 0.219614
29 37 0.103437
29 38 0.0454616
29 39 0.0192903
29 40 0.00803479
29 41 0.00331024
29 42 0.00135367
29 43 0.000550378
29 44 0.000222684
29 45 8.97087e-05
29 46 3.5997e-05
29 47 1.43935e-05
29 48 5.7413e-06
29 49 2.29785e-06
29 50 9.5586e-07
29 51 4.95354e-07

30 1 1
30 2 1
30 3 1
30 4 1
30 5 1
30 6 1
30 7 0.999999
30 8 1
30 9 0.999997
30 10 1
30 11 0.999994
30 12 1.00001
30 13 0.999991
30 14 1.00001
30 15 0.999988
30 16 1.00001
30 17 0.999984
30 18 0.999999
30 19 0.999973
30 20 0.999975
30 21 0.999933
30 22 0.99989
30 23 0.999771
30 24 0.999555
30 25 0.999088
30 26 0.998118
30 27 0.996035
30 28 0.991531
30 29 0.9817
30 30 0.960256
30 31 0.914376
30 32 0.821884
30 33 0.659877
30 34 0.443948
30 35 0.247706
30 36 0.120833
30 37 0.0545934
30 38 0.0236909
30 39 0.0100599
30 40 0.00421704
30 41 0.00175236
30 42 0.000723295
30 43 0.000296857
30 44 0.000121228
30 45 4.92811e-05
30 46 1.99498e-05
30 47 8.04559e-06
30 48 3.2362e-06
30 49 1.30605e-06
30 50 5.48047e-07
30 51 2.86391e-07

31 1 1
31 2 1
31 3 1
31 4 1
31 5 1
31 6 0.999999
31 7 1
31 8 0.999998
31 9 1
31 10 0.999997
31 11 1
31 12 0.999994
31 13 1
31 14 0.999991
31 15 1
31 16 0.999984
31 17 0.99999
31 18 0.999967
31 19 0.999958
31 20 0.999911
31 21 0.99985
31 22 0.999707
31 23 0.999445
31 24 0.998904
31 25 0.997811
31 26 0.995537
31 27 0.990764
31 28 0.980641
31 29 0.959164
31 30 0.914376
31 31 0.825929
31 32 0.672304
31 33 0.464405
31 34 0.267886
31 35 0.13488
31 36 0.0626184
31 37 0.0278121
31 38 0.0120541
31 39 0.00514786
31 40 0.0021764
31 41 0.000913015
31 42 0.000380532
31 43 0.000157692
31 44 6.50075e-05
31 45 2.66706e-05
31 46 1.08936e-05
31 47 4.43169e-06
31 48 1.79777e-06
31 49 7.31699e-07
31 50 3.09769e-07
31 51 1.63247e-07

32 1 0.999999
32 2 0.999999
32 3 0.999999
32 4 0.999999
32 5 0.999999
32 6 0.999999
32 7 0.999998
32 8 0.999999
32 9 0.999997
32 10 0.999999
32 11 0.999995
32 12 0.999998
32 13 0.99999
32 14 0.999993
32 15 0.99998
32 16 0.999978
32 17 0.999954
32 18 0.999932
32 19 0.999873
32 20 0.999783
32 21 0.9996
32 22 0.999264
32 23 0.998602
32 24 0.997299
32 25 0.994677
32 26 0.989335
32 27 0.978345
32 28 0.955716
32 29 0.909896
32 30 0.821884
32 31 0.672304
32 32 0.471267
32 33 0.278406
32 34 0.144008
32 35 0.0686041
32 36 0.0311958
32 37 0.0138134
32 38 0.00601684
32 39 0.00259115
32 40 0.00110608
32 41 0.000468666
32 42 0.000197289
32 43 8.25599e-05
32 44 3.43613e-05
32 45 1.4229e-05
32 46 5.86467e-06
32 47 2.40692e-06
32 48 9.84829e-07
32 49 4.04276e-07
32 50 1.72696e-07
32 51 9.17886e-08

33 1 0.999998
33 2 0.999998
33 3 0.999998
33 4 0.999998
33 5 0.999998
33 6 0.999997
33 7 0.999997
33 8 0.999995
33 9 0.999995
33 10 0.999992
33 11 0.999991
33 12 0.999985
33 13 0.999982
33 14 0.999968
33 15 0.999956
33 16 0.999926
33 17 0.999885
33 18 0.999804
33 19 0.999671
33 20 0.99942
33 21 0.998967
33 22 0.998109
33 23 0.99647
33 24 0.993277
33 25 0.986973
33 26 0.974408
33 27 0.949359
33 28 0.900307
33 29 0.809307
33 30 0.659877
33 31 0.464405
33 32 0.278406
33 33 0.147171
33 34 0.0718039
33 35 0.0334235
33 36 0.0151308
33 37 0.00672909
33 38 0.00295518
33 39 0.00128507
33 40 0.000554176
33 41 0.00023723
33 42 0.000100876
33 43 4.26324e-05
33 44 1.7915e-05
33 45 7.48847e-06
33 46 3.11473e-06
33 47 1.28972e-06
33 48 5.32305e-07
33 49 2.20411e-07
33 50 9.50109e-08
33 51 5.09332e-08

34 1 0.999995
34 2 0.999994
34 3 0.999994
34 4 0.999993
34 5 0.999993
34 6 0.999991
34 7 0.99999
34 8 0.999987
34 9 0.999983
34 10 0.999979
34 11 0.99997
34 12 0.99996
34 13 0.999941
34 14 0.999916
34 15 0.99987
34 16 0.9998
34 17 0.999677
34 18 0.999472
34 19 0.999109
34 20 0.998466
34 21 0.997293
34 22 0.99512
34 23 0.991022
34 24 0.983191
34 25 0.968093
34 26 0.93903
34 27 0.884243
34 28 0.786854
34 29 0.634366
34 30 0.443948
34 31 0.267886
34 32 0.144008
34 33 0.0718039
34 34 0.0342014
34 35 0.0158372
34 36 0.00719764
34 37 0.00322686
34 38 0.00143101
34 39 0.000628753
34 40 0.000273994
34 41 0.000118509
34 42 5.09065e-05
34 43 2.17283e-05
34 44 9.21931e-06
34 45 3.89011e-06
34 46 1.63294e-06
34 47 6.82213e-07
34 48 2.84038e-07
34 49 1.18639e-07
34 50 5.16096e-08
34 51 2.79052e-08

35 1 0.999983
35 2 0.999983
35 3 0.999982
35 4 0.99998
35 5 0.999977
35 6 0.999974
35 7 0.999969
35 8 0.999962
35 9 0.999952
35 10 0.999937
35 11 0.999916
35 12 0.999883
35 13 0.999834
35 14 0.999756
35 15 0.999636
35 16 0.999437
35 17 0.99911
35 18 0.998554
35 19 0.997596
35 20 0.995906
35 21 0.992876
35 22 0.987348
35 23 0.977132
35 24 0.958123
35 25 0.92291
35 26 0.859391
35 27 0.752264
35 28 0.594705
35 29 0.410448
35 30 0.247706
35 31 0.13488
35 32 0.0686041
35 33 0.0334235
35 34 0.0158372
35 35 0.00736119
35 36 0.00337224
35 37 0.00152669
35 38 0.000684153
35 39 0.000303806
35 40 0.000133792
35 41 5.8471e-05
35 42 2.53726e-05
35 43 1.09376e-05
35 44 4.68592e-06
35 45 1.99597e-06
35 46 8.45575e-07
35 47 3.56442e-07
35 48 1.49708e-07
35 49 6.30794e-08
35 50 2.76926e-08
35 51 1.51023e-08

36 1 0.999949
36 2 0.999947
36 3 0.999944
36 4 0.999939
36 5 0.999932
36 6 0.999921
36 7 0.999906
36 8 0.999886
36 9 0.999856
36 10 0.999813
36 11 0.999751
36 12 0.999659
36 13 0.999519
36 14 0.999304
36 15 0.998965
36 16 0.99842
36 17 0.997526
36 18 0.99603
36 19 0.993477
36 20 0.989045
36 21 0.981228
36 22 0.967285
36 23 0.942316
36 24 0.898039
36 25 0.822235
36 26 0.702508
36 27 0.540048
36 28 0.3653
36 29 0.219614
36 30 0.120833
36 31 0.0626184
36 32 0.0311958
36 33 0.0151308
36 34 0.00719764
36 35 0.00337224
36 36 0.00156003
36 37 0.000713717
36 38 0.000323279
36 39 0.000145095
36 40 6.45736e-05
36 41 2.85133e-05
36 42 1.24986e-05
36 43 5.44141e-06
36 44 2.35385e-06
36 45 1.01212e-06
36 46 4.3273e-07
36 47 1.84051e-07
36 48 7.79818e-08
36 49 3.31455e-08
36 50 1.46849e-08
36 51 8.07716e-09

37 1 0.999844
37 2 0.99984
37 3 0.99983
37 4 0.999815
37 5 0.999793
37 6 0.999762
37 7 0.999719
37 8 0.999657
37 9 0.999571
37 10 0.999447
37 11 0.999268
37 12 0.999004
37 13 0.998608
37 14 0.998002
37 15 0.997056
37 16 0.995551
37 17 0.993109
37 18 0.989077
37 19 0.982304
37 20 0.970772
37 21 0.95097
37 22 0.917006
37 23 0.859791
37 24 0.767969
37 25 0.634494
37 26 0.470899
37 27 0.311231
37 28 0.186181
37 29 0.103437
37 30 0.0545934
37 31 0.0278121
37 32 0.0138134
37 33 0.00672909
37 34 0.00322686
37 35 0.00152669
37 36 0.000713717
37 37 0.000330051
37 38 0.00015111
37 39 6.85455e-05
37 40 3.08262e-05
37 41 1.3752e-05
37 42 6.08903e-06
37 43 2.67713e-06
37 44 1.16927e-06
37 45 5.07508e-07
37 46 2.1898e-07
37 47 9.39711e-08
37 48 4.01636e-08
37 49 1.72203e-08
37 50 7.69922e-09
37 51 4.27084e-09

38 1 0.999524
38 2 0.999511
38 3 0.999483
38 4 0.999439
38 5 0.999374
38 6 0.999282
38 7 0.999153
38 8 0.998973
38 9 0.998721
38 10 0.998363
38 11 0.997846
38 12 0.99709
38 13 0.995964
38 14 0.994257
38 15 0.99162
38 16 0.987473
38 17 0.980844
38 18 0.970092
38 19 0.952464
38 20 0.923471
38 21 0.876207
38 22 0.801503
38 23 0.69114
38 24 0.546957
38 25 0.3905
38 26 0.252471
38 27 0.150547
38 28 0.0845356
38 29 0.0454616
38 30 0.0236909
38 31 0.0120541
38 32 0.00601684
38 33 0.00295518
38 34 0.00143101
38 35 0.000684153
38 36 0.000323279
38 37 0.00015111
38 38 6.99246e-05
38 39 3.2054e-05
38 40 1.45652e-05
38 41 6.56413e-06
38 42 2.93555e-06
38 43 1.30333e-06
38 44 5.7471e-07
38 45 2.51784e-07
38 46 1.09632e-07
38 47 4.74646e-08
38 48 2.04628e-08
38 49 8.84963e-09
38 50 3.99268e-09
38 51 2.23344e-09

39 1 0.998549
39 2 0.99851
39 3 0.998428
39 4 0.998296
39 5 0.998103
39 6 0.99783
39 7 0.997451
39 8 0.996924
39 9 0.996187
39 10 0.995148
39 11 0.99366
39 12 0.991499
39 13 0.988311
39 14 0.983531
39 15 0.97625
39 16 0.964999
39 17 0.947429
39 18 0.919856
39 19 0.876772
39 20 0.810928
39 21 0.715206
39 22 0.58838
39 23 0.443538
39 24 0.305432
39 25 0.194218
39 26 0.115913
39 27 0.0659314
39 28 0.036166
39 29 0.0192903
39 30 0.0100599
39 31 0.00514786
39 32 0.00259115
39 33 0.00128507
39 34 0.000628753
39 35 0.000303806
39 36 0.000145095
39 37 6.85455e-05
39 38 3.2054e-05
39 39 1.4847e-05
39 40 6.81575e-06
39 41 3.10271e-06
39 42 1.40133e-06
39 43 6.28214e-07
39 44 2.79649e-07
39 45 1.23653e-07
39 46 5.43278e-08
39 47 2.3728e-08
39 48 1.03175e-08
39 49 4.5004e-09
39 50 2.04875e-09
39 51 1.15557e-09

40 1 0.995584
40 2 0.995467
40 3 0.995222
40 4 0.994831
40 5 0.994259
40 6 0.993454
40 7 0.992339
40 8 0.990799
40 9 0.988661
40 10 0.985666
40 11 0.981418
40 12 0.975314
40 13 0.966432
40 14 0.953357
40 15 0.933927
40 16 0.9049
40 17 0.861714
40 18 0.798689
40 19 0.710392
40 20 0.595788
40 21 0.46425
40 22 0.334548
40 23 0.224254
40 24 0.141428
40 25 0.0849385
40 26 0.0490808
40 27 0.0275006
40 28 0.0150247
40 29 0.00803479
40 30 0.00421704
40 31 0.0021764
40 32 0.00110608
40 33 0.000554176
40 34 0.000273994
40 35 0.000133792
40 36 6.45736e-05
40 37 3.08262e-05
40 38 1.45652e-05
40 39 6.81575e-06
40 40 3.16057e-06
40 41 1.45312e-06
40 42 6.6273e-07
40 43 2.99954e-07
40 44 1.34779e-07
40 45 6.01419e-08
40 46 2.66595e-08
40 47 1.17448e-08
40 48 5.15026e-09
40 49 2.26557e-09
40 50 1.04057e-09
40 51 5.91731e-10

41 1 0.986608
41 2 0.986263
41 3 0.985544
41 4 0.984395
41 5 0.98272
41 6 0.980373
41 7 0.977138
41 8 0.9727
41 9 0.966599
41 10 0.95816
41 11 0.946389
41 12 0.929821
41 13 0.906352
41 14 0.873082
41 15 0.826278
41 16 0.761651
41 17 0.675763
41 18 0.56946
41 19 0.451162
41 20 0.334923
41 21 0.233753
41 22 0.154508
41 23 0.0975456
41 24 0.0592816
41 25 0.0349031
41 26 0.020006
41 27 0.0112041
41 28 0.00614698
41 29 0.00331024
41 30 0.00175236
41 31 0.000913015
41 32 0.000468666
41 33 0.00023723
41 34 0.000118509
41 35 5.8471e-05
41 36 2.85133e-05
41 37 1.3752e-05
41 38 6.56413e-06
41 39 3.10271e-06
41 40 1.45312e-06
41 41 6.7466e-07
41 42 3.10664e-07
41 43 1.41939e-07
41 44 6.43677e-08
41 45 2.89818e-08
41 46 1.29598e-08
41 47 5.75817e-09
41 48 2.54614e-09
41 49 1.1294e-09
41 50 5.23298e-10
41 51 2.99983e-10

42 1 0.95988
42 2 0.958887
42 3 0.956831
42 4 0.953556
42 5 0.948811
42 6 0.942217
42 7 0.933222
42 8 0.921047
42 9 0.90461
42 10 0.88245
42 11 0.852628
42 12 0.812672
42 13 0.75969
42 14 0.691072
42 15 0.60617
42 16 0.508331
42 17 0.405276
42 18 0.306707
42 19 0.220772
42 20 0.151803
42 21 0.100232
42 22 0.0638809
42 23 0.039477
42 24 0.0237441
42 25 0.0139408
42 26 0.00800839
42 27 0.00450925
42 28 0.00249224
42 29 0.00135367
42 30 0.000723295
42 31 0.000380532
42 32 0.000197289
42 33 0.000100876
42 34 5.09065e-05
42 35 2.53726e-05
42 36 1.24986e-05
42 37 6.08903e-06
42 38 2.93555e-06
42 39 1.40133e-06
42 40 6.6273e-07
42 41 3.10664e-07
42 42 1.44411e-07
42 43 6.65929e-08
42 44 3.04736e-08
42 45 1.38424e-08
42 46 6.24324e-09
42 47 2.79718e-09
42 48 1.247e-09
42 49 5.57696e-10
42 50 2.60647e-10
42 51 1.50604e-10

43 1 0.884322
43 2 0.881686
43 3 0.876253
43 4 0.867692
43 5 0.855475
43 6 0.838846
43 7 0.81678
43 8 0.787955
43 9 0.750799
43 10 0.703694
43 11 0.645473
43 12 0.576187
43 13 0.49784
43 14 0.414551
43 15 0.331807
43 16 0.255089
43 17 0.188539
43 18 0.134253
43 19 0.0923538
43 20 0.0615545
43 21 0.0398613
43 22 0.0251426
43 23 0.0154795
43 24 0.00931883
43 25 0.00549371
43 26 0.00317548
43 27 0.00180158
43 28 0.00100418
43 29 0.000550378
43 30 0.000296857
43 31 0.000157692
43 32 8.25599e-05
43 33 4.26324e-05
43 34 2.17283e-05
43 35 1.09376e-05
43 36 5.44141e-06
43 37 2.67713e-06
43 38 1.30333e-06
43 39 6.28214e-07
43 40 2.99954e-07
43 41 1.41939e-07
43 42 6.65929e-08
43 43 3.09881e-08
43 44 1.43066e-08
43 45 6.55501e-09
43 46 2.9814e-09
43 47 1.34673e-09
43 48 6.05213e-10
43 49 2.72862e-10
43 50 1.28617e-10
43 51 7.48975e-11

44 1 0.701631
44 2 0.696106
44 3 0.684874
44 4 0.667593
44 5 0.643815
44 6 0.613083
44 7 0.575091
44 8 0.529891
44 9 0.478129
44 10 0.4212
44 11 0.361259
44 12 0.301007
44 13 0.243287
44 14 0.190612
44 15 0.144776
44 16 0.106673
44 17 0.0763312
44 18 0.0531161
44 19 0.035996
44 20 0.0237903
44 21 0.0153548
44 22 0.00968969
44 23 0.00598505
44 24 0.00362195
44 25 0.0021494
44 26 0.00125184
44 27 0.000716101
44 28 0.000402639
44 29 0.000222684
44 30 0.000121228
44 31 6.50075e-05
44 32 3.43613e-05
44 33 1.7915e-05
44 34 9.21931e-06
44 35 4.68592e-06
44 36 2.35385e-06
44 37 1.16927e-06
44 38 5.7471e-07
44 39 2.79649e-07
44 40 1.34779e-07
44 41 6.43677e-08
44 42 3.04736e-08
44 43 1.43066e-08
44 44 6.6625e-09
44 45 3.07847e-09
44 46 1.4117e-09
44 47 6.42802e-10
44 48 2.91149e-10
44 49 1.32311e-10
44 50 6.28932e-11
44 51 3.69064e-11

45 1 0.411678
45 2 0.405661
45 3 0.393741
45 4 0.376167
45 5 0.353362
45 6 0.325962
45 7 0.294847
45 8 0.261135
45 9 0.226128
45 10 0.191217
45 11 0.157744
45 12 0.126868
45 13 0.0994426
45 14 0.0759646
45 15 0.0565687
45 16 0.0410834
45 17 0.0291169
45 18 0.0201515
45 19 0.0136293
45 20 0.00901478
45 21 0.00583537
45 22 0.00369928
45 23 0.00229824
45 24 0.0014002
45 25 0.000837121
45 26 0.000491438
45 27 0.000283474
45 28 0.000160771
45 29 8.97087e-05
45 30 4.92811e-05
45 31 2.66706e-05
45 32 1.4229e-05
45 33 7.48847e-06
45 34 3.89011e-06
45 35 1.99597e-06
45 36 1.01212e-06
45 37 5.07508e-07
45 38 2.51784e-07
45 39 1.23653e-07
45 40 6.01419e-08
45 41 2.89818e-08
45 42 1.38424e-08
45 43 6.55501e-09
45 44 3.07847e-09
45 45 1.43417e-09
45 46 6.62959e-10
45 47 3.04238e-10
45 48 1.38866e-10
45 49 6.36011e-11
45 50 3.04845e-11
45 51 1.80244e-11

46 1 0.182686
46 2 0.179297
46 3 0.172676
46 4 0.163128
46 5 0.151096
46 6 0.137136
46 7 0.121887
46 8 0.106023
46 9 0.0902062
46 10 0.0750338
46 11 0.0609978
46 12 0.0484526
46 13 0.0376043
46 14 0.0285169
46 15 0.0211344
46 16 0.0153115
46 17 0.0108477
46 18 0.00751832
46 19 0.00509985
46 20 0.00338727
46 21 0.00220398
46 22 0.00140557
46 23 0.000879034
46 24 0.000539393
46 25 0.000324931
46 26 0.00019227
46 27 0.00011182
46 28 6.39564e-05
46 29 3.5997e-05
46 30 1.99498e-05
46 31 1.08936e-05
46 32 5.86467e-06
46 33 3.11473e-06
46 34 1.63294e-06
46 35 8.45575e-07
46 36 4.3273e-07
46 37 2.1898e-07
46 38 1.09632e-07
46 39 5.43278e-08
46 40 2.66595e-08
46 41 1.29598e-08
46 42 6.24324e-09
46 43 2.9814e-09
46 44 1.4117e-09
46 45 6.62959e-10
46 46 3.08863e-10
46 47 1.42828e-10
46 48 6.56863e-11
46 49 3.0317e-11
46 50 1.4651e-11
46 51 8.72752e-12

47 1 0.0703726
47 2 0.068963
47 3 0.0662227
47 4 0.062303
47 5 0.057416
47 6 0.0518168
47 7 0.0457833
47 8 0.0395941
47 9 0.0335074
47 10 0.0277433
47 11 0.0224712
47 12 0.0178042
47 13 0.013799
47 14 0.0104625
47 15 0.00776152
47 16 0.00563466
47 17 0.00400408
47 18 0.00278599
47 19 0.00189862
47 20 0.00126776
47 21 0.000829757
47 22 0.000532551
47 23 0.000335326
47 24 0.000207242
47 25 0.000125781
47 26 7.50078e-05
47 27 4.3974e-05
47 28 2.53589e-05
47 29 1.43935e-05
47 30 8.04559e-06
47 31 4.43169e-06
47 32 2.40692e-06
47 33 1.28972e-06
47 34 6.82213e-07
47 35 3.56442e-07
47 36 1.84051e-07
47 37 9.39711e-08
47 38 4.74646e-08
47 39 2.3728e-08
47 40 1.17448e-08
47 41 5.75817e-09
47 42 2.79718e-09
47 43 1.34673e-09
47 44 6.42802e-10
47 45 3.04238e-10
47 46 1.42828e-10
47 47 6.65452e-11
47 48 3.08328e-11
47 49 1.43395e-11
47 50 6.98648e-12
47 51 4.19277e-12

48 1 0.0256391
48 2 0.0251158
48 3 0.0241
48 4 0.0226507
48 5 0.0208496
48 6 0.0187937
48 7 0.0165871
48 8 0.0143325
48 9 0.0121232
48 10 0.0100375
48 11 0.00813441
48 12 0.00645232
48 13 0.0050097
48 14 0.00380757
48 15 0.00283322
48 16 0.00206434
48 17 0.00147313
48 18 0.00102983
48 19 0.000705483
48 20 0.000473737
48 21 0.000311944
48 22 0.000201499
48 23 0.000127735
48 24 7.95037e-05
48 25 4.86084e-05
48 26 2.9208e-05
48 27 1.7258e-05
48 28 1.00326e-05
48 29 5.7413e-06
48 30 3.2362e-06
48 31 1.79777e-06
48 32 9.84829e-07
48 33 5.32305e-07
48 34 2.84038e-07
48 35 1.49708e-07
48 36 7.79818e-08
48 37 4.01636e-08
48 38 2.04628e-08
48 39 1.03175e-08
48 40 5.15026e-09
48 41 2.54614e-09
48 42 1.247e-09
48 43 6.05213e-10
48 44 2.91149e-10
48 45 1.38866e-10
48 46 6.56863e-11
48 47 3.08328e-11
48 48 1.43924e-11
48 49 6.7448e-12
48 50 3.31331e-12
48 51 2.00327e-12

49 1 0.00919028
49 2 0.00900301
49 3 0.00863964
49 4 0.00812145
49 5 0.00747783
49 6 0.00674358
49 7 0.0059559
49 8 0.00515129
49 9 0.00436286
49 10 0.00361825
49 11 0.00293826
49 12 0.00233644
49 13 0.00181934
49 14 0.00138741
49 15 0.00103629
49 16 0.000758242
49 17 0.000543594
49 18 0.000381928
49 19 0.000263054
49 20 0.000177664
49 21 0.000117704
49 22 7.65208e-05
49 23 4.88365e-05
49 24 3.06107e-05
49 25 1.88523e-05
49 26 1.14138e-05
49 27 6.79664e-06
49 28 3.98272e-06
49 29 2.29785e-06
49 30 1.30605e-06
49 31 7.31699e-07
49 32 4.04276e-07
49 33 2.20411e-07
49 34 1.18639e-07
49 35 6.30794e-08
49 36 3.31455e-08
49 37 1.72203e-08
49 38 8.84963e-09
49 39 4.5004e-09
49 40 2.26557e-09
49 41 1.1294e-09
49 42 5.57696e-10
49 43 2.72862e-10
49 44 1.32311e-10
49 45 6.36011e-11
49 46 3.0317e-11
49 47 1.43395e-11
49 48 6.7448e-12
49 49 3.18592e-12
49 50 1.57846e-12
49 51 9.61748e-13

50 1 0.00338008
50 2 0.00331187
50 3 0.00317949
50 4 0.00299066
50 5 0.00275602
50 6 0.00248819
50 7 0.00220064
50 8 0.00190659
50 9 0.00161805
50 10 0.00134509
50 11 0.00109529
50 12 0.000873657
50 13 0.000682673
50 14 0.000522615
50 15 0.000392015
50 16 0.000288165
50 17 0.000207626
50 18 0.000146664
50 19 0.000101596
50 20 6.90357e-05
50 21 4.60314e-05
50 22 3.01283e-05
50 23 1.93645e-05
50 24 1.22272e-05
50 25 7.58815e-06
50 26 4.63054e-06
50 27 2.77988e-06
50 28 1.64263e-06
50 29 9.5586e-07
50 30 5.48047e-07
50 31 3.09769e-07
50 32 1.72696e-07
50 33 9.50109e-08
50 34 5.16096e-08
50 35 2.76926e-08
50 36 1.46849e-08
50 37 7.69922e-09
50 38 3.99268e-09
50 39 2.04875e-09
50 40 1.04057e-09
50 41 5.23298e-10
50 42 2.60647e-10
50 43 1.28617e-10
50 44 6.28932e-11
50 45 3.04845e-11
50 46 1.4651e-11
50 47 6.98648e-12
50 48 3.31331e-12
50 49 1.57846e-12
50 50 7.893e-13
50 51 4.84935e-13

51 1 0.00154816
51 2 0.0015173
51 3 0.0014574
51 4 0.00137191
51 5 0.00126561
51 6 0.00114414
51 7 0.00101357
51 8 0.000879841
51 9 0.000748381
51 10 0.000623742
51 11 0.000509397
51 12 0.000407653
51 13 0.000319696
51 14 0.000245716
51 15 0.000185112
51 16 0.000136712
51 17 9.89983e-05
51 18 7.0307e-05
51 19 4.89808e-05
51 20 3.34839e-05
51 21 2.2468e-05
51 22 1.48034e-05
51 23 9.58063e-06
51 24 6.09302e-06
51 25 3.80947e-06
51 26 2.34252e-06
51 27 1.4174e-06
51 28 8.44303e-07
51 29 4.95354e-07
51 30 2.86391e-07
51 31 1.63247e-07
51 32 9.17886e-08
51 33 5.09332e-08
51 34 2.79052e-08
51 35 1.51023e-08
51 36 8.07716e-09
51 37 4.27084e-09
51 38 2.23344e-09
51 39 1.15557e-09
51 40 5.91731e-10
51 41 2.99983e-10
51 42 1.50604e-10
51 43 7.48975e-11
51 44 3.69064e-11
51 45 1.80244e-11
51 46 8.72752e-12
51 47 4.19277e-12
51 48 2.00327e-12
51 49 9.61748e-13
51 50 4.84935e-13
51 51 3.00163e-13

#x #y #phase
1 1 1
1 2 1
1 3 1
1 4 1
1 5 1
1 6 1
1 7 1
1 8 1
1 9 1
1 10 1
1 11 1
1 12 1
1 13 1
1 14 0.999999
1 15 1
1 16 0.999999
1 17 1
1 18 0.999999
1 19 1
1 20 0.999999
1 21 1
1 22 1
1 23 1
1 24 1
1 25 1
1 26 1
1 27 1
1 28 1
1 29 1
1 30 1
1 31 1
1 32 0.999999
1 33 0.999998
1 34 0.999995
1 35 0.999983
1 36 0.999949
1 37 0.999844
1 38 0.999524
1 39 0.998549
1 40 0.995584
1 41 0.986608
1 42 0.95988
1 43 0.884322
1 44 0.701631
1 45 0.411678
1 46 0.182686
1 47 0.0703726
1 48 0.0256391
1 49 0.00919028
1 50 0.00338008
1 51 0.00154816

2 1 1
2 2 1
2 3 1
2 4 1
2 5 1
2 6 1
2 7 1
2 8 1
2 9 0.999999
2 10 1
2 11 0.999999
2 12 1
2 13 0.999998
2 14 1
2 15 0.999998
2 16 1
2 17 0.999998
2 18 1
2 19 0.999998
2 20 1
2 21 0.999999
2 22 1
2 23 0.999999
2 24 1
2 25 1
2 26 1
2 27 1
2 28 1
2 29 1
2 30 1
2 31 1
2 32 0.999999
2 33 0.999998
2 34 0.999994
2 35 0.999983
2 36 0.999947
2 37 0.99984
2 38 0.999511
2 39 0.99851
2 40 0.995467
2 41 0.986263
2 42 0.958887
2 43 0.881686
2 44 0.696106
2 45 0.405661
2 46 0.179297
2 47 0.068963
2 48 0.0251158
2 49 0.00900301
2 50 0.00331187
2 51 0.0015173

3 1 1
3 2 1
3 3 1
3 4 1
3 5 1
3 6 1
3 7 1
3 8 0.999999
3 9 1
3 10 0.999998
3 11 1
3 12 0.999998
3 13 1
3 14 0.999997
3 15 1
3 16 0.999996
3 17 1
3 18 0.999996
3 19 1
3 20 0.999997
3 21 1
3 22 0.999998
3 23 1
3 24 0.999999
3 25 1
3 26 0.999999
3 27 1
3 28 1
3 29 1
3 30 1
3 31 1
3 32 0.999999
3 33 0.999998
3 34 0.999994
3 35 0.999982
3 36 0.999944
3 37 0.99983
3 38 0.999483
3 39 0.998428
3 40 0.995222
3 41 0.985544
3 42 0.956831
3 43 0.876253
3 44 0.684874
3 45 0.393741
3 46 0.172676
