#x #y #phase
1 1 1
1 2 1
1 3 1
1 4 1
1 5 1
1 6 1
1 7 1
1 8 1
1 9 1
1 10 1
1 11 1
1 12 1
1 13 1
1 14 1
1 15 0.999999
1 16 1
1 17 0.999999
1 18 1
1 19 0.999999
1 20 1
1 21 1
1 22 1
1 23 1
1 24 1
1 25 1
1 26 1
1 27 1
1 28 1
1 29 1
1 30 1
1 31 1
1 32 0.999999
1 33 0.999998
1 34 0.999993
1 35 0.999979
1 36 0.999936
1 37 0.999805
1 38 0.999404
1 39 0.998184
1 40 0.994473
1 41 0.98327
1 42 0.950147
1 43 0.858273
1 44 0.64778
1 45 0.355815
1 46 0.151899
1 47 0.0575782
1 48 0.0208528
1 49 0.00745883
1 50 0.00274123
1 51 0.0012552

2 1 1
2 2 1
2 3 1
2 4 1
2 5 1
2 6 1
2 7 1
2 8 1
2 9 1
2 10 0.999999
2 11 1
2 12 0.999999
2 13 1
2 14 0.999998
2 15 1
2 16 0.999998
2 17 1
2 18 0.999998
2 19 1
2 20 0.999999
2 21 1
2 22 0.999999
2 23 1
2 24 0.999999
2 25 1
2 26 1
2 27 1
2 28 1
2 29 1
2 30 1
2 31 1
2 32 0.999999
2 33 0.999998
2 34 0.999993
2 35 0.999978
2 36 0.999934
2 37 0.999799
2 38 0.999388
2 39 0.998134
2 40 0.994326
2 41 0.982838
2 42 0.948921
2 43 0.855125
2 44 0.641738
2 45 0.350214
2 46 0.149003
2 47 0.0564125
2 48 0.0204252
2 49 0.00730647
2 50 0.00268582
2 51 0.00123015

3 1 1
3 2 1
3 3 1
3 4 1
3 5 1
3 6 1
3 7 0.999999
3 8 1
3 9 0.999999
3 10 1
3 11 0.999998
3 12 1
3 13 0.999997
3 14 1
3 15 0.999997
3 16 1
3 17 0.999996
3 18 1
3 19 0.999997
3 20 1
3 21 0.999997
3 22 1
3 23 0.999998
3 24 1
3 25 0.999999
3 26 1
3 27 1
3 28 1
3 29 1
3 30 1
3 31 1
3 32 0.999999
3 33 0.999998
3 34 0.999992
3 35 0.999977
3 36 0.99993
3 37 0.999788
3 38 0.999353
3 39 0.998032
3 40 0.99402
3 41 0.981941
3 42 0.946381
3 43 0.848647
3 44 0.629522
3 45 0.33916
3 46 0.143352
3 47 0.0541478
3 48 0.0195954
3 49 0.00701087
3 50 0.00257829
3 51 0.00118153

4 1 1
4 2 1
4 3 1
4 4 1
4 5 1
4 6 0.999999
4 7 1
4 8 0.999999
4 9 1
4 10 0.999998
4 11 1
4 12 0.999996
4 13 1
4 14 0.999995
4 15 1.00001
4 16 0.999994
4 17 1.00001
4 18 0.999994
4 19 1.00001
4 20 0.999995
4 21 1
4 22 0.999996
4 23 1
4 24 0.999998
4 25 1
4 26 0.999999
4 27 1
4 28 1
4 29 1
4 30 1
4 31 1
4 32 0.999999
4 33 0.999997
4 34 0.999992
4 35 0.999975
4 36 0.999924
4 37 0.999769
4 38 0.999298
4 39 0.997867
4 40 0.993531
4 41 0.980507
4 42 0.94234
4 43 0.838463
4 44 0.610896
4 45 0.322965
4 46 0.135224
4 47 0.0509116
4 48 0.018412
4 49 0.00658939
4 50 0.00242493
4 51 0.00111213

5 1 1
5 2 1
5 3 1
5 4 1
5 5 0.999999
5 6 1
5 7 0.999999
5 8 1
5 9 0.999997
5 10 1
5 11 0.999995
5 12 1.00001
5 13 0.999993
5 14 1.00001
5 15 0.999991
5 16 1.00001
5 17 0.99999
5 18 1.00001
5 19 0.99999
5 20 1.00001
5 21 0.999992
5 22 1.00001
5 23 0.999995
5 24 1
5 25 0.999997
5 26 1
5 27 0.999999
5 28 1
5 29 0.999999
5 30 1
5 31 1
5 32 0.999999
5 33 0.999997
5 34 0.999991
5 35 0.999972
5 36 0.999915
5 37 0.999741
5 38 0.999216
5 39 0.997625
5 40 0.992815
5 41 0.978418
5 42 0.936491
5 43 0.82398
5 44 0.585597
5 45 0.302125
5 46 0.125016
5 47 0.0468818
5 48 0.016942
5 49 0.00606601
5 50 0.00223438
5 51 0.00102585

6 1 1
6 2 1
6 3 1
6 4 0.999999
6 5 1
6 6 0.999998
6 7 1
6 8 0.999997
6 9 1
6 10 0.999994
6 11 1.00001
6 12 0.999991
6 13 1.00001
6 14 0.999987
6 15 1.00001
6 16 0.999985
6 17 1.00002
6 18 0.999984
6 19 1.00001
6 20 0.999986
6 21 1.00001
6 22 0.999989
6 23 1.00001
6 24 0.999993
6 25 1.00001
6 26 0.999996
6 27 1
6 28 0.999998
6 29 1
6 30 0.999999
6 31 1
6 32 0.999999
6 33 0.999996
6 34 0.999989
6 35 0.999967
6 36 0.999901
6 37 0.999702
6 38 0.999101
6 39 0.997284
6 40 0.99181
6 41 0.975495
6 42 0.928377
6 43 0.804365
6 44 0.553444
6 45 0.277338
6 46 0.113221
6 47 0.0422719
6 48 0.0152651
6 49 0.00546911
6 50 0.00201691
6 51 0.000927275

7 1 1
7 2 1
7 3 0.999999
7 4 1
7 5 0.999999
7 6 1
7 7 0.999997
7 8 1
7 9 0.999993
7 10 1.00001
7 11 0.999989
7 12 1.00001
7 13 0.999984
7 14 1.00002
7 15 0.999979
7 16 1.00002
7 17 0.999977
7 18 1.00002
7 19 0.999978
7 20 1.00002
7 21 0.999982
7 22 1.00002
7 23 0.999987
7 24 1.00001
7 25 0.999992
7 26 1.00001
7 27 0.999996
7 28 1
7 29 0.999998
7 30 1
7 31 0.999999
7 32 0.999999
7 33 0.999996
7 34 0.999987
7 35 0.999961
7 36 0.999883
7 37 0.999648
7 38 0.99894
7 39 0.996809
7 40 0.990418
7 41 0.971474
7 42 0.917347
7 43 0.778522
7 44 0.514501
7 45 0.249508
7 46 0.100395
7 47 0.0373129
7 48 0.0134666
7 49 0.00482899
7 50 0.00178348
7 51 0.000821321

8 1 1
8 2 1
8 3 1
8 4 0.999999
8 5 1
8 6 0.999997
8 7 1
8 8 0.999993
8 9 1.00001
8 10 0.999988
8 11 1.00002
8 12 0.999981
8 13 1.00002
8 14 0.999973
8 15 1.00003
8 16 0.999968
8 17 1.00003
8 18 0.999967
8 19 1.00003
8 20 0.999971
8 21 1.00003
8 22 0.999977
8 23 1.00002
8 24 0.999985
8 25 1.00001
8 26 0.999991
8 27 1.00001
8 28 0.999996
8 29 1
8 30 0.999998
8 31 1
8 32 0.999998
8 33 0.999995
8 34 0.999984
8 35 0.999952
8 36 0.999857
8 37 0.999571
8 38 0.998714
8 39 0.996149
8 40 0.988495
8 41 0.965968
8 42 0.902493
8 43 0.74513
8 44 0.469251
8 45 0.219716
8 46 0.0871137
8 47 0.0322353
8 48 0.0116302
8 49 0.00417535
8 50 0.00154482
8 51 0.000712825

9 1 1
9 2 1
9 3 0.999999
9 4 1
9 5 0.999997
9 6 1
9 7 0.999993
9 8 1.00001
9 9 0.999987
9 10 1.00002
9 11 0.999979
9 12 1.00003
9 13 0.999969
9 14 1.00004
9 15 0.99996
9 16 1.00004
9 17 0.999955
9 18 1.00004
9 19 0.999957
9 20 1.00004
9 21 0.999964
9 22 1.00003
9 23 0.999973
9 24 1.00002
9 25 0.999983
9 26 1.00001
9 27 0.999991
9 28 1.00001
9 29 0.999996
9 30 1
9 31 0.999998
9 32 0.999999
9 33 0.999993
9 34 0.99998
9 35 0.999939
9 36 0.99982
9 37 0.999462
9 38 0.998398
9 39 0.995227
9 40 0.985826
9 41 0.958417
9 42 0.882586
9 43 0.702792
9 44 0.418748
9 45 0.189158
9 46 0.0739351
9 47 0.027251
9 48 0.00983233
9 49 0.00353513
9 50 0.00131071
9 51 0.000606189

10 1 1
10 2 0.999999
10 3 1
10 4 0.999998
10 5 1
10 6 0.999994
10 7 1.00001
10 8 0.999988
10 9 1.00002
10 10 0.999978
10 11 1.00003
10 12 0.999965
10 13 1.00004
10 14 0.999952
10 15 1.00005
10 16 0.999943
10 17 1.00006
10 18 0.999941
10 19 1.00006
10 20 0.999947
10 21 1.00005
10 22 0.999958
10 23 1.00004
10 24 0.999971
10 25 1.00002
10 26 0.999983
10 27 1.00001
10 28 0.999991
10 29 1.00001
10 30 0.999996
10 31 1
10 32 0.999996
10 33 0.999992
10 34 0.999973
10 35 0.999921
10 36 0.999766
10 37 0.999308
10 38 0.997949
10 39 0.993925
10 40 0.982088
10 41 0.947994
10 42 0.855986
10 43 0.650388
10 44 0.364665
10 45 0.159049
10 46 0.0613528
10 47 0.0225396
10 48 0.00813633
10 49 0.00293074
10 50 0.00108928
10 51 0.000505109

11 1 1
11 2 1
11 3 0.999998
11 4 1
11 5 0.999995
11 6 1.00001
11 7 0.999989
11 8 1.00002
11 9 0.999979
11 10 1.00003
11 11 0.999964
11 12 1.00004
11 13 0.999947
11 14 1.00006
11 15 0.999932
11 16 1.00007
11 17 0.999925
11 18 1.00008
11 19 0.999927
11 20 1.00007
11 21 0.999939
11 22 1.00005
11 23 0.999955
11 24 1.00004
11 25 0.999971
11 26 1.00002
11 27 0.999984
11 28 1.00001
11 29 0.999992
11 30 1
11 31 0.999996
11 32 0.999997
11 33 0.999987
11 34 0.999964
11 35 0.999894
11 36 0.999688
11 37 0.999083
11 38 0.997302
11 39 0.992063
11 40 0.976792
11 41 0.933497
11 42 0.820578
11 43 0.587652
11 44 0.309207
11 45 0.130506
11 46 0.049764
11 47 0.0182379
11 48 0.00659008
11 49 0.00237907
11 50 0.000886724
11 51 0.000412402

12 1 1
12 2 0.999999
12 3 1
12 4 0.999996
12 5 1.00001
12 6 0.999991
12 7 1.00001
12 8 0.999981
12 9 1.00003
12 10 0.999965
12 11 1.00004
12 12 0.999945
12 13 1.00007
12 14 0.999925
12 15 1.00008
12 16 0.999911
12 17 1.00009
12 18 0.999908
12 19 1.00009
12 20 0.999917
12 21 1.00008
12 22 0.999934
12 23 1.00006
12 24 0.999955
12 25 1.00004
12 26 0.999973
12 27 1.00002
12 28 0.999986
12 29 1.00001
12 30 0.999993
12 31 1
12 32 0.999992
12 33 0.999984
12 34 0.999949
12 35 0.999854
12 36 0.999572
12 37 0.998753
12 38 0.996355
12 39 0.989361
12 40 0.969198
12 41 0.913193
12 42 0.773796
12 43 0.515805
12 44 0.254837
12 45 0.104448
12 46 0.0394477
12 47 0.0144362
12 48 0.00522448
12 49 0.00189105
12 50 0.000707066
12 51 0.000329936

13 1 1
13 2 1
13 3 0.999997
13 4 1
13 5 0.999993
13 6 1.00001
13 7 0.999984
13 8 1.00002
13 9 0.999969
13 10 1.00004
13 11 0.999947
13 12 1.00007
13 13 0.999923
13 14 1.00009
13 15 0.999902
13 16 1.00011
13 17 0.999891
13 18 1.00011
13 19 0.999894
13 20 1.0001
13 21 0.999911
13 22 1.00008
13 23 0.999935
13 24 1.00005
13 25 0.999958
13 26 1.00003
13 27 0.999977
13 28 1.00002
13 29 0.999989
13 30 1.00001
13 31 0.999993
13 32 0.999994
13 33 0.999973
13 34 0.999928
13 35 0.999791
13 36 0.999398
13 37 0.998256
13 38 0.994945
13 39 0.985379
13 40 0.958184
13 41 0.88468
13 42 0.713044
13 43 0.43788
13 44 0.203922
13 45 0.0815149
13 46 0.0305588
13 47 0.0111787
13 48 0.00405419
13 49 0.00147193
13 50 0.000552309
13 51 0.000258666

14 1 1
14 2 0.999998
14 3 1
14 4 0.999995
14 5 1.00001
14 6 0.999987
14 7 1.00002
14 8 0.999973
14 9 1.00004
14 10 0.999952
14 11 1.00006
14 12 0.999925
14 13 1.00009
14 14 0.999898
14 15 1.00011
14 16 0.999879
14 17 1.00012
14 18 0.999875
14 19 1.00012
14 20 0.999888
14 21 1.0001
14 22 0.999912
14 23 1.00007
14 24 0.99994
14 25 1.00005
14 26 0.999964
14 27 1.00003
14 28 0.999982
14 29 1.00001
14 30 0.99999
14 31 1
14 32 0.999984
14 33 0.999964
14 34 0.999892
14 35 0.999696
14 36 0.999127
14 37 0.997496
14 38 0.992807
14 39 0.979416
14 40 0.942043
14 41 0.844788
14 42 0.636867
14 43 0.358381
14 44 0.158371
14 45 0.0620364
14 46 0.0231361
14 47 0.0084687
14 48 0.00307971
14 49 0.00112201
14 50 0.000422663
14 51 0.000198743

15 1 0.999999
15 2 1
15 3 0.999997
15 4 1.00001
15 5 0.999991
15 6 1.00001
15 7 0.999979
15 8 1.00003
15 9 0.99996
15 10 1.00005
15 11 0.999932
15 12 1.00008
15 13 0.999902
15 14 1.00011
15 15 0.999875
15 16 1.00013
15 17 0.999862
15 18 1.00014
15 19 0.999867
15 20 1.00012
15 21 0.999888
15 22 1.0001
15 23 0.999918
15 24 1.00007
15 25 0.999948
15 26 1.00004
15 27 0.999972
15 28 1.00002
15 29 0.999986
15 30 1.00001
15 31 0.999987
15 32 0.999983
15 33 0.999941
15 34 0.999839
15 35 0.999542
15 36 0.998702
15 37 0.99631
15 38 0.989507
15 39 0.97035
15 40 0.918196
15 41 0.789647
15 42 0.546746
15 43 0.282334
15 44 0.119393
15 45 0.0460509
15 46 0.0171222
15 47 0.00627762
15 48 0.00229043
15 49 0.000837701
15 50 0.000316921
15 51 0.000149672

16 1 1
16 2 0.999998
16 3 1
16 4 0.999994
16 5 1.00001
16 6 0.999985
16 7 1.00002
16 8 0.999968
16 9 1.00004
16 10 0.999943
16 11 1.00007
16 12 0.999911
16 13 1.00011
16 14 0.999879
16 15 1.00013
16 16 0.999858
16 17 1.00015
16 18 0.999853
16 19 1.00014
16 20 0.999868
16 21 1.00012
16 22 0.999897
16 23 1.00009
16 24 0.99993
16 25 1.00005
16 26 0.999959
16 27 1.00003
16 28 0.999979
16 29 1.00001
16 30 0.999987
16 31 0.999994
16 32 0.999964
16 33 0.999911
16 34 0.999747
16 35 0.999295
16 36 0.998018
16 37 0.994424
16 38 0.984324
16 39 0.956392
16 40 0.882919
16 41 0.715397
16 42 0.448195
16 43 0.214087
16 44 0.0874319
16 45 0.0333575
16 46 0.0123895
16 47 0.00455416
16 48 0.001668
16 49 0.000612678
16 50 0.000232875
16 51 0.000110498

17 1 0.999999
17 2 1
17 3 0.999996
17 4 1.00001
17 5 0.99999
17 6 1.00002
17 7 0.999977
17 8 1.00003
17 9 0.999955
17 10 1.00006
17 11 0.999925
17 12 1.00009
17 13 0.999891
17 14 1.00012
17 15 0.999862
17 16 1.00015
17 17 0.999848
17 18 1.00015
17 19 0.999855
17 20 1.00014
17 21 0.999879
17 22 1.00011
17 23 0.999912
17 24 1.00007
17 25 0.999945
17 26 1.00004
17 27 0.99997
17 28 1.00002
17 29 0.999983
17 30 1
17 31 0.999975
17 32 0.99995
17 33 0.999851
17 34 0.999597
17 35 0.998882
17 36 0.996897
17 37 0.991366
17 38 0.976056
17 39 0.934724
17 40 0.831279
17 41 0.620493
17 42 0.34966
17 43 0.156446
17 44 0.0622568
17 45 0.023591
17 46 0.00876827
17 47 0.00323416
17 48 0.00118971
17 49 0.000439049
17 50 0.000167723
17 51 7.99861e-05

18 1 1
18 2 0.999998
18 3 1
18 4 0.999994
18 5 1.00001
18 6 0.999984
18 7 1.00002
18 8 0.999967
18 9 1.00004
18 10 0.999941
18 11 1.00008
18 12 0.999908
18 13 1.00011
18 14 0.999875
18 15 1.00014
18 16 0.999853
18 17 1.00015
18 18 0.99985
18 19 1.00014
18 20 0.999866
18 21 1.00012
18 22 0.999896
18 23 1.00009
18 24 0.99993
18 25 1.00005
18 26 0.999959
18 27 1.00003
18 28 0.999978
18 29 1.00001
18 30 0.999979
18 31 0.999972
18 32 0.999907
18 33 0.999758
18 34 0.999336
18 35 0.998187
18 36 0.995021
18 37 0.986321
18 38 0.962688
18 39 0.901024
18 40 0.757716
18 41 0.509282
18 42 0.259652
18 43 0.110405
18 44 0.0431567
18 45 0.0162991
18 46 0.00607159
18 47 0.00224893
18 48 0.000831305
18 49 0.000308344
18 50 0.00011843
18 51 5.67833e-05

19 1 0.999999
19 2 1
19 3 0.999997
19 4 1.00001
19 5 0.99999
19 6 1.00001
19 7 0.999978
19 8 1.00003
19 9 0.999957
19 10 1.00006
19 11 0.999927
19 12 1.00009
19 13 0.999894
19 14 1.00012
19 15 0.999867
19 16 1.00014
19 17 0.999855
19 18 1.00014
19 19 0.999862
19 20 1.00013
19 21 0.999885
19 22 1.0001
19 23 0.999918
19 24 1.00007
19 25 0.999949
19 26 1.00004
19 27 0.999971
19 28 1.00002
19 29 0.999979
19 30 0.999985
19 31 0.999936
19 32 0.999847
19 33 0.999583
19 34 0.998884
19 35 0.996983
19 36 0.991823
19 37 0.977865
19 38 0.940898
19 39 0.849162
19 40 0.658365
19 41 0.392925
19 42 0.184052
19 43 0.0754307
19 44 0.0291609
19 45 0.0110085
19 46 0.00411526
19 47 0.00153177
19 48 0.000569216
19 49 0.000212283
19 50 8.20056e-05
19 51 3.95443e-05

20 1 1
20 2 0.999999
20 3 1
20 4 0.999995
20 5 1.00001
20 6 0.999986
20 7 1.00002
20 8 0.999971
20 9 1.00004
20 10 0.999947
20 11 1.00007
20 12 0.999917
20 13 1.0001
20 14 0.999888
20 15 1.00012
20 16 0.999868
20 17 1.00014
20 18 0.999866
20 19 1.00013
20 20 0.999882
20 21 1.00011
20 22 0.999909
20 23 1.00008
20 24 0.99994
20 25 1.00005
20 26 0.999965
20 27 1.00002
20 28 0.999977
20 29 0.999995
20 30 0.999952
20 31 0.999899
20 32 0.999722
20 33 0.999275
20 34 0.998074
20 35 0.994865
20 36 0.986275
20 37 0.963519
20 38 0.905404
20 39 0.77186
20 40 0.536343
20 41 0.284938
20 42 0.125079
20 43 0.0500211
20 44 0.0192302
20 45 0.00727323
20 46 0.00273144
20 47 0.00102227
20 48 0.000382061
20 49 0.000143314
20 50 5.57018e-05
20 51 2.70228e-05

21 1 1
21 2 1
21 3 0.999997
21 4 1
21 5 0.999992
21 6 1.00001
21 7 0.999982
21 8 1.00003
21 9 0.999964
21 10 1.00005
21 11 0.999939
21 12 1.00008
21 13 0.999911
21 14 1.0001
21 15 0.999888
21 16 1.00012
21 17 0.999879
21 18 1.00012
21 19 0.999885
21 20 1.00011
21 21 0.999906
21 22 1.00008
21 23 0.999933
21 24 1.00005
21 25 0.999959
21 26 1.00003
21 27 0.999974
21 28 1
21 29 0.999961
21 30 0.99993
21 31 0.999803
21 32 0.999502
21 33 0.998701
21 34 0.996603
21 35 0.991066
21 36 0.976516
21 37 0.939042
21 38 0.848485
21 39 0.663777
21 40 0.405473
21 41 0.195192
21 42 0.0818839
21 43 0.0322739
21 44 0.0123908
21 45 0.0047038
21 46 0.00177618
21 47 0.000668758
21 48 0.000251469
21 49 9.49087e-05
21 50 3.71264e-05
21 51 1.81258e-05

22 1 1
22 2 0.999999
22 3 1
22 4 0.999996
22 5 1.00001
22 6 0.999989
22 7 1.00002
22 8 0.999977
22 9 1.00003
22 10 0.999958
22 11 1.00005
22 12 0.999934
22 13 1.00008
22 14 0.999912
22 15 1.0001
22 16 0.999897
22 17 1.00011
22 18 0.999896
22 19 1.0001
22 20 0.999909
22 21 1.00008
22 22 0.999931
22 23 1.00006
22 24 0.999954
22 25 1.00003
22 26 0.999971
22 27 1.00001
22 28 0.999964
22 29 0.999949
22 30 0.99985
22 31 0.999638
22 32 0.999072
22 33 0.997627
22 34 0.993875
22 35 0.984149
22 36 0.959184
22 37 0.897535
22 38 0.76102
22 39 0.528838
22 40 0.284518
22 41 0.127259
22 42 0.051874
22 43 0.0203036
22 44 0.00780934
22 45 0.00297971
22 46 0.00113213
22 47 0.000429026
22 48 0.000162369
22 49 6.16776e-05
22 50 2.42909e-05
22 51 1.19382e-05

23 1 1
23 2 1
23 3 0.999998
23 4 1
23 5 0.999995
23 6 1.00001
23 7 0.999987
23 8 1.00002
23 9 0.999973
23 10 1.00004
23 11 0.999955
23 12 1.00006
23 13 0.999935
23 14 1.00007
23 15 0.999918
23 16 1.00009
23 17 0.999912
23 18 1.00009
23 19 0.999918
23 20 1.00008
23 21 0.999933
23 22 1.00006
23 23 0.999953
23 24 1.00003
23 25 0.999969
23 26 1.00001
23 27 0.999966
23 28 0.999962
23 29 0.999879
23 30 0.999721
23 31 0.999297
23 32 0.998246
23 33 0.995567
23 34 0.988742
23 35 0.971406
23 36 0.928395
23 37 0.829002
23 38 0.63754
23 39 0.385667
23 40 0.18684
23 41 0.0795785
23 42 0.0319252
23 43 0.0124771
23 44 0.00481895
23 45 0.00185005
23 46 0.000707689
23 47 0.000270027
23 48 0.00010289
23 49 3.93489e-05
23 50 1.5607e-05
23 51 7.72364e-06

24 1 1
24 2 0.999999
24 3 1
24 4 0.999998
24 5 1
24 6 0.999993
24 7 1.00001
24 8 0.999985
24 9 1.00002
24 10 0.999971
24 11 1.00004
24 12 0.999955
24 13 1.00005
24 14 0.99994
24 15 1.00007
24 16 0.99993
24 17 1.00007
24 18 0.99993
24 19 1.00007
24 20 0.99994
24 21 1.00005
24 22 0.999954
24 23 1.00003
24 24 0.999968
24 25 1.00001
24 26 0.999967
24 27 0.999969
24 28 0.999895
24 29 0.999771
24 30 0.999434
24 31 0.998626
24 32 0.996607
24 33 0.991564
24 34 0.978952
24 35 0.947837
24 36 0.874611
24 37 0.722808
24 38 0.486846
24 39 0.258234
24 40 0.116142
24 41 0.0480551
24 42 0.0191487
24 43 0.00750142
24 44 0.00291407
24 45 0.00112655
24 46 0.000434066
24 47 0.000166821
24 48 6.40165e-05
24 49 2.46553e-05
24 50 9.8514e-06
24 51 4.91043e-06

25 1 1
25 2 1
25 3 0.999999
25 4 1
25 5 0.999997
25 6 1.00001
25 7 0.999992
25 8 1.00001
25 9 0.999983
25 10 1.00002
25 11 0.999971
25 12 1.00004
25 13 0.999958
25 14 1.00005
25 15 0.999948
25 16 1.00005
25 17 0.999945
25 18 1.00005
25 19 0.999949
25 20 1.00005
25 21 0.999959
25 22 1.00003
25 23 0.999969
25 24 1.00001
25 25 0.999967
25 26 0.999973
25 27 0.999904
25 28 0.9998
25 29 0.999516
25 30 0.998858
25 31 0.997248
25 32 0.993318
25 33 0.983673
25 34 0.960169
25 35 0.904684
25 36 0.785014
25 37 0.576996
25 38 0.335759
25 39 0.160871
25 40 0.0690911
25 41 0.0281766
25 42 0.0112219
25 43 0.0044181
25 44 0.0017283
25 45 0.000673216
25 46 0.000261381
25 47 0.000101212
25 48 3.91265e-05
25 49 1.51797e-05
25 50 6.11183e-06
25 51 3.06916e-06

26 1 1
26 2 1
26 3 1
26 4 0.999999
26 5 1
26 6 0.999996
26 7 1.00001
26 8 0.999991
26 9 1.00001
26 10 0.999983
26 11 1.00002
26 12 0.999973
26 13 1.00003
26 14 0.999964
26 15 1.00004
26 16 0.999959
26 17 1.00004
26 18 0.999959
26 19 1.00004
26 20 0.999965
26 21 1.00003
26 22 0.999971
26 23 1.00001
26 24 0.999967
26 25 0.999973
26 26 0.999906
26 27 0.999813
26 28 0.999559
26 29 0.998991
26 30 0.997632
26 31 0.994397
26 32 0.986625
26 33 0.968006
26 34 0.924348
26 35 0.828533
26 36 0.650065
26 37 0.411949
26 38 0.211268
26 39 0.0947152
26 40 0.0396846
26 41 0.0161081
26 42 0.00643843
26 43 0.00255198
26 44 0.00100611
26 45 0.000395065
26 46 0.000154613
26 47 6.03376e-05
26 48 2.35034e-05
26 49 9.18765e-06
26 50 3.72858e-06
26 51 1.88676e-06

27 1 1
27 2 1
27 3 1
27 4 1
27 5 0.999999
27 6 1
27 7 0.999996
27 8 1.00001
27 9 0.999991
27 10 1.00001
27 11 0.999984
27 12 1.00002
27 13 0.999977
27 14 1.00003
27 15 0.999972
27 16 1.00003
27 17 0.99997
27 18 1.00003
27 19 0.999971
27 20 1.00002
27 21 0.999974
27 22 1.00001
27 23 0.999966
27 24 0.999969
27 25 0.999904
27 26 0.999813
27 27 0.999572
27 28 0.999052
27 29 0.997837
27 30 0.995021
27 31 0.988412
27 32 0.972902
27 33 0.937021
27 34 0.858062
27 35 0.705192
27 36 0.480018
27 37 0.263326
27 38 0.123686
27 39 0.0534224
27 40 0.0221542
27 41 0.00900618
27 42 0.0036222
27 43 0.0014471
27 44 0.000575312
27 45 0.00022781
27 46 8.98935e-05
27 47 3.53636e-05
27 48 1.38836e-05
27 49 5.46959e-06
27 50 2.23784e-06
27 51 1.14134e-06

28 1 1
28 2 1
28 3 1
28 4 1
28 5 1
28 6 0.999998
28 7 1
28 8 0.999996
28 9 1.00001
28 10 0.999991
28 11 1.00001
28 12 0.999986
28 13 1.00002
28 14 0.999982
28 15 1.00002
28 16 0.999979
28 17 1.00002
28 18 0.999978
28 19 1.00002
28 20 0.999977
28 21 1
28 22 0.999964
28 23 0.999962
28 24 0.999895
28 25 0.9998
28 26 0.999559
28 27 0.999052
28 28 0.997902
28 29 0.995307
28 30 0.989372
28 31 0.975762
28 32 0.944849
28 33 0.877327
28 34 0.74433
28 35 0.535621
28 36 0.312422
28 37 0.153871
28 38 0.0686718
28 39 0.0291584
28 40 0.0120771
28 41 0.00493593
28 42 0.00200081
28 43 0.000806284
28 44 0.000323378
28 45 0.000129166
28 46 5.14022e-05
28 47 2.03886e-05
28 48 8.06911e-06
28 49 3.20438e-06
28 50 1.32204e-06
28 51 6.7971e-07

29 1 1
29 2 1
29 3 1
29 4 1
29 5 0.999999
29 6 1
29 7 0.999998
29 8 1
29 9 0.999996
29 10 1.00001
29 11 0.999992
29 12 1.00001
29 13 0.999989
29 14 1.00001
29 15 0.999986
29 16 1.00001
29 17 0.999983
29 18 1.00001
29 19 0.999979
29 20 0.999995
29 21 0.999961
29 22 0.999949
29 23 0.999879
29 24 0.999771
29 25 0.999516
29 26 0.998991
29 27 0.997837
29 28 0.995307
29 29 0.989674
29 30 0.977082
29 31 0.949104
29 32 0.888891
29 33 0.770086
29 34 0.577006
29 35 0.354368
29 36 0.182564
29 37 0.0842583
29 38 0.0366895
29 39 0.0155079
29 40 0.00645006
29 41 0.00265631
29 42 0.00108631
29 43 0.000441782
29 44 0.000178804
29 45 7.20575e-05
29 46 2.8925e-05
29 47 1.15701e-05
29 48 4.61681e-06
29 49 1.84844e-06
29 50 7.69164e-07
29 51 3.98709e-07

30 1 1
30 2 1
30 3 1
30 4 1
30 5 1
30 6 0.999999
30 7 1
30 8 0.999998
30 9 1
30 10 0.999996
30 11 1
30 12 0.999993
30 13 1.00001
30 14 0.99999
30 15 1.00001
30 16 0.999987
30 17 1
30 18 0.999979
30 19 0.999985
30 20 0.999952
30 21 0.99993
30 22 0.99985
30 23 0.999721
30 24 0.999434
30 25 0.998858
30 26 0.997632
30 27 0.995021
30 28 0.989372
30 29 0.977082
30 30 0.950453
30 31 0.894311
30 32 0.784635
30 33 0.604096
30 34 0.38609
30 35 0.206969
30 36 0.0986919
30 37 0.0441071
30 38 0.0190502
30 39 0.00807431
30 40 0.0033827
30 41 0.0014056
30 42 0.000580281
30 43 0.000238233
30 44 9.7322e-05
30 45 3.95778e-05
30 46 1.60279e-05
30 47 6.46642e-06
30 48 2.60197e-06
30 49 1.05046e-06
30 50 4.40936e-07
30 51 2.30476e-07

31 1 1
31 2 1
31 3 1
31 4 1
31 5 1
31 6 1
31 7 0.999999
31 8 1
31 9 0.999998
31 10 1
31 11 0.999996
31 12 1
31 13 0.999993
31 14 1
31 15 0.999987
31 16 0.999994
31 17 0.999975
31 18 0.999972
31 19 0.999936
31 20 0.999899
31 21 0.999803
31 22 0.999638
31 23 0.999297
31 24 0.998626
31 25 0.997248
31 26 0.994397
31 27 0.988412
31 28 0.975762
31 29 0.949104
31 30 0.894311
31 31 0.789332
31 32 0.617426
31 33 0.405722
31 34 0.224675
31 35 0.110411
31 36 0.0506422
31 37 0.0223707
31 38 0.00967399
31 39 0.00412813
31 40 0.00174502
31 41 0.000732155
31 42 0.000305236
31 43 0.000126532
31 44 5.21812e-05
31 45 2.14166e-05
31 46 8.75109e-06
31 47 3.56147e-06
31 48 1.44529e-06
31 49 5.88442e-07
31 50 2.49197e-07
31 51 1.31357e-07

32 1 0.999999
32 2 0.999999
32 3 0.999999
32 4 0.999999
32 5 0.999999
32 6 0.999999
32 7 0.999999
32 8 0.999998
32 9 0.999999
32 10 0.999996
32 11 0.999997
32 12 0.999992
32 13 0.999994
32 14 0.999984
32 15 0.999983
32 16 0.999964
32 17 0.99995
32 18 0.999907
32 19 0.999847
32 20 0.999722
32 21 0.999502
32 22 0.999072
32 23 0.998246
32 24 0.996607
32 25 0.993318
32 26 0.986625
32 27 0.972902
32 28 0.944849
32 29 0.888891
32 30 0.784635
32 31 0.617426
32 32 0.412354
32 33 0.233966
32 34 0.118057
32 35 0.055527
32 36 0.0250994
32 37 0.0110854
32 38 0.0048239
32 39 0.00207689
32 40 0.000886633
32 41 0.000375772
32 42 0.000158234
32 43 6.624e-05
32 44 2.75795e-05
32 45 1.14252e-05
32 46 4.71091e-06
32 47 1.93416e-06
32 48 7.91687e-07
32 49 3.25099e-07
32 50 1.38914e-07
32 51 7.3849e-08

33 1 0.999998
33 2 0.999998
33 3 0.999998
33 4 0.999997
33 5 0.999997
33 6 0.999996
33 7 0.999996
33 8 0.999995
33 9 0.999993
33 10 0.999992
33 11 0.999987
33 12 0.999984
33 13 0.999973
33 14 0.999964
33 15 0.999941
33 16 0.999911
33 17 0.999851
33 18 0.999758
33 19 0.999583
33 20 0.999275
33 21 0.998701
33 22 0.997627
33 23 0.995567
33 24 0.991564
33 25 0.983673
33 26 0.968006
33 27 0.937021
33 28 0.877327
33 29 0.770086
33 30 0.604096
33 31 0.405722
33 32 0.233966
33 33 0.120713
33 34 0.0581422
33 35 0.0268971
33 36 0.0121426
33 37 0.00539412
33 38 0.0023681
33 39 0.00102979
33 40 0.000444178
33 41 0.000190196
33 42 8.09033e-05
33 43 3.4204e-05
33 44 1.43788e-05
33 45 6.01273e-06
33 46 2.50192e-06
33 47 1.03637e-06
33 48 4.27899e-07
33 49 1.77236e-07
33 50 7.64202e-08
33 51 4.09746e-08

34 1 0.999993
34 2 0.999993
34 3 0.999992
34 4 0.999992
34 5 0.999991
34 6 0.999989
34 7 0.999987
34 8 0.999984
34 9 0.99998
34 10 0.999973
34 11 0.999964
34 12 0.999949
34 13 0.999928
34 14 0.999892
34 15 0.999839
34 16 0.999747
34 17 0.999597
34 18 0.999336
34 19 0.998884
34 20 0.998074
34 21 0.996603
34 22 0.993875
34 23 0.988742
34 24 0.978952
34 25 0.960169
34 26 0.924348
34 27 0.858062
34 28 0.74433
34 29 0.577006
34 30 0.38609
34 31 0.224675
34 32 0.118057
34 33 0.0581422
34 34 0.027525
34 35 0.0127095
34 36 0.00576921
34 37 0.00258538
34 38 0.00114649
34 39 0.000503817
34 40 0.000219604
34 41 9.50136e-05
34 42 4.08279e-05
34 43 1.7433e-05
34 44 7.39971e-06
34 45 3.12358e-06
34 46 1.3117e-06
34 47 5.48216e-07
34 48 2.28329e-07
34 49 9.53986e-08
34 50 4.15093e-08
34 51 2.24473e-08

35 1 0.999979
35 2 0.999978
35 3 0.999977
35 4 0.999975
35 5 0.999972
35 6 0.999967
35 7 0.999961
35 8 0.999952
35 9 0.999939
35 10 0.999921
35 11 0.999894
35 12 0.999854
35 13 0.999791
35 14 0.999696
35 15 0.999542
35 16 0.999295
35 17 0.998882
35 18 0.998187
35 19 0.996983
35 20 0.994865
35 21 0.991066
35 22 0.984149
35 23 0.971406
35 24 0.947837
35 25 0.904684
35 26 0.828533
35 27 0.705192
35 28 0.535621
35 29 0.354368
35 30 0.206969
35 31 0.110411
35 32 0.055527
35 33 0.0268971
35 34 0.0127095
35 35 0.00590014
35 36 0.00270164
35 37 0.00122298
35 38 0.000548109
35 39 0.000243445
35 40 0.000107239
35 41 4.68815e-05
35 42 2.03507e-05
35 43 8.77604e-06
35 44 3.76135e-06
35 45 1.60279e-06
35 46 6.79276e-07
35 47 2.86447e-07
35 48 1.2035e-07
35 49 5.07231e-08
35 50 2.22723e-08
35 51 1.21476e-08

36 1 0.999936
36 2 0.999934
36 3 0.99993
36 4 0.999924
36 5 0.999915
36 6 0.999901
36 7 0.999883
36 8 0.999857
36 9 0.99982
36 10 0.999766
36 11 0.999688
36 12 0.999572
36 13 0.999398
36 14 0.999127
36 15 0.998702
36 16 0.998018
36 17 0.996897
36 18 0.995021
36 19 0.991823
36 20 0.986275
36 21 0.976516
36 22 0.959184
36 23 0.928395
36 24 0.874611
36 25 0.785014
36 26 0.650065
36 27 0.480018
36 28 0.312422
36 29 0.182564
36 30 0.0986919
36 31 0.0506422
36 32 0.0250994
36 33 0.0121426
36 34 0.00576921
36 35 0.00270164
36 36 0.00124963
36 37 0.000571741
36 38 0.000259013
36 39 0.000116279
36 40 5.17638e-05
36 41 2.28644e-05
36 42 1.0026e-05
36 43 4.36659e-06
36 44 1.88965e-06
36 45 8.12837e-07
36 46 3.47661e-07
36 47 1.47921e-07
36 48 6.26928e-08
36 49 2.66534e-08
36 50 1.18104e-08
36 51 6.49648e-09

37 1 0.999805
37 2 0.999799
37 3 0.999788
37 4 0.999769
37 5 0.999741
37 6 0.999702
37 7 0.999648
37 8 0.999571
37 9 0.999462
37 10 0.999308
37 11 0.999083
37 12 0.998753
37 13 0.998256
37 14 0.997496
37 15 0.99631
37 16 0.994424
37 17 0.991366
37 18 0.986321
37 19 0.977865
37 20 0.963519
37 21 0.939042
37 22 0.897535
37 23 0.829002
37 24 0.722808
37 25 0.576996
37 26 0.411949
37 27 0.263326
37 28 0.153871
37 29 0.0842583
37 30 0.0441071
37 31 0.0223707
37 32 0.0110854
37 33 0.00539412
37 34 0.00258538
37 35 0.00122298
37 36 0.000571741
37 37 0.000264428
37 38 0.000121088
37 39 5.49409e-05
37 40 2.47151e-05
37 41 1.10294e-05
37 42 4.88526e-06
37 43 2.14869e-06
37 44 9.38829e-07
37 45 4.07645e-07
37 46 1.75954e-07
37 47 7.55324e-08
37 48 3.22916e-08
37 49 1.38479e-08
37 50 6.19202e-09
37 51 3.43481e-09

38 1 0.999404
38 2 0.999388
38 3 0.999353
38 4 0.999298
38 5 0.999216
38 6 0.999101
38 7 0.99894
38 8 0.998714
38 9 0.998398
38 10 0.997949
38 11 0.997302
38 12 0.996355
38 13 0.994945
38 14 0.992807
38 15 0.989507
38 16 0.984324
38 17 0.976056
38 18 0.962688
38 19 0.940898
38 20 0.905404
38 21 0.848485
38 22 0.76102
38 23 0.63754
38 24 0.486846
38 25 0.335759
38 26 0.211268
38 27 0.123686
38 28 0.0686718
38 29 0.0366895
38 30 0.0190502
38 31 0.00967399
38 32 0.0048239
38 33 0.0023681
38 34 0.00114649
38 35 0.000548109
38 36 0.000259013
38 37 0.000121088
38 38 5.60439e-05
38 39 2.56974e-05
38 40 1.16802e-05
38 41 5.26568e-06
38 42 2.35571e-06
38 43 1.04628e-06
38 44 4.61536e-07
38 45 2.02276e-07
38 46 8.81047e-08
38 47 3.81558e-08
38 48 1.64534e-08
38 49 7.11671e-09
38 50 3.21098e-09
38 51 1.79609e-09

39 1 0.998184
39 2 0.998134
39 3 0.998032
39 4 0.997867
39 5 0.997625
39 6 0.997284
39 7 0.996809
39 8 0.996149
39 9 0.995227
39 10 0.993925
39 11 0.992063
39 12 0.989361
39 13 0.985379
39 14 0.979416
39 15 0.97035
39 16 0.956392
39 17 0.934724
39 18 0.901024
39 19 0.849162
39 20 0.77186
39 21 0.663777
39 22 0.528838
39 23 0.385667
39 24 0.258234
39 25 0.160871
39 26 0.0947152
39 27 0.0534224
39 28 0.0291584
39 29 0.0155079
39 30 0.00807431
39 31 0.00412813
39 32 0.00207689
39 33 0.00102979
39 34 0.000503817
39 35 0.000243445
39 36 0.000116279
39 37 5.49409e-05
39 38 2.56974e-05
39 39 1.19058e-05
39 40 5.46713e-06
39 41 2.4896e-06
39 42 1.12481e-06
39 43 5.04434e-07
39 44 2.24629e-07
39 45 9.93588e-08
39 46 4.36672e-08
39 47 1.90767e-08
39 48 8.29652e-09
39 49 3.61921e-09
39 50 1.64757e-09
39 51 9.29203e-10

40 1 0.994473
40 2 0.994326
40 3 0.99402
40 4 0.993531
40 5 0.992815
40 6 0.99181
40 7 0.990418
40 8 0.988495
40 9 0.985826
40 10 0.982088
40 11 0.976792
40 12 0.969198
40 13 0.958184
40 14 0.942043
40 15 0.918196
40 16 0.882919
40 17 0.831279
40 18 0.757716
40 19 0.658365
40 20 0.536343
40 21 0.405473
40 22 0.284518
40 23 0.18684
40 24 0.116142
40 25 0.0690911
40 26 0.0396846
40 27 0.0221542
40 28 0.0120771
40 29 0.00645006
40 30 0.0033827
40 31 0.00174502
40 32 0.000886633
40 33 0.000444178
40 34 0.000219604
40 35 0.000107239
40 36 5.17638e-05
40 37 2.47151e-05
40 38 1.16802e-05
40 39 5.46713e-06
40 40 2.53593e-06
40 41 1.16631e-06
40 42 5.32103e-07
40 43 2.40915e-07
40 44 1.08287e-07
40 45 4.83354e-08
40 46 2.14316e-08
40 47 9.44356e-09
40 48 4.14167e-09
40 49 1.82196e-09
40 50 8.36761e-10
40 51 4.75765e-10

41 1 0.98327
41 2 0.982838
41 3 0.981941
41 4 0.980507
41 5 0.978418
41 6 0.975495
41 7 0.971474
41 8 0.965968
41 9 0.958417
41 10 0.947994
41 11 0.933497
41 12 0.913193
41 13 0.88468
41 14 0.844788
41 15 0.789647
41 16 0.715397
41 17 0.620493
41 18 0.509282
41 19 0.392925
41 20 0.284938
41 21 0.195192
41 22 0.127259
41 23 0.0795785
41 24 0.0480551
41 25 0.0281766
41 26 0.0161081
41 27 0.00900618
41 28 0.00493593
41 29 0.00265631
41 30 0.0014056
41 31 0.000732155
41 32 0.000375772
41 33 0.000190196
41 34 9.50136e-05
41 35 4.68815e-05
41 36 2.28644e-05
41 37 1.10294e-05
41 38 5.26568e-06
41 39 2.4896e-06
41 40 1.16631e-06
41 41 5.41667e-07
41 42 2.49505e-07
41 43 1.14032e-07
41 44 5.17279e-08
41 45 2.32969e-08
41 46 1.04199e-08
41 47 4.63035e-09
41 48 2.04758e-09
41 49 9.08239e-10
41 50 4.2077e-10
41 51 2.41162e-10

42 1 0.950147
42 2 0.948921
42 3 0.946381
42 4 0.94234
42 5 0.936491
42 6 0.928377
42 7 0.917347
42 8 0.902493
42 9 0.882586
42 10 0.855986
42 11 0.820578
42 12 0.773796
42 13 0.713044
42 14 0.636867
42 15 0.546746
42 16 0.448195
42 17 0.34966
42 18 0.259652
42 19 0.184052
42 20 0.125079
42 21 0.0818839
42 22 0.051874
42 23 0.0319252
42 24 0.0191487
42 25 0.0112219
42 26 0.00643843
42 27 0.0036222
42 28 0.00200081
42 29 0.00108631
42 30 0.000580281
42 31 0.000305236
42 32 0.000158234
42 33 8.09033e-05
42 34 4.08279e-05
42 35 2.03507e-05
42 36 1.0026e-05
42 37 4.88526e-06
42 38 2.35571e-06
42 39 1.12481e-06
42 40 5.32103e-07
42 41 2.49505e-07
42 42 1.16015e-07
42 43 5.35141e-08
42 44 2.44949e-08
42 45 1.1129e-08
42 46 5.02025e-09
42 47 2.24945e-09
42 48 1.00283e-09
42 49 4.4846e-10
42 50 2.09556e-10
42 51 1.21055e-10

43 1 0.858273
43 2 0.855125
43 3 0.848647
43 4 0.838463
43 5 0.82398
43 6 0.804365
43 7 0.778522
43 8 0.74513
43 9 0.702792
43 10 0.650388
43 11 0.587652
43 12 0.515805
43 13 0.43788
43 14 0.358381
43 15 0.282334
43 16 0.214087
43 17 0.156446
43 18 0.110405
43 19 0.0754307
43 20 0.0500211
43 21 0.0322739
43 22 0.0203036
43 23 0.0124771
43 24 0.00750142
43 25 0.0044181
43 26 0.00255198
43 27 0.0014471
43 28 0.000806284
43 29 0.000441782
43 30 0.000238233
43 31 0.000126532
43 32 6.624e-05
43 33 3.4204e-05
43 34 1.7433e-05
43 35 8.77604e-06
43 36 4.36659e-06
43 37 2.14869e-06
43 38 1.04628e-06
43 39 5.04434e-07
43 40 2.40915e-07
43 41 1.14032e-07
43 42 5.35141e-08
43 43 2.49081e-08
43 44 1.1502e-08
43 45 5.27084e-09
43 46 2.39756e-09
43 47 1.08304e-09
43 48 4.86689e-10
43 49 2.19396e-10
43 50 1.03392e-10
43 51 6.01924e-11

44 1 0.64778
44 2 0.641738
44 3 0.629522
44 4 0.610896
44 5 0.585597
44 6 0.553444
44 7 0.514501
44 8 0.469251
44 9 0.418748
44 10 0.364665
44 11 0.309207
44 12 0.254837
44 13 0.203922
44 14 0.158371
44 15 0.119393
44 16 0.0874319
44 17 0.0622568
44 18 0.0431567
44 19 0.0291609
44 20 0.0192302
44 21 0.0123908
44 22 0.00780934
44 23 0.00481895
44 24 0.00291407
44 25 0.0017283
44 26 0.00100611
44 27 0.000575312
44 28 0.000323378
44 29 0.000178804
44 30 9.7322e-05
44 31 5.21812e-05
44 32 2.75795e-05
44 33 1.43788e-05
44 34 7.39971e-06
44 35 3.76135e-06
44 36 1.88965e-06
44 37 9.38829e-07
44 38 4.61536e-07
44 39 2.24629e-07
44 40 1.08287e-07
44 41 5.17279e-08
44 42 2.44949e-08
44 43 1.1502e-08
44 44 5.35723e-09
44 45 2.4756e-09
44 46 1.13529e-09
44 47 5.16926e-10
44 48 2.34112e-10
44 49 1.06372e-10
44 50 5.055e-11
44 51 2.96548e-11

45 1 0.355815
45 2 0.350214
45 3 0.33916
45 4 0.322965
45 5 0.302125
45 6 0.277338
45 7 0.249508
45 8 0.219716
45 9 0.189158
45 10 0.159049
45 11 0.130506
45 12 0.104448
45 13 0.0815149
45 14 0.0620364
45 15 0.0460509
45 16 0.0333575
45 17 0.023591
45 18 0.0162991
45 19 0.0110085
45 20 0.00727323
45 21 0.0047038
45 22 0.00297971
45 23 0.00185005
45 24 0.00112655
45 25 0.000673216
45 26 0.000395065
45 27 0.00022781
45 28 0.000129166
45 29 7.20575e-05
45 30 3.95778e-05
45 31 2.14166e-05
45 32 1.14252e-05
45 33 6.01273e-06
45 34 3.12358e-06
45 35 1.60279e-06
45 36 8.12837e-07
45 37 4.07645e-07
45 38 2.02276e-07
45 39 9.93588e-08
45 40 4.83354e-08
45 41 2.32969e-08
45 42 1.1129e-08
45 43 5.27084e-09
45 44 2.4756e-09
45 45 1.15336e-09
45 46 5.3314e-10
45 47 2.44642e-10
45 48 1.11648e-10
45 49 5.11242e-11
45 50 2.44971e-11
45 51 1.448e-11

46 1 0.151899
46 2 0.149003
46 3 0.143352
46 4 0.135224
46 5 0.125016
46 6 0.113221
46 7 0.100395
46 8 0.0871137
46 9 0.0739351
46 10 0.0613528
46 11 0.049764
46 12 0.0394477
46 13 0.0305588
46 14 0.0231361
46 15 0.0171222
46 16 0.0123895
46 17 0.00876827
46 18 0.00607159
46 19 0.00411526
46 20 0.00273144
46 21 0.00177618
46 22 0.00113213
46 23 0.000707689
46 24 0.000434066
46 25 0.000261381
46 26 0.000154613
46 27 8.98935e-05
46 28 5.14022e-05
46 29 2.8925e-05
46 30 1.60279e-05
46 31 8.75109e-06
46 32 4.71091e-06
46 33 2.50192e-06
46 34 1.3117e-06
46 35 6.79276e-07
46 36 3.47661e-07
46 37 1.75954e-07
46 38 8.81047e-08
46 39 4.36672e-08
46 40 2.14316e-08
46 41 1.04199e-08
46 42 5.02025e-09
46 43 2.39756e-09
46 44 1.13529e-09
46 45 5.3314e-10
46 46 2.48363e-10
46 47 1.14835e-10
46 48 5.28029e-11
46 49 2.43649e-11
46 50 1.1771e-11
46 51 7.00985e-12

47 1 0.0575782
47 2 0.0564125
47 3 0.0541478
47 4 0.0509116
47 5 0.0468818
47 6 0.0422719
47 7 0.0373129
47 8 0.0322353
47 9 0.027251
47 10 0.0225396
47 11 0.0182379
47 12 0.0144362
47 13 0.0111787
47 14 0.0084687
47 15 0.00627762
47 16 0.00455416
47 17 0.00323416
47 18 0.00224893
47 19 0.00153177
47 20 0.00102227
47 21 0.000668758
47 22 0.000429026
47 23 0.000270027
47 24 0.000166821
47 25 0.000101212
47 26 6.03376e-05
47 27 3.53636e-05
47 28 2.03886e-05
47 29 1.15701e-05
47 30 6.46642e-06
47 31 3.56147e-06
47 32 1.93416e-06
47 33 1.03637e-06
47 34 5.48216e-07
47 35 2.86447e-07
47 36 1.47921e-07
47 37 7.55324e-08
47 38 3.81558e-08
47 39 1.90767e-08
47 40 9.44356e-09
47 41 4.63035e-09
47 42 2.24945e-09
47 43 1.08304e-09
47 44 5.16926e-10
47 45 2.44642e-10
47 46 1.14835e-10
47 47 5.34942e-11
47 48 2.47805e-11
47 49 1.15218e-11
47 50 5.61193e-12
47 51 3.36688e-12

48 1 0.0208528
48 2 0.0204252
48 3 0.0195954
48 4 0.018412
48 5 0.016942
48 6 0.0152651
48 7 0.0134666
48 8 0.0116302
48 9 0.00983233
48 10 0.00813633
48 11 0.00659008
48 12 0.00522448
48 13 0.00405419
48 14 0.00307971
48 15 0.00229043
48 16 0.001668
48 17 0.00118971
48 18 0.000831305
48 19 0.000569216
48 20 0.000382061
48 21 0.000251469
48 22 0.000162369
48 23 0.00010289
48 24 6.40165e-05
48 25 3.91265e-05
48 26 2.35034e-05
48 27 1.38836e-05
48 28 8.06911e-06
48 29 4.61681e-06
48 30 2.60197e-06
48 31 1.44529e-06
48 32 7.91687e-07
48 33 4.27899e-07
48 34 2.28329e-07
48 35 1.2035e-07
48 36 6.26928e-08
48 37 3.22916e-08
48 38 1.64534e-08
48 39 8.29652e-09
48 40 4.14167e-09
48 41 2.04758e-09
48 42 1.00283e-09
48 43 4.86689e-10
48 44 2.34112e-10
48 45 1.11648e-10
48 46 5.28029e-11
48 47 2.47805e-11
48 48 1.15646e-11
48 49 5.41817e-12
48 50 2.66083e-12
48 51 1.60832e-12

49 1 0.00745883
49 2 0.00730647
49 3 0.00701087
49 4 0.00658939
49 5 0.00606601
49 6 0.00546911
49 7 0.00482899
49 8 0.00417535
49 9 0.00353513
49 10 0.00293074
49 11 0.00237907
49 12 0.00189105
49 13 0.00147193
49 14 0.00112201
49 15 0.000837701
49 16 0.000612678
49 17 0.000439049
49 18 0.000308344
49 19 0.000212283
49 20 0.000143314
49 21 9.49087e-05
49 22 6.16776e-05
49 23 3.93489e-05
49 24 2.46553e-05
49 25 1.51797e-05
49 26 9.18765e-06
49 27 5.46959e-06
49 28 3.20438e-06
49 29 1.84844e-06
49 30 1.05046e-06
49 31 5.88442e-07
49 32 3.25099e-07
49 33 1.77236e-07
49 34 9.53986e-08
49 35 5.07231e-08
49 36 2.66534e-08
49 37 1.38479e-08
49 38 7.11671e-09
49 39 3.61921e-09
49 40 1.82196e-09
49 41 9.08239e-10
49 42 4.4846e-10
49 43 2.19396e-10
49 44 1.06372e-10
49 45 5.11242e-11
49 46 2.43649e-11
49 47 1.15218e-11
49 48 5.41817e-12
49 49 2.55863e-12
49 50 1.26731e-12
49 51 7.71973e-13

50 1 0.00274123
50 2 0.00268582
50 3 0.00257829
50 4 0.00242493
50 5 0.00223438
50 6 0.00201691
50 7 0.00178348
50 8 0.00154482
50 9 0.00131071
50 10 0.00108928
50 11 0.000886724
50 12 0.000707066
50 13 0.000552309
50 14 0.000422663
50 15 0.000316921
50 16 0.000232875
50 17 0.000167723
50 18 0.00011843
50 19 8.20056e-05
50 20 5.57018e-05
50 21 3.71264e-05
50 22 2.42909e-05
50 23 1.5607e-05
50 24 9.8514e-06
50 25 6.11183e-06
50 26 3.72858e-06
50 27 2.23784e-06
50 28 1.32204e-06
50 29 7.69164e-07
50 30 4.40936e-07
50 31 2.49197e-07
50 32 1.38914e-07
50 33 7.64202e-08
50 34 4.15093e-08
50 35 2.22723e-08
50 36 1.18104e-08
50 37 6.19202e-09
50 38 3.21098e-09
50 39 1.64757e-09
50 40 8.36761e-10
50 41 4.2077e-10
50 42 2.09556e-10
50 43 1.03392e-10
50 44 5.055e-11
50 45 2.44971e-11
50 46 1.1771e-11
50 47 5.61193e-12
50 48 2.66083e-12
50 49 1.26731e-12
50 50 6.33552e-13
50 51 3.89159e-13

51 1 0.0012552
51 2 0.00123015
51 3 0.00118153
51 4 0.00111213
51 5 0.00102585
51 6 0.000927275
51 7 0.000821321
51 8 0.000712825
51 9 0.000606189
51 10 0.000505109
51 11 0.000412402
51 12 0.000329936
51 13 0.000258666
51 14 0.000198743
51 15 0.000149672
51 16 0.000110498
51 17 7.99861e-05
51 18 5.67833e-05
51 19 3.95443e-05
51 20 2.70228e-05
51 21 1.81258e-05
51 22 1.19382e-05
51 23 7.72364e-06
51 24 4.91043e-06
51 25 3.06916e-06
51 26 1.88676e-06
51 27 1.14134e-06
51 28 6.7971e-07
51 29 3.98709e-07
51 30 2.30476e-07
51 31 1.31357e-07
51 32 7.3849e-08
51 33 4.09746e-08
51 34 2.24473e-08
51 35 1.21476e-08
51 36 6.49648e-09
51 37 3.43481e-09
51 38 1.79609e-09
51 39 9.29203e-10
51 40 4.75765e-10
51 41 2.41162e-10
51 42 1.21055e-10
51 43 6.01924e-11
51 44 2.96548e-11
51 45 1.448e-11
51 46 7.00985e-12
51 47 3.36688e-12
51 48 1.60832e-12
51 49 7.71973e-13
51 50 3.89159e-13
51 51 2.40833e-13

