#x #y #phase
1 1 1
1 2 1
1 3 1
1 4 1
1 5 1
1 6 1
1 7 1
1 8 1
1 9 1
1 10 1
1 11 1
1 12 1
1 13 1
1 14 1
1 15 1
1 16 1
1 17 1
1 18 1
1 19 1
1 20 1
1 21 1
1 22 1
1 23 1
1 24 1
1 25 1
1 26 1
1 27 1
1 28 1
1 29 1
1 30 1
1 31 0.999999
1 32 0.999998
1 33 0.999994
1 34 0.999983
1 35 0.999948
1 36 0.999843
1 37 0.99952
1 38 0.998537
1 39 0.995546
1 40 0.986496
1 41 0.959554
1 42 0.883445
1 43 0.699763
1 44 0.409605
1 45 0.181504
1 46 0.0698729
1 47 0.025439
1 48 0.00907978
1 49 0.00323131
1 50 0.00118549
1 51 0.00054248

2 1 1
2 2 1
2 3 1
2 4 1
2 5 1
2 6 1
2 7 1
2 8 1
2 9 1
2 10 1
2 11 1
2 12 0.999999
2 13 1
2 14 0.999999
2 15 1
2 16 0.999999
2 17 1
2 18 0.999999
2 19 1
2 20 0.999999
2 21 1
2 22 0.999999
2 23 1
2 24 1
2 25 1
2 26 1
2 27 1
2 28 1
2 29 1
2 30 1
2 31 0.999999
2 32 0.999998
2 33 0.999994
2 34 0.999983
2 35 0.999947
2 36 0.999838
2 37 0.999506
2 38 0.998496
2 39 0.995425
2 40 0.986139
2 41 0.958531
2 42 0.880732
2 43 0.694097
2 44 0.403476
2 45 0.178065
2 46 0.0684446
2 47 0.0249093
2 48 0.00889111
2 49 0.00316478
2 50 0.00116138
2 51 0.000531601

3 1 1
3 2 1
3 3 1
3 4 1
3 5 1
3 6 1
3 7 1
3 8 1
3 9 0.999999
3 10 1
3 11 0.999999
3 12 1
3 13 0.999998
3 14 1
3 15 0.999998
3 16 1
3 17 0.999998
3 18 1
3 19 0.999998
3 20 1
3 21 0.999998
3 22 1
3 23 0.999999
3 24 1
3 25 1
3 26 1
3 27 1
3 28 1
3 29 1
3 30 1
3 31 0.999999
3 32 0.999998
3 33 0.999994
3 34 0.999981
3 35 0.999944
3 36 0.999828
3 37 0.999478
3 38 0.998411
3 39 0.995172
3 40 0.985397
3 41 0.956409
3 42 0.875137
3 43 0.682576
3 44 0.391336
3 45 0.171348
3 46 0.0656695
3 47 0.0238819
3 48 0.00852522
3 49 0.00303574
3 50 0.00111461
3 51 0.000510484

4 1 1
4 2 1
4 3 1
4 4 1
4 5 1
4 6 1
4 7 1
4 8 0.999999
4 9 1
4 10 0.999999
4 11 1
4 12 0.999998
4 13 1
4 14 0.999997
4 15 1
4 16 0.999996
4 17 1
4 18 0.999996
4 19 1
4 20 0.999997
4 21 1
4 22 0.999998
4 23 1
4 24 0.999999
4 25 1
4 26 0.999999
4 27 1
4 28 1
4 29 1
4 30 1
4 31 0.999999
4 32 0.999998
4 33 0.999993
4 34 0.99998
4 35 0.999938
4 36 0.999813
4 37 0.999432
4 38 0.998274
4 39 0.994767
4 40 0.984208
4 41 0.953025
4 42 0.866311
4 43 0.664847
4 44 0.373449
4 45 0.16167
4 46 0.0617038
4 47 0.0224175
4 48 0.00800392
4 49 0.00285184
4 50 0.00104793
4 51 0.000480356

5 1 1
5 2 1
5 3 1
5 4 1
5 5 1
5 6 1
5 7 0.999999
5 8 1
5 9 0.999998
5 10 1
5 11 0.999997
5 12 1
5 13 0.999995
5 14 1.00001
5 15 0.999994
5 16 1.00001
5 17 0.999993
5 18 1.00001
5 19 0.999994
5 20 1.00001
5 21 0.999995
5 22 1
5 23 0.999997
5 24 1
5 25 0.999998
5 26 1
5 27 0.999999
5 28 1
5 29 1
5 30 1
5 31 0.999999
5 32 0.999997
5 33 0.999992
5 34 0.999977
5 35 0.999931
5 36 0.99979
5 37 0.999364
5 38 0.998074
5 39 0.994173
5 40 0.982471
5 41 0.948112
5 42 0.853697
5 43 0.640449
5 44 0.350258
5 45 0.14949
5 46 0.0567659
5 47 0.0205999
5 48 0.00735728
5 49 0.00262364
5 50 0.000965118
5 51 0.000442906

6 1 1
6 2 1
6 3 1
6 4 1
6 5 1
6 6 0.999999
6 7 1
6 8 0.999998
6 9 1
6 10 0.999996
6 11 1
6 12 0.999994
6 13 1.00001
6 14 0.999992
6 15 1.00001
6 16 0.99999
6 17 1.00001
6 18 0.99999
6 19 1.00001
6 20 0.999991
6 21 1.00001
6 22 0.999993
6 23 1.00001
6 24 0.999996
6 25 1
6 26 0.999998
6 27 1
6 28 0.999999
6 29 1
6 30 0.999999
6 31 0.999999
6 32 0.999997
6 33 0.999991
6 34 0.999973
6 35 0.99992
6 36 0.999758
6 37 0.999268
6 38 0.997789
6 39 0.993335
6 40 0.980031
6 41 0.941268
6 42 0.836499
6 43 0.608921
6 44 0.322433
6 45 0.135383
6 46 0.0511183
6 47 0.0185288
6 48 0.00662088
6 49 0.00236362
6 50 0.000870657
6 51 0.000400138

7 1 1
7 2 1
7 3 1
7 4 1
7 5 0.999999
7 6 1
7 7 0.999998
7 8 1
7 9 0.999996
7 10 1.00001
7 11 0.999993
7 12 1.00001
7 13 0.999989
7 14 1.00001
7 15 0.999986
7 16 1.00002
7 17 0.999984
7 18 1.00002
7 19 0.999985
7 20 1.00001
7 21 0.999987
7 22 1.00001
7 23 0.999991
7 24 1.00001
7 25 0.999995
7 26 1
7 27 0.999997
7 28 1
7 29 0.999999
7 30 1
7 31 0.999999
7 32 0.999997
7 33 0.999989
7 34 0.999968
7 35 0.999904
7 36 0.999712
7 37 0.999133
7 38 0.997393
7 39 0.992171
7 40 0.976656
7 41 0.931905
7 42 0.813634
7 43 0.569975
7 44 0.290897
7 45 0.120006
7 46 0.0450462
7 47 0.0163108
7 48 0.00583259
7 49 0.00208504
7 50 0.000769328
7 51 0.000354193

8 1 1
8 2 1
8 3 1
8 4 0.999999
8 5 1
8 6 0.999998
8 7 1
8 8 0.999996
8 9 1.00001
8 10 0.999992
8 11 1.00001
8 12 0.999987
8 13 1.00002
8 14 0.999982
8 15 1.00002
8 16 0.999978
8 17 1.00002
8 18 0.999977
8 19 1.00002
8 20 0.999979
8 21 1.00002
8 22 0.999984
8 23 1.00001
8 24 0.99999
8 25 1.00001
8 26 0.999994
8 27 1
8 28 0.999997
8 29 1
8 30 0.999998
8 31 0.999999
8 32 0.999995
8 33 0.999987
8 34 0.99996
8 35 0.999882
8 36 0.999647
8 37 0.998944
8 38 0.996839
8 39 0.990555
8 40 0.972009
8 41 0.919191
8 42 0.783713
8 43 0.523714
8 44 0.256815
8 45 0.104052
8 46 0.0388342
8 47 0.0140505
8 48 0.00502945
8 49 0.00180093
8 50 0.000665818
8 51 0.000307176

9 1 1
9 2 1
9 3 0.999999
9 4 1
9 5 0.999998
9 6 1
9 7 0.999996
9 8 1.00001
9 9 0.999992
9 10 1.00001
9 11 0.999985
9 12 1.00002
9 13 0.999978
9 14 1.00003
9 15 0.999971
9 16 1.00003
9 17 0.999968
9 18 1.00003
9 19 0.999969
9 20 1.00003
9 21 0.999974
9 22 1.00002
9 23 0.999981
9 24 1.00001
9 25 0.999989
9 26 1.00001
9 27 0.999994
9 28 1
9 29 0.999997
9 30 1
9 31 0.999997
9 32 0.999995
9 33 0.999983
9 34 0.99995
9 35 0.99985
9 36 0.999556
9 37 0.998677
9 38 0.996061
9 39 0.988301
9 40 0.965594
9 41 0.901973
9 42 0.745099
9 43 0.470876
9 44 0.22154
9 45 0.0881979
9 46 0.0327448
9 47 0.0118427
9 48 0.0042449
9 49 0.00152301
9 50 0.000564374
9 51 0.000261001

10 1 1
10 2 1
10 3 1
10 4 0.999999
10 5 1
10 6 0.999996
10 7 1.00001
10 8 0.999992
10 9 1.00001
10 10 0.999985
10 11 1.00002
10 12 0.999975
10 13 1.00003
10 14 0.999966
10 15 1.00004
10 16 0.999959
10 17 1.00004
10 18 0.999957
10 19 1.00004
10 20 0.999961
10 21 1.00003
10 22 0.99997
10 23 1.00003
10 24 0.99998
10 25 1.00002
10 26 0.999989
10 27 1.00001
10 28 0.999994
10 29 1
10 30 0.999997
10 31 0.999999
10 32 0.999992
10 33 0.999978
10 34 0.999934
10 35 0.999805
10 36 0.999424
10 37 0.998295
10 38 0.994956
10 39 0.985126
10 40 0.956678
10 41 0.878686
10 42 0.696151
10 43 0.412987
10 44 0.186505
10 45 0.0730491
10 46 0.0269998
10 47 0.00976592
10 48 0.00350658
10 49 0.00126103
10 50 0.000468532
10 51 0.000217271

11 1 1
11 2 1
11 3 0.999999
11 4 1
11 5 0.999997
11 6 1
11 7 0.999993
11 8 1.00001
11 9 0.999985
11 10 1.00002
11 11 0.999974
11 12 1.00003
11 13 0.999962
11 14 1.00004
11 15 0.99995
11 16 1.00005
11 17 0.999945
11 18 1.00006
11 19 0.999946
11 20 1.00005
11 21 0.999955
11 22 1.00004
11 23 0.999968
11 24 1.00003
11 25 0.99998
11 26 1.00001
11 27 0.999989
11 28 1.00001
11 29 0.999995
11 30 1
11 31 0.999995
11 32 0.999991
11 33 0.999969
11 34 0.999911
11 35 0.999738
11 36 0.999231
11 37 0.997741
11 38 0.993366
11 39 0.980598
11 40 0.944178
11 41 0.84726
11 42 0.635786
11 43 0.352347
11 44 0.153076
11 45 0.0590979
11 46 0.0217677
11 47 0.00787882
11 48 0.00283507
11 49 0.00102227
11 50 0.000380959
11 51 0.000177204

12 1 1
12 2 0.999999
12 3 1
12 4 0.999998
12 5 1
12 6 0.999994
12 7 1.00001
12 8 0.999987
12 9 1.00002
12 10 0.999975
12 11 1.00003
12 12 0.99996
12 13 1.00005
12 14 0.999945
12 15 1.00006
12 16 0.999934
12 17 1.00007
12 18 0.999931
12 19 1.00007
12 20 0.999938
12 21 1.00006
12 22 0.999952
12 23 1.00004
12 24 0.999968
12 25 1.00003
12 26 0.999981
12 27 1.00001
12 28 0.999991
12 29 1.00001
12 30 0.999994
12 31 0.999997
12 32 0.999984
12 33 0.999958
12 34 0.999875
12 35 0.999638
12 36 0.998946
12 37 0.996925
12 38 0.991039
12 39 0.97405
12 40 0.926499
12 41 0.805068
12 42 0.564299
12 43 0.291782
12 44 0.122412
12 45 0.0466922
12 46 0.0171584
12 47 0.00621863
12 48 0.00224345
12 49 0.000811397
12 50 0.00030339
12 51 0.000141604

13 1 1
13 2 1
13 3 0.999998
13 4 1
13 5 0.999995
13 6 1.00001
13 7 0.999989
13 8 1.00002
13 9 0.999978
13 10 1.00003
13 11 0.999962
13 12 1.00005
13 13 0.999943
13 14 1.00007
13 15 0.999926
13 16 1.00008
13 17 0.999918
13 18 1.00008
13 19 0.999921
13 20 1.00007
13 21 0.999934
13 22 1.00006
13 23 0.999952
13 24 1.00004
13 25 0.99997
13 26 1.00002
13 27 0.999984
13 28 1.00001
13 29 0.999992
13 30 1
13 31 0.99999
13 32 0.99998
13 33 0.999937
13 34 0.999822
13 35 0.999485
13 36 0.998513
13 37 0.9957
13 38 0.987583
13 39 0.964463
13 40 0.901346
13 41 0.749108
13 42 0.484089
13 43 0.234198
13 44 0.0953474
13 45 0.0360255
13 46 0.013224
13 47 0.00480213
13 48 0.00173768
13 49 0.000630611
13 50 0.000236667
13 51 0.000110877

14 1 1
14 2 0.999999
14 3 1
14 4 0.999997
14 5 1.00001
14 6 0.999992
14 7 1.00001
14 8 0.999982
14 9 1.00003
14 10 0.999966
14 11 1.00004
14 12 0.999945
14 13 1.00007
14 14 0.999924
14 15 1.00008
14 16 0.999909
14 17 1.00009
14 18 0.999905
14 19 1.00009
14 20 0.999915
14 21 1.00008
14 22 0.999934
14 23 1.00005
14 24 0.999956
14 25 1.00003
14 26 0.999975
14 27 1.00002
14 28 0.999987
14 29 1.00001
14 30 0.999991
14 31 0.999991
14 32 0.999965
14 33 0.999908
14 34 0.999736
14 35 0.999247
14 36 0.997845
14 37 0.993827
14 38 0.982362
14 39 0.950263
14 40 0.86558
14 41 0.676888
14 42 0.399689
14 43 0.182092
14 44 0.0723397
14 45 0.0271461
14 46 0.00996576
14 47 0.00362844
14 48 0.00131753
14 49 0.000479946
14 50 0.000180857
14 51 8.50771e-05

15 1 1
15 2 1
15 3 0.999998
15 4 1
15 5 0.999994
15 6 1.00001
15 7 0.999986
15 8 1.00002
15 9 0.999971
15 10 1.00004
15 11 0.99995
15 12 1.00006
15 13 0.999926
15 14 1.00008
15 15 0.999906
15 16 1.0001
15 17 0.999895
15 18 1.0001
15 19 0.999899
15 20 1.00009
15 21 0.999916
15 22 1.00007
15 23 0.999939
15 24 1.00005
15 25 0.999962
15 26 1.00003
15 27 0.99998
15 28 1.00001
15 29 0.999989
15 30 0.999999
15 31 0.999978
15 32 0.999951
15 33 0.999857
15 34 0.9996
15 35 0.998868
15 36 0.996794
15 37 0.990909
15 38 0.974347
15 39 0.929039
15 40 0.815208
15 41 0.588326
15 42 0.316855
15 43 0.13717
15 44 0.0534757
15 45 0.0199814
15 46 0.00734493
15 47 0.00268296
15 48 0.000978038
15 49 0.000357755
15 50 0.000135409
15 51 6.39813e-05

16 1 1
16 2 0.999999
16 3 1
16 4 0.999996
16 5 1.00001
16 6 0.99999
16 7 1.00002
16 8 0.999978
16 9 1.00003
16 10 0.999959
16 11 1.00005
16 12 0.999934
16 13 1.00008
16 14 0.999909
16 15 1.0001
16 16 0.999891
16 17 1.00011
16 18 0.999888
16 19 1.00011
16 20 0.9999
16 21 1.00009
16 22 0.999923
16 23 1.00006
16 24 0.999949
16 25 1.00004
16 26 0.99997
16 27 1.00002
16 28 0.999984
16 29 1.00001
16 30 0.999983
16 31 0.999974
16 32 0.999917
16 33 0.999776
16 34 0.999374
16 35 0.998253
16 36 0.995104
16 37 0.986279
16 38 0.961868
16 39 0.89719
16 40 0.745812
16 41 0.487757
16 42 0.241075
16 43 0.100191
16 44 0.0385362
16 45 0.0143713
16 46 0.0052953
16 47 0.00194178
16 48 0.000710932
16 49 0.000261226
16 50 9.93477e-05
16 51 4.71668e-05

17 1 1
17 2 1
17 3 0.999998
17 4 1
17 5 0.999993
17 6 1.00001
17 7 0.999984
17 8 1.00002
17 9 0.999968
17 10 1.00004
17 11 0.999945
17 12 1.00007
17 13 0.999918
17 14 1.00009
17 15 0.999895
17 16 1.00011
17 17 0.999884
17 18 1.00012
17 19 0.999889
17 20 1.0001
17 21 0.999908
17 22 1.00008
17 23 0.999934
17 24 1.00005
17 25 0.99996
17 26 1.00003
17 27 0.999978
17 28 1.00001
17 29 0.999984
17 30 0.999988
17 31 0.999948
17 32 0.999869
17 33 0.999635
17 34 0.998999
17 35 0.997233
17 36 0.992336
17 37 0.978813
17 38 0.942255
17 39 0.849732
17 40 0.654408
17 41 0.383794
17 42 0.176249
17 43 0.0710428
17 44 0.0270891
17 45 0.0101038
17 46 0.0037354
17 47 0.00137587
17 48 0.000506144
17 49 0.000186886
17 50 7.14418e-05
17 51 3.40919e-05

18 1 1
18 2 0.999999
18 3 1
18 4 0.999996
18 5 1.00001
18 6 0.99999
18 7 1.00002
18 8 0.999977
18 9 1.00003
18 10 0.999957
18 11 1.00006
18 12 0.999931
18 13 1.00008
18 14 0.999905
18 15 1.0001
18 16 0.999888
18 17 1.00012
18 18 0.999885
18 19 1.00011
18 20 0.999898
18 21 1.00009
18 22 0.999922
18 23 1.00006
18 24 0.999949
18 25 1.00004
18 26 0.99997
18 27 1.00002
18 28 0.999982
18 29 0.999997
18 30 0.999963
18 31 0.99992
18 32 0.999774
18 33 0.999396
18 34 0.998355
18 35 0.995509
18 36 0.987719
18 37 0.9666
18 38 0.911321
18 39 0.780679
18 40 0.54334
18 41 0.286386
18 42 0.12411
18 43 0.0489733
18 44 0.0185889
18 45 0.00694662
18 46 0.00257908
18 47 0.0009547
18 48 0.000353025
18 49 0.000131032
18 50 5.03662e-05
18 51 2.41658e-05

19 1 1
19 2 1
19 3 0.999998
19 4 1
19 5 0.999994
19 6 1.00001
19 7 0.999985
19 8 1.00002
19 9 0.999969
19 10 1.00004
19 11 0.999946
19 12 1.00007
19 13 0.999921
19 14 1.00009
19 15 0.999899
19 16 1.00011
19 17 0.999889
19 18 1.00011
19 19 0.999894
19 20 1.0001
19 21 0.999913
19 22 1.00007
19 23 0.999939
19 24 1.00005
19 25 0.999963
19 26 1.00003
19 27 0.999978
19 28 1
19 29 0.99997
19 30 0.999949
19 31 0.999851
19 32 0.999615
19 33 0.998967
19 34 0.99723
19 35 0.992534
19 36 0.979889
19 37 0.946436
19 38 0.862917
19 39 0.684965
19 40 0.422972
19 41 0.203208
19 42 0.084421
19 43 0.0328698
19 44 0.0124617
19 45 0.00467274
19 46 0.00174353
19 47 0.000648941
19 48 0.000241298
19 49 9.00625e-05
19 50 3.4821e-05
19 51 1.68038e-05

20 1 1
20 2 0.999999
20 3 1
20 4 0.999997
20 5 1.00001
20 6 0.999991
20 7 1.00001
20 8 0.999979
20 9 1.00003
20 10 0.999961
20 11 1.00005
20 12 0.999938
20 13 1.00007
20 14 0.999915
20 15 1.00009
20 16 0.9999
20 17 1.0001
20 18 0.999898
20 19 1.0001
20 20 0.99991
20 21 1.00008
20 22 0.999932
20 23 1.00006
20 24 0.999956
20 25 1.00003
20 26 0.999973
20 27 1.00001
20 28 0.999973
20 29 0.999968
20 30 0.999894
20 31 0.99974
20 32 0.999313
20 33 0.998197
20 34 0.995223
20 35 0.987314
20 36 0.96644
20 37 0.913122
20 38 0.789321
20 39 0.563605
20 40 0.308186
20 41 0.137765
20 42 0.0556381
20 43 0.0215114
20 44 0.00816763
20 45 0.00307677
20 46 0.00115453
20 47 0.000432261
20 48 0.000161682
20 49 6.07037e-05
20 50 2.36153e-05
20 51 1.14657e-05

21 1 1
21 2 1
21 3 0.999998
21 4 1
21 5 0.999995
21 6 1.00001
21 7 0.999987
21 8 1.00002
21 9 0.999974
21 10 1.00003
21 11 0.999955
21 12 1.00006
21 13 0.999934
21 14 1.00008
21 15 0.999916
21 16 1.00009
21 17 0.999908
21 18 1.00009
21 19 0.999913
21 20 1.00008
21 21 0.99993
21 22 1.00006
21 23 0.999951
21 24 1.00004
21 25 0.999969
21 26 1.00002
21 27 0.999973
21 28 0.99998
21 29 0.999919
21 30 0.999815
21 31 0.999515
21 32 0.998758
21 33 0.996774
21 34 0.991582
21 35 0.978013
21 36 0.943188
21 37 0.858836
21 38 0.683984
21 39 0.429218
21 40 0.211168
21 41 0.089728
21 42 0.0356288
21 43 0.0137457
21 44 0.00523771
21 45 0.00198412
21 46 0.000749164
21 47 0.000282268
21 48 0.000106241
21 49 4.01373e-05
21 50 1.57163e-05
21 51 7.67943e-06

22 1 1
22 2 0.999999
22 3 1
22 4 0.999998
22 5 1
22 6 0.999993
22 7 1.00001
22 8 0.999984
22 9 1.00002
22 10 0.99997
22 11 1.00004
22 12 0.999952
22 13 1.00006
22 14 0.999934
22 15 1.00007
22 16 0.999923
22 17 1.00008
22 18 0.999922
22 19 1.00007
22 20 0.999932
22 21 1.00006
22 22 0.999949
22 23 1.00004
22 24 0.999966
22 25 1.00002
22 26 0.999973
22 27 0.999988
22 28 0.999933
22 29 0.99986
22 30 0.999636
22 31 0.999094
22 32 0.997695
22 33 0.994106
22 34 0.984865
22 35 0.961282
22 36 0.903195
22 37 0.773868
22 38 0.548858
22 39 0.301999
22 40 0.137176
22 41 0.0564386
22 42 0.022224
22 43 0.00858668
22 44 0.00328875
22 45 0.0012538
22 46 0.000476591
22 47 0.000180774
22 48 6.84889e-05
22 49 2.60443e-05
22 50 1.02678e-05
22 51 5.0507e-06

23 1 1
23 2 1
23 3 0.999999
23 4 1
23 5 0.999997
23 6 1.00001
23 7 0.999991
23 8 1.00001
23 9 0.999981
23 10 1.00003
23 11 0.999968
23 12 1.00004
23 13 0.999952
23 14 1.00005
23 15 0.999939
23 16 1.00006
23 17 0.999934
23 18 1.00006
23 19 0.999939
23 20 1.00006
23 21 0.999951
23 22 1.00004
23 23 0.999965
23 24 1.00002
23 25 0.999972
23 26 0.999993
23 27 0.999941
23 28 0.999887
23 29 0.999709
23 30 0.999298
23 31 0.998254
23 32 0.995637
23 33 0.989016
23 34 0.97233
23 35 0.931165
23 36 0.836157
23 37 0.651454
23 38 0.401804
23 39 0.197913
23 40 0.0852226
23 41 0.0344385
23 42 0.0135318
23 43 0.00524961
23 44 0.00202337
23 45 0.000776811
23 46 0.000297391
23 47 0.000113597
23 48 4.33352e-05
23 49 1.65919e-05
23 50 6.58794e-06
23 51 3.26317e-06

24 1 1
24 2 1
24 3 1
24 4 0.999999
24 5 1
24 6 0.999996
24 7 1.00001
24 8 0.99999
24 9 1.00001
24 10 0.99998
24 11 1.00003
24 12 0.999968
24 13 1.00004
24 14 0.999956
24 15 1.00005
24 16 0.999949
24 17 1.00005
24 18 0.999949
24 19 1.00005
24 20 0.999956
24 21 1.00004
24 22 0.999966
24 23 1.00002
24 24 0.999971
24 25 0.999995
24 26 0.999945
24 27 0.999903
24 28 0.999752
24 29 0.999421
24 30 0.998595
24 31 0.996577
24 32 0.991575
24 33 0.979182
24 34 0.948846
24 35 0.877846
24 36 0.730627
24 37 0.498922
24 38 0.268751
24 39 0.122308
24 40 0.0510286
24 41 0.0204609
24 42 0.00805693
24 43 0.00314417
24 44 0.00122061
24 45 0.000472153
24 46 0.000182116
24 47 7.00765e-05
24 48 2.69249e-05
24 49 1.03822e-05
24 50 4.15298e-06
24 51 2.07193e-06

25 1 1
25 2 1
25 3 1
25 4 1
25 5 0.999998
25 6 1
25 7 0.999995
25 8 1.00001
25 9 0.999989
25 10 1.00002
25 11 0.99998
25 12 1.00003
25 13 0.99997
25 14 1.00003
25 15 0.999962
25 16 1.00004
25 17 0.99996
25 18 1.00004
25 19 0.999963
25 20 1.00003
25 21 0.999969
25 22 1.00002
25 23 0.999972
25 24 0.999995
25 25 0.999946
25 26 0.99991
25 27 0.999774
25 28 0.999492
25 29 0.998798
25 30 0.997151
25 31 0.993158
25 32 0.983466
25 33 0.960072
25 34 0.905312
25 35 0.787884
25 36 0.583553
25 37 0.343615
25 38 0.166503
25 39 0.0721486
25 40 0.0296306
25 41 0.0118705
25 42 0.00469787
25 43 0.00184654
25 44 0.0007225
25 45 0.000281702
25 46 0.000109508
25 47 4.24595e-05
25 48 1.64354e-05
25 49 6.38424e-06
25 50 2.5734e-06
25 51 1.29346e-06

26 1 1
26 2 1
26 3 1
26 4 0.999999
26 5 1
26 6 0.999998
26 7 1
26 8 0.999994
26 9 1.00001
26 10 0.999989
26 11 1.00001
26 12 0.999981
26 13 1.00002
26 14 0.999975
26 15 1.00003
26 16 0.99997
26 17 1.00003
26 18 0.99997
26 19 1.00003
26 20 0.999973
26 21 1.00002
26 22 0.999973
26 23 0.999993
26 24 0.999945
26 25 0.99991
26 26 0.999781
26 27 0.999524
26 28 0.998906
26 29 0.997481
26 30 0.994109
26 31 0.986111
26 32 0.967159
26 33 0.923196
26 34 0.827661
26 35 0.650995
26 36 0.4153
26 37 0.214924
26 38 0.097192
26 39 0.0410291
26 40 0.0167632
26 41 0.00673977
26 42 0.00268591
26 43 0.00106428
26 44 0.000419911
26 45 0.000165083
26 46 6.46944e-05
26 47 2.5282e-05
26 48 9.86152e-06
26 49 3.85982e-06
26 50 1.56821e-06
26 51 7.9427e-07

27 1 1
27 2 1
27 3 1
27 4 1
27 5 0.999999
27 6 1
27 7 0.999997
27 8 1
27 9 0.999994
27 10 1.00001
27 11 0.999989
27 12 1.00001
27 13 0.999984
27 14 1.00002
27 15 0.99998
27 16 1.00002
27 17 0.999978
27 18 1.00002
27 19 0.999978
27 20 1.00001
27 21 0.999973
27 22 0.999988
27 23 0.999941
27 24 0.999903
27 25 0.999774
27 26 0.999524
27 27 0.99894
27 28 0.997631
27 29 0.994617
27 30 0.987643
27 31 0.971476
27 32 0.934544
27 33 0.854323
27 34 0.701057
27 35 0.477737
27 36 0.263458
27 37 0.124663
27 38 0.0542525
27 39 0.0226582
27 40 0.0092714
27 41 0.00375158
27 42 0.00150734
27 43 0.000602491
27 44 0.000239792
27 45 9.50805e-05
27 46 3.75727e-05
27 47 1.48023e-05
27 48 5.81944e-06
27 49 2.29558e-06
27 50 9.4029e-07
27 51 4.79987e-07

28 1 1
28 2 1
28 3 1
28 4 1
28 5 1
28 6 0.999999
28 7 1
28 8 0.999997
28 9 1
28 10 0.999994
28 11 1.00001
28 12 0.999991
28 13 1.00001
28 14 0.999987
28 15 1.00001
28 16 0.999984
28 17 1.00001
28 18 0.999982
28 19 1
28 20 0.999973
28 21 0.99998
28 22 0.999933
28 23 0.999887
28 24 0.999752
28 25 0.999492
28 26 0.998906
28 27 0.997631
28 28 0.994777
28 29 0.988347
28 30 0.973802
28 31 0.941236
28 32 0.871206
28 33 0.735732
28 34 0.527282
28 35 0.307689
28 36 0.152301
28 37 0.0684495
28 38 0.0292791
28 39 0.012214
28 40 0.00502563
28 41 0.00205016
28 42 0.000831153
28 43 0.000335258
28 44 0.000134639
28 45 5.38568e-05
28 46 2.14648e-05
28 47 8.52669e-06
28 48 3.37936e-06
28 49 1.34374e-06
28 50 5.55017e-07
28 51 2.85593e-07

29 1 1
29 2 1
29 3 1
29 4 1
29 5 1
29 6 1
29 7 0.999999
29 8 1
29 9 0.999997
29 10 1
29 11 0.999995
29 12 1.00001
29 13 0.999992
29 14 1.00001
29 15 0.999989
29 16 1.00001
29 17 0.999984
29 18 0.999997
29 19 0.99997
29 20 0.999968
29 21 0.999919
29 22 0.99986
29 23 0.999709
29 24 0.999421
29 25 0.998798
29 26 0.997481
29 27 0.994617
29 28 0.988347
29 29 0.974537
29 30 0.94434
29 31 0.880518
29 32 0.75735
29 33 0.562548
29 34 0.343827
29 35 0.177446
29 36 0.08238
29 37 0.0361383
29 38 0.0153921
29 39 0.0064495
29 40 0.00267487
29 41 0.00110124
29 42 0.000450699
29 43 0.000183516
29 44 7.43818e-05
29 45 3.00214e-05
29 46 1.20698e-05
29 47 4.8353e-06
29 48 1.9322e-06
29 49 7.74595e-07
29 50 3.22671e-07
29 51 1.67392e-07

30 1 1
30 2 1
30 3 1
30 4 1
30 5 1
30 6 0.999999
30 7 1
30 8 0.999998
30 9 1
30 10 0.999997
30 11 1
30 12 0.999994
30 13 1
30 14 0.999991
30 15 0.999999
30 16 0.999983
30 17 0.999988
30 18 0.999963
30 19 0.999949
30 20 0.999894
30 21 0.999815
30 22 0.999636
30 23 0.999298
30 24 0.998595
30 25 0.997151
30 26 0.994109
30 27 0.987643
30 28 0.973802
30 29 0.94434
30 30 0.883491
30 31 0.767694
30 32 0.583471
30 33 0.369189
30 34 0.197522
30 35 0.0945924
30 36 0.0425793
30 37 0.0185388
30 38 0.00792103
30 39 0.00334433
30 40 0.00139995
30 41 0.000582016
30 42 0.000240543
30 43 9.88912e-05
30 44 4.046e-05
30 45 1.64797e-05
30 46 6.68442e-06
30 47 2.70097e-06
30 48 1.08838e-06
30 49 4.39953e-07
30 50 1.84863e-07
30 51 9.66952e-08

31 1 0.999999
31 2 0.999999
31 3 0.999999
31 4 0.999999
31 5 0.999999
31 6 0.999999
31 7 0.999999
31 8 0.999999
31 9 0.999997
31 10 0.999999
31 11 0.999995
31 12 0.999997
31 13 0.99999
31 14 0.999991
31 15 0.999978
31 16 0.999974
31 17 0.999948
31 18 0.99992
31 19 0.999851
31 20 0.99974
31 21 0.999515
31 22 0.999094
31 23 0.998254
31 24 0.996577
31 25 0.993158
31 26 0.986111
31 27 0.971476
31 28 0.941236
31 29 0.880518
31 30 0.767694
31 31 0.590388
31 32 0.382213
31 33 0.21045
31 34 0.103676
31 35 0.0478755
31 36 0.0213256
31 37 0.00930226
31 38 0.00400325
31 39 0.00170601
31 40 0.000721331
31 41 0.000302937
31 42 0.000126458
31 43 5.24992e-05
31 44 2.16844e-05
31 45 8.91426e-06
31 46 3.64833e-06
31 47 1.48707e-06
31 48 6.04328e-07
31 49 2.46348e-07
31 50 1.04424e-07
31 51 5.50768e-08

32 1 0.999998
32 2 0.999998
32 3 0.999998
32 4 0.999998
32 5 0.999997
32 6 0.999997
32 7 0.999997
32 8 0.999995
32 9 0.999995
32 10 0.999992
32 11 0.999991
32 12 0.999984
32 13 0.99998
32 14 0.999965
32 15 0.999951
32 16 0.999917
32 17 0.999869
32 18 0.999774
32 19 0.999615
32 20 0.999313
32 21 0.998758
32 22 0.997695
32 23 0.995637
32 24 0.991575
32 25 0.983466
32 26 0.967159
32 27 0.934544
32 28 0.871206
32 29 0.75735
32 30 0.583471
32 31 0.382213
32 32 0.214909
32 33 0.108522
32 34 0.0513646
32 35 0.0234183
32 36 0.010439
32 37 0.00458446
32 38 0.00199134
32 39 0.000857316
32 40 0.000366276
32 41 0.000155419
32 42 6.5537e-05
32 43 2.74772e-05
32 44 1.14587e-05
32 45 4.75467e-06
32 46 1.96364e-06
32 47 8.07447e-07
32 48 3.30958e-07
32 49 1.36061e-07
32 50 5.81877e-08
32 51 3.09481e-08

33 1 0.999994
33 2 0.999994
33 3 0.999994
33 4 0.999993
33 5 0.999992
33 6 0.999991
33 7 0.999989
33 8 0.999987
33 9 0.999983
33 10 0.999978
33 11 0.999969
33 12 0.999958
33 13 0.999937
33 14 0.999908
33 15 0.999857
33 16 0.999776
33 17 0.999635
33 18 0.999396
33 19 0.998967
33 20 0.998197
33 21 0.996774
33 22 0.994106
33 23 0.989016
33 24 0.979182
33 25 0.960072
33 26 0.923196
33 27 0.854323
33 28 0.735732
33 29 0.562548
33 30 0.369189
33 31 0.21045
33 32 0.108522
33 33 0.0525832
33 34 0.024542
33 35 0.0111887
33 36 0.00501975
33 37 0.00222498
33 38 0.000976481
33 39 0.000424881
33 40 0.000183454
33 41 7.86569e-05
33 42 3.35069e-05
33 43 1.41881e-05
33 44 5.97414e-06
33 45 2.50228e-06
33 46 1.04288e-06
33 47 4.32639e-07
33 48 1.78863e-07
33 49 7.41637e-08
33 50 3.20005e-08
33 51 1.71633e-08

34 1 0.999983
34 2 0.999983
34 3 0.999981
34 4 0.99998
34 5 0.999977
34 6 0.999973
34 7 0.999968
34 8 0.99996
34 9 0.99995
34 10 0.999934
34 11 0.999911
34 12 0.999875
34 13 0.999822
34 14 0.999736
34 15 0.9996
34 16 0.999374
34 17 0.998999
34 18 0.998355
34 19 0.99723
34 20 0.995223
34 21 0.991582
34 22 0.984865
34 23 0.97233
34 24 0.948846
34 25 0.905312
34 26 0.827661
34 27 0.701057
34 28 0.527282
34 29 0.343827
34 30 0.197522
34 31 0.103676
34 32 0.0513646
34 33 0.024542
34 34 0.0114508
34 35 0.00525318
34 36 0.00237859
34 37 0.00106531
34 38 0.000472594
34 39 0.000207861
34 40 9.07092e-05
34 41 3.92995e-05
34 42 1.69124e-05
34 43 7.23281e-06
34 44 3.0751e-06
34 45 1.30018e-06
34 46 5.46851e-07
34 47 2.28881e-07
34 48 9.54447e-08
34 49 3.99152e-08
34 50 1.73773e-08
34 51 9.3987e-09

35 1 0.999948
35 2 0.999947
35 3 0.999944
35 4 0.999938
35 5 0.999931
35 6 0.99992
35 7 0.999904
35 8 0.999882
35 9 0.99985
35 10 0.999805
35 11 0.999738
35 12 0.999638
35 13 0.999485
35 14 0.999247
35 15 0.998868
35 16 0.998253
35 17 0.997233
35 18 0.995509
35 19 0.992534
35 20 0.987314
35 21 0.978013
35 22 0.961282
35 23 0.931165
35 24 0.877846
35 25 0.787884
35 26 0.650995
35 27 0.477737
35 28 0.307689
35 29 0.177446
35 30 0.0945924
35 31 0.0478755
35 32 0.0234183
35 33 0.0111887
35 34 0.00525318
35 35 0.00243219
35 36 0.00111281
35 37 0.000503841
35 38 0.000225969
35 39 0.000100468
35 40 4.43116e-05
35 41 1.93985e-05
35 42 8.43339e-06
35 43 3.6426e-06
35 44 1.56373e-06
35 45 6.67405e-07
35 46 2.83281e-07
35 47 1.1962e-07
35 48 5.03136e-08
35 49 2.1222e-08
35 50 9.32193e-09
35 51 5.08413e-09

36 1 0.999843
36 2 0.999838
36 3 0.999828
36 4 0.999813
36 5 0.99979
36 6 0.999758
36 7 0.999712
36 8 0.999647
36 9 0.999556
36 10 0.999424
36 11 0.999231
36 12 0.998946
36 13 0.998513
36 14 0.997845
36 15 0.996794
36 16 0.995104
36 17 0.992336
36 18 0.987719
36 19 0.979889
36 20 0.96644
36 21 0.943188
36 22 0.903195
36 23 0.836157
36 24 0.730627
36 25 0.583553
36 26 0.4153
36 27 0.263458
36 28 0.152301
36 29 0.08238
36 30 0.0425793
36 31 0.0213256
36 32 0.010439
36 33 0.00501975
36 34 0.00237859
36 35 0.00111281
36 36 0.000514724
36 37 0.000235624
36 38 0.000106835
36 39 4.80136e-05
36 40 2.14013e-05
36 41 9.4664e-06
36 42 4.15731e-06
36 43 1.81348e-06
36 44 7.86038e-07
36 45 3.38641e-07
36 46 1.45049e-07
36 47 6.17909e-08
36 48 2.62138e-08
36 49 1.11514e-08
36 50 4.94211e-09
36 51 2.71785e-09

37 1 0.99952
37 2 0.999506
37 3 0.999478
37 4 0.999432
37 5 0.999364
37 6 0.999268
37 7 0.999133
37 8 0.998944
37 9 0.998677
37 10 0.998295
37 11 0.997741
37 12 0.996925
37 13 0.9957
37 14 0.993827
37 15 0.990909
37 16 0.986279
37 17 0.978813
37 18 0.9666
37 19 0.946436
37 20 0.913122
37 21 0.858836
37 22 0.773868
37 23 0.651454
37 24 0.498922
37 25 0.343615
37 26 0.214924
37 27 0.124663
37 28 0.0684495
37 29 0.0361383
37 30 0.0185388
37 31 0.00930226
37 32 0.00458446
37 33 0.00222498
37 34 0.00106531
37 35 0.000503841
37 36 0.000235624
37 37 0.000109049
37 38 4.99823e-05
37 39 2.27036e-05
37 40 1.02263e-05
37 41 4.57004e-06
37 42 2.02726e-06
37 43 8.9304e-07
37 44 3.908e-07
37 45 1.69937e-07
37 46 7.34476e-08
37 47 3.15633e-08
37 48 1.35046e-08
37 49 5.79363e-09
37 50 2.59045e-09
37 51 1.43635e-09

38 1 0.998537
38 2 0.998496
38 3 0.998411
38 4 0.998274
38 5 0.998074
38 6 0.997789
38 7 0.997393
38 8 0.996839
38 9 0.996061
38 10 0.994956
38 11 0.993366
38 12 0.991039
38 13 0.987583
38 14 0.982362
38 15 0.974347
38 16 0.961868
38 17 0.942255
38 18 0.911321
38 19 0.862917
38 20 0.789321
38 21 0.683984
38 22 0.548858
38 23 0.401804
38 24 0.268751
38 25 0.166503
38 26 0.097192
38 27 0.0542525
38 28 0.0292791
38 29 0.0153921
38 30 0.00792103
38 31 0.00400325
38 32 0.00199134
38 33 0.000976481
38 34 0.000472594
38 35 0.000225969
38 36 0.000106835
38 37 4.99823e-05
38 38 2.31556e-05
38 39 1.06294e-05
38 40 4.83757e-06
38 41 2.18394e-06
38 42 9.78475e-07
38 43 4.3524e-07
38 44 1.92275e-07
38 45 8.43817e-08
38 46 3.67968e-08
38 47 1.59502e-08
38 48 6.88203e-09
38 49 2.97731e-09
38 50 1.34295e-09
38 51 7.5072e-10

39 1 0.995546
39 2 0.995425
39 3 0.995172
39 4 0.994767
39 5 0.994173
39 6 0.993335
39 7 0.992171
39 8 0.990555
39 9 0.988301
39 10 0.985126
39 11 0.980598
39 12 0.97405
39 13 0.964463
39 14 0.950263
39 15 0.929039
39 16 0.89719
39 17 0.849732
39 18 0.780679
39 19 0.684965
39 20 0.563605
39 21 0.429218
39 22 0.301999
39 23 0.197913
39 24 0.122308
39 25 0.0721486
39 26 0.0410291
39 27 0.0226582
39 28 0.012214
39 29 0.0064495
39 30 0.00334433
39 31 0.00170601
39 32 0.000857316
39 33 0.000424881
39 34 0.000207861
39 35 0.000100468
39 36 4.80136e-05
39 37 2.27036e-05
39 38 1.06294e-05
39 39 4.93027e-06
39 40 2.26686e-06
39 41 1.0337e-06
39 42 4.67697e-07
39 43 2.10042e-07
39 44 9.36601e-08
39 45 4.1478e-08
39 46 1.82472e-08
39 47 7.97719e-09
39 48 3.47057e-09
39 49 1.51392e-09
39 50 6.88833e-10
39 51 3.88176e-10

40 1 0.986496
40 2 0.986139
40 3 0.985397
40 4 0.984208
40 5 0.982471
40 6 0.980031
40 7 0.976656
40 8 0.972009
40 9 0.965594
40 10 0.956678
40 11 0.944178
40 12 0.926499
40 13 0.901346
40 14 0.86558
40 15 0.815208
40 16 0.745812
40 17 0.654408
40 18 0.54334
40 19 0.422972
40 20 0.308186
40 21 0.211168
40 22 0.137176
40 23 0.0852226
40 24 0.0510286
40 25 0.0296306
40 26 0.0167632
40 27 0.0092714
40 28 0.00502563
40 29 0.00267487
40 30 0.00139995
40 31 0.000721331
40 32 0.000366276
40 33 0.000183454
40 34 9.07092e-05
40 35 4.43116e-05
40 36 2.14013e-05
40 37 1.02263e-05
40 38 4.83757e-06
40 39 2.26686e-06
40 40 1.0528e-06
40 41 4.84841e-07
40 42 2.21497e-07
40 43 1.00416e-07
40 44 4.51895e-08
40 45 2.01916e-08
40 46 8.9598e-09
40 47 3.9499e-09
40 48 1.73254e-09
40 49 7.61962e-10
40 50 3.49689e-10
40 51 1.98633e-10

41 1 0.959554
41 2 0.958531
41 3 0.956409
41 4 0.953025
41 5 0.948112
41 6 0.941268
41 7 0.931905
41 8 0.919191
41 9 0.901973
41 10 0.878686
41 11 0.84726
41 12 0.805068
41 13 0.749108
41 14 0.676888
41 15 0.588326
41 16 0.487757
41 17 0.383794
41 18 0.286386
41 19 0.203208
41 20 0.137765
41 21 0.089728
41 22 0.0564386
41 23 0.0344385
41 24 0.0204609
41 25 0.0118705
41 26 0.00673977
41 27 0.00375158
41 28 0.00205016
41 29 0.00110124
41 30 0.000582016
41 31 0.000302937
41 32 0.000155419
41 33 7.86569e-05
41 34 3.92995e-05
41 35 1.93985e-05
41 36 9.4664e-06
41 37 4.57004e-06
41 38 2.18394e-06
41 39 1.0337e-06
41 40 4.84841e-07
41 41 2.25455e-07
41 42 1.03978e-07
41 43 4.75768e-08
41 44 2.1604e-08
41 45 9.73776e-09
41 46 4.35774e-09
41 47 1.93694e-09
41 48 8.56444e-10
41 49 3.79707e-10
41 50 1.75751e-10
41 51 1.00619e-10

42 1 0.883445
42 2 0.880732
42 3 0.875137
42 4 0.866311
42 5 0.853697
42 6 0.836499
42 7 0.813634
42 8 0.783713
42 9 0.745099
42 10 0.696151
42 11 0.635786
42 12 0.564299
42 13 0.484089
42 14 0.399689
42 15 0.316855
42 16 0.241075
42 17 0.176249
42 18 0.12411
42 19 0.084421
42 20 0.0556381
42 21 0.0356288
42 22 0.022224
42 23 0.0135318
42 24 0.00805693
42 25 0.00469787
42 26 0.00268591
42 27 0.00150734
42 28 0.000831153
42 29 0.000450699
42 30 0.000240543
42 31 0.000126458
42 32 6.5537e-05
42 33 3.35069e-05
42 34 1.69124e-05
42 35 8.43339e-06
42 36 4.15731e-06
42 37 2.02726e-06
42 38 9.78475e-07
42 39 4.67697e-07
42 40 2.21497e-07
42 41 1.03978e-07
42 42 4.84007e-08
42 43 2.23475e-08
42 44 1.02373e-08
42 45 4.65389e-09
42 46 2.09998e-09
42 47 9.40941e-10
42 48 4.19345e-10
42 49 1.87402e-10
42 50 8.74755e-11
42 51 5.04717e-11

43 1 0.699763
43 2 0.694097
43 3 0.682576
43 4 0.664847
43 5 0.640449
43 6 0.608921
43 7 0.569975
43 8 0.523714
43 9 0.470876
43 10 0.412987
43 11 0.352347
43 12 0.291782
43 13 0.234198
43 14 0.182092
43 15 0.13717
43 16 0.100191
43 17 0.0710428
43 18 0.0489733
43 19 0.0328698
43 20 0.0215114
43 21 0.0137457
43 22 0.00858668
43 23 0.00524961
43 24 0.00314417
43 25 0.00184654
43 26 0.00106428
43 27 0.000602491
43 28 0.000335258
43 29 0.000183516
43 30 9.88912e-05
43 31 5.24992e-05
43 32 2.74772e-05
43 33 1.41881e-05
43 34 7.23281e-06
43 35 3.6426e-06
43 36 1.81348e-06
43 37 8.9304e-07
43 38 4.3524e-07
43 39 2.10042e-07
43 40 1.00416e-07
43 41 4.75768e-08
43 42 2.23475e-08
43 43 1.04096e-08
43 44 4.80963e-09
43 45 2.20475e-09
43 46 1.00293e-09
43 47 4.5294e-10
43 48 2.03431e-10
43 49 9.1628e-11
43 50 4.31291e-11
43 51 2.50769e-11

44 1 0.409605
44 2 0.403476
44 3 0.391336
44 4 0.373449
44 5 0.350258
44 6 0.322433
44 7 0.290897
44 8 0.256815
44 9 0.22154
44 10 0.186505
44 11 0.153076
44 12 0.122412
44 13 0.0953474
44 14 0.0723397
44 15 0.0534757
44 16 0.0385362
44 17 0.0270891
44 18 0.0185889
44 19 0.0124617
44 20 0.00816763
44 21 0.00523771
44 22 0.00328875
44 23 0.00202337
44 24 0.00122061
44 25 0.0007225
44 26 0.000419911
44 27 0.000239792
44 28 0.000134639
44 29 7.43818e-05
44 30 4.046e-05
44 31 2.16844e-05
44 32 1.14587e-05
44 33 5.97414e-06
44 34 3.0751e-06
44 35 1.56373e-06
44 36 7.86038e-07
44 37 3.908e-07
44 38 1.92275e-07
44 39 9.36601e-08
44 40 4.51895e-08
44 41 2.1604e-08
44 42 1.02373e-08
44 43 4.80963e-09
44 44 2.24086e-09
44 45 1.03559e-09
44 46 4.74822e-10
44 47 2.16101e-10
44 48 9.7801e-11
44 49 4.4394e-11
44 50 2.10702e-11
44 51 1.23448e-11

45 1 0.181504
45 2 0.178065
45 3 0.171348
45 4 0.16167
45 5 0.14949
45 6 0.135383
45 7 0.120006
45 8 0.104052
45 9 0.0881979
45 10 0.0730491
45 11 0.0590979
45 12 0.0466922
45 13 0.0360255
45 14 0.0271461
45 15 0.0199814
45 16 0.0143713
45 17 0.0101038
45 18 0.00694662
45 19 0.00467274
45 20 0.00307677
45 21 0.00198412
45 22 0.0012538
45 23 0.000776811
45 24 0.000472153
45 25 0.000281702
45 26 0.000165083
45 27 9.50805e-05
45 28 5.38568e-05
45 29 3.00214e-05
45 30 1.64797e-05
45 31 8.91426e-06
45 32 4.75467e-06
45 33 2.50228e-06
45 34 1.30018e-06
45 35 6.67405e-07
45 36 3.38641e-07
45 37 1.69937e-07
45 38 8.43817e-08
45 39 4.1478e-08
45 40 2.01916e-08
45 41 9.73776e-09
45 42 4.65389e-09
45 43 2.20475e-09
45 44 1.03559e-09
45 45 4.82388e-10
45 46 2.22893e-10
45 47 1.02215e-10
45 48 4.66084e-11
45 49 2.13197e-11
45 50 1.02025e-11
45 51 6.02291e-12

46 1 0.0698729
46 2 0.0684446
46 3 0.0656695
46 4 0.0617038
46 5 0.0567659
46 6 0.0511183
46 7 0.0450462
46 8 0.0388342
46 9 0.0327448
46 10 0.0269998
46 11 0.0217677
46 12 0.0171584
46 13 0.013224
46 14 0.00996576
46 15 0.00734493
46 16 0.0052953
46 17 0.0037354
46 18 0.00257908
46 19 0.00174353
46 20 0.00115453
46 21 0.000749164
46 22 0.000476591
46 23 0.000297391
46 24 0.000182116
46 25 0.000109508
46 26 6.46944e-05
46 27 3.75727e-05
46 28 2.14648e-05
46 29 1.20698e-05
46 30 6.68442e-06
46 31 3.64833e-06
46 32 1.96364e-06
46 33 1.04288e-06
46 34 5.46851e-07
46 35 2.83281e-07
46 36 1.45049e-07
46 37 7.34476e-08
46 38 3.67968e-08
46 39 1.82472e-08
46 40 8.9598e-09
46 41 4.35774e-09
46 42 2.09998e-09
46 43 1.00293e-09
46 44 4.74822e-10
46 45 2.22893e-10
46 46 1.03774e-10
46 47 4.79448e-11
46 48 2.2025e-11
46 49 1.01518e-11
46 50 4.89817e-12
46 51 2.91339e-12

47 1 0.025439
47 2 0.0249093
47 3 0.0238819
47 4 0.0224175
47 5 0.0205999
47 6 0.0185288
47 7 0.0163108
47 8 0.0140505
47 9 0.0118427
47 10 0.00976592
47 11 0.00787882
47 12 0.00621863
47 13 0.00480213
47 14 0.00362844
47 15 0.00268296
47 16 0.00194178
47 17 0.00137587
47 18 0.0009547
47 19 0.000648941
47 20 0.000432261
47 21 0.000282268
47 22 0.000180774
47 23 0.000113597
47 24 7.00765e-05
47 25 4.24595e-05
47 26 2.5282e-05
47 27 1.48023e-05
47 28 8.52669e-06
47 29 4.8353e-06
47 30 2.70097e-06
47 31 1.48707e-06
47 32 8.07447e-07
47 33 4.32639e-07
47 34 2.28881e-07
47 35 1.1962e-07
47 36 6.17909e-08
47 37 3.15633e-08
47 38 1.59502e-08
47 39 7.97719e-09
47 40 3.9499e-09
47 41 1.93694e-09
47 42 9.40941e-10
47 43 4.5294e-10
47 44 2.16101e-10
47 45 1.02215e-10
47 46 4.79448e-11
47 47 2.23149e-11
47 48 1.03269e-11
47 49 4.79622e-12
47 50 2.33321e-12
47 51 1.39821e-12

48 1 0.00907978
48 2 0.00889111
48 3 0.00852522
48 4 0.00800392
48 5 0.00735728
48 6 0.00662088
48 7 0.00583259
48 8 0.00502945
48 9 0.0042449
48 10 0.00350658
48 11 0.00283507
48 12 0.00224345
48 13 0.00173768
48 14 0.00131753
48 15 0.000978038
48 16 0.000710932
48 17 0.000506144
48 18 0.000353025
48 19 0.000241298
48 20 0.000161682
48 21 0.000106241
48 22 6.84889e-05
48 23 4.33352e-05
48 24 2.69249e-05
48 25 1.64354e-05
48 26 9.86152e-06
48 27 5.81944e-06
48 28 3.37936e-06
48 29 1.9322e-06
48 30 1.08838e-06
48 31 6.04328e-07
48 32 3.30958e-07
48 33 1.78863e-07
48 34 9.54447e-08
48 35 5.03136e-08
48 36 2.62138e-08
48 37 1.35046e-08
48 38 6.88203e-09
48 39 3.47057e-09
48 40 1.73254e-09
48 41 8.56444e-10
48 42 4.19345e-10
48 43 2.03431e-10
48 44 9.7801e-11
48 45 4.66084e-11
48 46 2.2025e-11
48 47 1.03269e-11
48 48 4.81459e-12
48 49 2.2533e-12
48 50 1.1053e-12
48 51 6.67395e-13

49 1 0.00323131
49 2 0.00316478
49 3 0.00303574
49 4 0.00285184
49 5 0.00262364
49 6 0.00236362
49 7 0.00208504
49 8 0.00180093
49 9 0.00152301
49 10 0.00126103
49 11 0.00102227
49 12 0.000811397
49 13 0.000630611
49 14 0.000479946
49 15 0.000357755
49 16 0.000261226
49 17 0.000186886
49 18 0.000131032
49 19 9.00625e-05
49 20 6.07037e-05
49 21 4.01373e-05
49 22 2.60443e-05
49 23 1.65919e-05
49 24 1.03822e-05
49 25 6.38424e-06
49 26 3.85982e-06
49 27 2.29558e-06
49 28 1.34374e-06
49 29 7.74595e-07
49 30 4.39953e-07
49 31 2.46348e-07
49 32 1.36061e-07
49 33 7.41637e-08
49 34 3.99152e-08
49 35 2.1222e-08
49 36 1.11514e-08
49 37 5.79363e-09
49 38 2.97731e-09
49 39 1.51392e-09
49 40 7.61962e-10
49 41 3.79707e-10
49 42 1.87402e-10
49 43 9.1628e-11
49 44 4.4394e-11
49 45 2.13197e-11
49 46 1.01518e-11
49 47 4.79622e-12
49 48 2.2533e-12
49 49 1.06302e-12
49 50 5.25973e-13
49 51 3.20095e-13

50 1 0.00118549
50 2 0.00116138
50 3 0.00111461
50 4 0.00104793
50 5 0.000965118
50 6 0.000870657
50 7 0.000769328
50 8 0.000665818
50 9 0.000564374
50 10 0.000468532
50 11 0.000380959
50 12 0.00030339
50 13 0.000236667
50 14 0.000180857
50 15 0.000135409
50 16 9.93477e-05
50 17 7.14418e-05
50 18 5.03662e-05
50 19 3.4821e-05
50 20 2.36153e-05
50 21 1.57163e-05
50 22 1.02678e-05
50 23 6.58794e-06
50 24 4.15298e-06
50 25 2.5734e-06
50 26 1.56821e-06
50 27 9.4029e-07
50 28 5.55017e-07
50 29 3.22671e-07
50 30 1.84863e-07
50 31 1.04424e-07
50 32 5.81877e-08
50 33 3.20005e-08
50 34 1.73773e-08
50 35 9.32193e-09
50 36 4.94211e-09
50 37 2.59045e-09
50 38 1.34295e-09
50 39 6.88833e-10
50 40 3.49689e-10
50 41 1.75751e-10
50 42 8.74755e-11
50 43 4.31291e-11
50 44 2.10702e-11
50 45 1.02025e-11
50 46 4.89817e-12
50 47 2.33321e-12
50 48 1.1053e-12
50 49 5.25973e-13
50 50 2.62702e-13
50 51 1.61236e-13

51 1 0.00054248
51 2 0.000531601
51 3 0.000510484
51 4 0.000480356
51 5 0.000442906
51 6 0.000400138
51 7 0.000354193
51 8 0.000307176
51 9 0.000261001
51 10 0.000217271
51 11 0.000177204
51 12 0.000141604
51 13 0.000110877
51 14 8.50771e-05
51 15 6.39813e-05
51 16 4.71668e-05
51 17 3.40919e-05
51 18 2.41658e-05
51 19 1.68038e-05
51 20 1.14657e-05
51 21 7.67943e-06
51 22 5.0507e-06
51 23 3.26317e-06
51 24 2.07193e-06
51 25 1.29346e-06
51 26 7.9427e-07
51 27 4.79987e-07
51 28 2.85593e-07
51 29 1.67392e-07
51 30 9.66952e-08
51 31 5.50768e-08
51 32 3.09481e-08
51 33 1.71633e-08
51 34 9.3987e-09
51 35 5.08413e-09
51 36 2.71785e-09
51 37 1.43635e-09
51 38 7.5072e-10
51 39 3.88176e-10
51 40 1.98633e-10
51 41 1.00619e-10
51 42 5.04717e-11
51 43 2.50769e-11
51 44 1.23448e-11
51 45 6.02291e-12
51 46 2.91339e-12
51 47 1.39821e-12
51 48 6.67395e-13
51 49 3.20095e-13
51 50 1.61236e-13
51 51 9.97153e-14

