#x #y #phase
1 1 1
1 2 1
1 3 1
1 4 1
1 5 1
1 6 1
1 7 1
1 8 1
1 9 1
1 10 1
1 11 1
1 12 1
1 13 0.999999
1 14 1
1 15 0.999999
1 16 1
1 17 0.999999
1 18 1
1 19 0.999999
1 20 1
1 21 0.999999
1 22 1
1 23 1
1 24 1
1 25 1
1 26 1
1 27 1
1 28 1
1 29 1
1 30 1
1 31 1
1 32 1
1 33 0.999999
1 34 0.999996
1 35 0.999987
1 36 0.999959
1 37 0.999875
1 38 0.99962
1 39 0.998842
1 40 0.996472
1 41 0.989282
1 42 0.967762
1 43 0.906042
1 44 0.749986
1 45 0.470804
1 46 0.218513
1 47 0.0858293
1 48 0.0315006
1 49 0.011321
1 50 0.00416759
1 51 0.00190953

2 1 1
2 2 1
2 3 1
2 4 1
2 5 1
2 6 1
2 7 1
2 8 0.999999
2 9 1
2 10 0.999999
2 11 1
2 12 0.999999
2 13 1
2 14 0.999998
2 15 1
2 16 0.999998
2 17 1
2 18 0.999998
2 19 1
2 20 0.999998
2 21 1
2 22 0.999999
2 23 1
2 24 0.999999
2 25 1
2 26 1
2 27 1
2 28 1
2 29 1
2 30 1
2 31 1
2 32 1
2 33 0.999998
2 34 0.999996
2 35 0.999986
2 36 0.999958
2 37 0.999872
2 38 0.99961
2 39 0.99881
2 40 0.996378
2 41 0.989005
2 42 0.966959
2 43 0.903854
2 44 0.745084
2 45 0.464515
2 46 0.214594
2 47 0.084132
2 48 0.0308611
2 49 0.0110909
2 50 0.00408363
2 51 0.00187151

3 1 1
3 2 1
3 3 1
3 4 1
3 5 1
3 6 1
3 7 0.999999
3 8 1
3 9 0.999999
3 10 1
3 11 0.999998
3 12 1
3 13 0.999997
3 14 1
3 15 0.999996
3 16 1
3 17 0.999995
3 18 1
3 19 0.999996
3 20 1
3 21 0.999997
3 22 1
3 23 0.999998
3 24 1
3 25 0.999999
3 26 1
3 27 1
3 28 1
3 29 1
3 30 1
3 31 1
3 32 0.999999
3 33 0.999998
3 34 0.999995
3 35 0.999985
3 36 0.999955
3 37 0.999865
3 38 0.999587
3 39 0.998745
3 40 0.996183
3 41 0.98843
3 42 0.965295
3 43 0.899338
3 44 0.735073
3 45 0.452
3 46 0.206922
3 47 0.0808299
3 48 0.0296194
3 49 0.0106444
3 50 0.00392068
3 51 0.00179772

4 1 1
4 2 1
4 3 1
4 4 1
4 5 1
4 6 0.999999
4 7 1
4 8 0.999998
4 9 1
4 10 0.999997
4 11 1
4 12 0.999995
4 13 1.00001
4 14 0.999994
4 15 1.00001
4 16 0.999992
4 17 1.00001
4 18 0.999992
4 19 1.00001
4 20 0.999993
4 21 1.00001
4 22 0.999995
4 23 1
4 24 0.999997
4 25 1
4 26 0.999998
4 27 1
4 28 0.999999
4 29 1
4 30 1
4 31 1
4 32 0.999999
4 33 0.999998
4 34 0.999995
4 35 0.999984
4 36 0.999952
4 37 0.999853
4 38 0.999552
4 39 0.998639
4 40 0.99587
4 41 0.98751
4 42 0.962645
4 43 0.892205
4 44 0.719551
4 45 0.433415
4 46 0.195825
4 47 0.0761013
4 48 0.027847
4 49 0.0100076
4 50 0.00368821
4 51 0.0016924

5 1 1
5 2 1
5 3 1
5 4 1
5 5 0.999999
5 6 1
5 7 0.999998
5 8 1
5 9 0.999996
5 10 1
5 11 0.999994
5 12 1.00001
5 13 0.999991
5 14 1.00001
5 15 0.999989
5 16 1.00001
5 17 0.999988
5 18 1.00001
5 19 0.999988
5 20 1.00001
5 21 0.99999
5 22 1.00001
5 23 0.999993
5 24 1.00001
5 25 0.999996
5 26 1
5 27 0.999998
5 28 1
5 29 0.999999
5 30 1
5 31 1
5 32 0.999999
5 33 0.999998
5 34 0.999994
5 35 0.999982
5 36 0.999946
5 37 0.999835
5 38 0.9995
5 39 0.998485
5 40 0.995413
5 41 0.986168
5 42 0.958803
5 43 0.881991
5 44 0.697942
5 45 0.409061
5 46 0.181784
5 47 0.0701964
5 48 0.0256431
5 49 0.00921649
5 50 0.00339932
5 51 0.00156143

6 1 1
6 2 1
6 3 1
6 4 0.999999
6 5 1
6 6 0.999998
6 7 1
6 8 0.999996
6 9 1.00001
6 10 0.999993
6 11 1.00001
6 12 0.999989
6 13 1.00001
6 14 0.999985
6 15 1.00002
6 16 0.999982
6 17 1.00002
6 18 0.999981
6 19 1.00002
6 20 0.999983
6 21 1.00001
6 22 0.999987
6 23 1.00001
6 24 0.999991
6 25 1.00001
6 26 0.999995
6 27 1
6 28 0.999998
6 29 1
6 30 0.999999
6 31 1
6 32 0.999999
6 33 0.999998
6 34 0.999993
6 35 0.999979
6 36 0.999937
6 37 0.99981
6 38 0.999426
6 39 0.998267
6 40 0.99477
6 41 0.984288
6 42 0.95346
6 43 0.868027
6 44 0.669571
6 45 0.379454
6 46 0.165414
6 47 0.0634183
6 48 0.0231255
6 49 0.00831365
6 50 0.0030695
6 51 0.00141176

7 1 1
7 2 1
7 3 0.999999
7 4 1
7 5 0.999998
7 6 1
7 7 0.999996
7 8 1.00001
7 9 0.999992
7 10 1.00001
7 11 0.999987
7 12 1.00002
7 13 0.99998
7 14 1.00002
7 15 0.999975
7 16 1.00003
7 17 0.999972
7 18 1.00003
7 19 0.999973
7 20 1.00002
7 21 0.999978
7 22 1.00002
7 23 0.999984
7 24 1.00001
7 25 0.99999
7 26 1.00001
7 27 0.999995
7 28 1
7 29 0.999998
7 30 1
7 31 0.999999
7 32 1
7 33 0.999997
7 34 0.999992
7 35 0.999975
7 36 0.999925
7 37 0.999775
7 38 0.999324
7 39 0.997964
7 40 0.993878
7 41 0.981693
7 42 0.946158
7 43 0.84939
7 44 0.633784
7 45 0.34538
7 46 0.147434
7 47 0.0560994
7 48 0.0204211
7 49 0.00734473
7 50 0.00271531
7 51 0.00125085

8 1 1
8 2 0.999999
8 3 1
8 4 0.999998
8 5 1
8 6 0.999996
8 7 1.00001
8 8 0.999992
8 9 1.00001
8 10 0.999985
8 11 1.00002
8 12 0.999977
8 13 1.00003
8 14 0.999968
8 15 1.00004
8 16 0.999962
8 17 1.00004
8 18 0.999961
8 19 1.00004
8 20 0.999965
8 21 1.00003
8 22 0.999972
8 23 1.00002
8 24 0.999981
8 25 1.00001
8 26 0.999989
8 27 1.00001
8 28 0.999995
8 29 1
8 30 0.999998
8 31 1
8 32 0.999998
8 33 0.999997
8 34 0.99999
8 35 0.99997
8 36 0.999909
8 37 0.999727
8 38 0.99918
8 39 0.997543
8 40 0.992645
8 41 0.978127
8 42 0.936243
8 43 0.824854
8 44 0.590167
8 45 0.307929
8 46 0.128621
8 47 0.048575
8 48 0.0176554
8 49 0.00635457
8 50 0.00235303
8 51 0.00108602

9 1 1
9 2 1
9 3 0.999999
9 4 1
9 5 0.999996
9 6 1.00001
9 7 0.999992
9 8 1.00001
9 9 0.999985
9 10 1.00002
9 11 0.999974
9 12 1.00003
9 13 0.999963
9 14 1.00004
9 15 0.999952
9 16 1.00005
9 17 0.999947
9 18 1.00005
9 19 0.999949
9 20 1.00005
9 21 0.999957
9 22 1.00004
9 23 0.999968
9 24 1.00003
9 25 0.99998
9 26 1.00002
9 27 0.999989
9 28 1.00001
9 29 0.999995
9 30 1
9 31 0.999997
9 32 1
9 33 0.999995
9 34 0.999987
9 35 0.999961
9 36 0.999885
9 37 0.999657
9 38 0.998979
9 39 0.996955
9 40 0.990933
9 41 0.973212
9 42 0.922786
9 43 0.792856
9 44 0.538827
9 45 0.268467
9 46 0.109754
9 47 0.0411587
9 48 0.0149428
9 49 0.00538388
9 50 0.00199746
9 51 0.00092395

10 1 1
10 2 0.999999
10 3 1
10 4 0.999997
10 5 1
10 6 0.999993
10 7 1.00001
10 8 0.999985
10 9 1.00002
10 10 0.999973
10 11 1.00003
10 12 0.999959
10 13 1.00005
10 14 0.999944
10 15 1.00006
10 16 0.999933
10 17 1.00007
10 18 0.999931
10 19 1.00007
10 20 0.999937
10 21 1.00006
10 22 0.99995
10 23 1.00004
10 24 0.999966
10 25 1.00003
10 26 0.99998
10 27 1.00001
10 28 0.99999
10 29 1.00001
10 30 0.999995
10 31 1
10 32 0.999996
10 33 0.999995
10 34 0.999982
10 35 0.99995
10 36 0.999851
10 37 0.999559
10 38 0.998693
10 39 0.996125
10 40 0.988534
10 41 0.966397
10 42 0.904501
10 43 0.75156
10 44 0.480674
10 45 0.228541
10 46 0.0915537
10 47 0.0341199
10 48 0.0123795
10 49 0.00446669
10 50 0.00166096
10 51 0.000770257

11 1 1
11 2 1
11 3 0.999998
11 4 1
11 5 0.999994
11 6 1.00001
11 7 0.999987
11 8 1.00002
11 9 0.999974
11 10 1.00003
11 11 0.999957
11 12 1.00005
11 13 0.999938
11 14 1.00007
11 15 0.999921
11 16 1.00008
11 17 0.999913
11 18 1.00009
11 19 0.999915
11 20 1.00008
11 21 0.999928
11 22 1.00006
11 23 0.999947
11 24 1.00004
11 25 0.999966
11 26 1.00003
11 27 0.999981
11 28 1.00001
11 29 0.999991
11 30 1.00001
11 31 0.999995
11 32 1
11 33 0.999991
11 34 0.999978
11 35 0.999932
11 36 0.999802
11 37 0.999416
11 38 0.998281
11 39 0.994936
11 40 0.98513
11 41 0.956865
11 42 0.879645
11 43 0.699159
11 44 0.417582
11 45 0.189735
11 46 0.0746267
11 47 0.0276685
11 48 0.0100384
11 49 0.00362869
11 50 0.00135292
11 51 0.000629221

12 1 1
12 2 0.999999
12 3 1
12 4 0.999995
12 5 1.00001
12 6 0.999989
12 7 1.00002
12 8 0.999977
12 9 1.00003
12 10 0.999959
12 11 1.00005
12 12 0.999936
12 13 1.00008
12 14 0.999913
12 15 1.0001
12 16 0.999897
12 17 1.00011
12 18 0.999893
12 19 1.0001
12 20 0.999903
12 21 1.00009
12 22 0.999923
12 23 1.00006
12 24 0.999947
12 25 1.00004
12 26 0.999968
12 27 1.00002
12 28 0.999984
12 29 1.00001
12 30 0.999992
12 31 1
12 32 0.999993
12 33 0.999991
12 34 0.999967
12 35 0.999907
12 36 0.999728
12 37 0.999206
12 38 0.997677
12 39 0.993209
12 40 0.980233
12 41 0.943402
12 42 0.845928
12 43 0.634564
12 44 0.352297
12 45 0.153487
12 46 0.0594238
12 47 0.0219462
12 48 0.00796738
12 49 0.00288663
12 50 0.00107951
12 51 0.000503692

13 1 0.999999
13 2 1
13 3 0.999997
13 4 1.00001
13 5 0.999991
13 6 1.00001
13 7 0.99998
13 8 1.00003
13 9 0.999963
13 10 1.00005
13 11 0.999938
13 12 1.00008
13 13 0.99991
13 14 1.0001
13 15 0.999886
13 16 1.00012
13 17 0.999874
13 18 1.00013
13 19 0.999878
13 20 1.00011
13 21 0.999897
13 22 1.00009
13 23 0.999924
13 24 1.00006
13 25 0.999951
13 26 1.00004
13 27 0.999973
13 28 1.00002
13 29 0.999987
13 30 1.00001
13 31 0.999993
13 32 0.999998
13 33 0.999982
13 34 0.999955
13 35 0.999867
13 36 0.999617
13 37 0.99889
13 38 0.996779
13 39 0.99066
13 40 0.973089
13 41 0.924215
13 42 0.800482
13 43 0.558397
13 44 0.288061
13 45 0.120933
13 46 0.0462201
13 47 0.0170266
13 48 0.00618964
13 49 0.00224871
13 50 0.000843821
13 51 0.000395136

14 1 1
14 2 0.999998
14 3 1
14 4 0.999994
14 5 1.00001
14 6 0.999985
14 7 1.00002
14 8 0.999968
14 9 1.00004
14 10 0.999944
14 11 1.00007
14 12 0.999913
14 13 1.0001
14 14 0.999883
14 15 1.00013
14 16 0.999861
14 17 1.00014
14 18 0.999857
14 19 1.00014
14 20 0.999871
14 21 1.00012
14 22 0.999898
14 23 1.00009
14 24 0.99993
14 25 1.00006
14 26 0.999958
14 27 1.00003
14 28 0.999978
14 29 1.00001
14 30 0.999989
14 31 1
14 32 0.999988
14 33 0.999978
14 34 0.999931
14 35 0.999807
14 36 0.999445
14 37 0.998406
14 38 0.995416
14 39 0.986832
14 40 0.962533
14 41 0.896735
14 42 0.740141
14 43 0.473749
14 44 0.228035
14 45 0.0927952
14 46 0.0351179
14 47 0.0129218
14 48 0.00470705
14 49 0.00171557
14 50 0.000646218
14 51 0.0003038

15 1 0.999999
15 2 1
15 3 0.999996
15 4 1.00001
15 5 0.999989
15 6 1.00002
15 7 0.999975
15 8 1.00004
15 9 0.999952
15 10 1.00006
15 11 0.999921
15 12 1.0001
15 13 0.999886
15 14 1.00013
15 15 0.999857
15 16 1.00015
15 17 0.999842
15 18 1.00016
15 19 0.999848
15 20 1.00014
15 21 0.999872
15 22 1.00011
15 23 0.999905
15 24 1.00008
15 25 0.999939
15 26 1.00005
15 27 0.999966
15 28 1.00002
15 29 0.999983
15 30 1.00001
15 31 0.999989
15 32 0.999991
15 33 0.999961
15 34 0.999898
15 35 0.999708
15 36 0.999175
15 37 0.997652
15 38 0.99331
15 39 0.980993
15 40 0.946765
15 41 0.857482
15 42 0.662595
15 43 0.385994
15 44 0.174741
15 45 0.069363
15 46 0.0260697
15 47 0.00959411
15 48 0.00350445
15 49 0.00128195
15 50 0.000484913
15 51 0.00022895

16 1 1
16 2 0.999998
16 3 1
16 4 0.999992
16 5 1.00001
16 6 0.999982
16 7 1.00003
16 8 0.999962
16 9 1.00005
16 10 0.999933
16 11 1.00008
16 12 0.999897
16 13 1.00012
16 14 0.999861
16 15 1.00015
16 16 0.999837
16 17 1.00017
16 18 0.999832
16 19 1.00016
16 20 0.999849
16 21 1.00014
16 22 0.999881
16 23 1.0001
16 24 0.999919
16 25 1.00006
16 26 0.999952
16 27 1.00004
16 28 0.999975
16 29 1.00002
16 30 0.999986
16 31 0.999999
16 32 0.999975
16 33 0.999945
16 34 0.999838
16 35 0.999552
16 36 0.99874
16 37 0.996451
16 38 0.989994
16 39 0.971946
16 40 0.923033
16 41 0.802138
16 42 0.568639
16 43 0.301489
16 44 0.129698
16 45 0.0505321
16 46 0.0189138
16 47 0.00697046
16 48 0.00255477
16 49 0.000938402
16 50 0.000356592
16 51 0.000169149

17 1 0.999999
17 2 1
17 3 0.999995
17 4 1.00001
17 5 0.999988
17 6 1.00002
17 7 0.999972
17 8 1.00004
17 9 0.999947
17 10 1.00007
17 11 0.999913
17 12 1.00011
17 13 0.999874
17 14 1.00014
17 15 0.999842
17 16 1.00017
17 17 0.999827
17 18 1.00017
17 19 0.999834
17 20 1.00015
17 21 0.999861
17 22 1.00012
17 23 0.999898
17 24 1.00008
17 25 0.999935
17 26 1.00005
17 27 0.999964
17 28 1.00002
17 29 0.999981
17 30 1.00001
17 31 0.999981
17 32 0.99997
17 33 0.999905
17 34 0.999745
17 35 0.99929
17 36 0.998028
17 37 0.994502
17 38 0.984687
17 39 0.95775
17 40 0.887273
17 41 0.726255
17 42 0.464082
17 43 0.225823
17 44 0.0933534
17 45 0.0359035
17 46 0.0134159
17 47 0.00495682
17 48 0.00182404
17 49 0.000673046
17 50 0.00025703
17 51 0.000122533

18 1 1
18 2 0.999998
18 3 1
18 4 0.999992
18 5 1.00001
18 6 0.999981
18 7 1.00003
18 8 0.999961
18 9 1.00005
18 10 0.999931
18 11 1.00009
18 12 0.999893
18 13 1.00013
18 14 0.999857
18 15 1.00016
18 16 0.999832
18 17 1.00017
18 18 0.999828
18 19 1.00017
18 20 0.999846
18 21 1.00014
18 22 0.99988
18 23 1.0001
18 24 0.999919
18 25 1.00006
18 26 0.999952
18 27 1.00003
18 28 0.999975
18 29 1.00001
18 30 0.999981
18 31 0.999985
18 32 0.999939
18 33 0.999847
18 34 0.999578
18 35 0.998849
18 36 0.996834
18 37 0.991281
18 38 0.976055
18 39 0.935306
18 40 0.834019
18 41 0.627761
18 42 0.358779
18 43 0.162527
18 44 0.0652593
18 45 0.0248985
18 46 0.00930776
18 47 0.0034511
18 48 0.00127578
18 49 0.000473085
18 50 0.000181635
18 51 8.70538e-05

19 1 0.999999
19 2 1
19 3 0.999996
19 4 1.00001
19 5 0.999988
19 6 1.00002
19 7 0.999973
19 8 1.00004
19 9 0.999949
19 10 1.00007
19 11 0.999915
19 12 1.0001
19 13 0.999878
19 14 1.00014
19 15 0.999848
19 16 1.00016
19 17 0.999834
19 18 1.00017
19 19 0.999841
19 20 1.00015
19 21 0.999868
19 22 1.00011
19 23 0.999904
19 24 1.00008
19 25 0.99994
19 26 1.00004
19 27 0.999967
19 28 1.00002
19 29 0.999979
19 30 0.999996
19 31 0.999957
19 32 0.999905
19 33 0.999734
19 34 0.999292
19 35 0.998084
19 36 0.994798
19 37 0.985862
19 38 0.96184
19 39 0.899815
19 40 0.75712
19 41 0.511275
19 42 0.262895
19 43 0.112723
19 44 0.0443801
19 45 0.0168667
19 46 0.00631915
19 47 0.00235328
19 48 0.000874386
19 49 0.000325978
19 50 0.000125871
19 51 6.06709e-05

20 1 1
20 2 0.999998
20 3 1
20 4 0.999993
20 5 1.00001
20 6 0.999983
20 7 1.00002
20 8 0.999965
20 9 1.00005
20 10 0.999937
20 11 1.00008
20 12 0.999903
20 13 1.00011
20 14 0.999871
20 15 1.00014
20 16 0.999849
20 17 1.00015
20 18 0.999846
20 19 1.00015
20 20 0.999864
20 21 1.00012
20 22 0.999895
20 23 1.00009
20 24 0.999929
20 25 1.00005
20 26 0.999958
20 27 1.00003
20 28 0.999976
20 29 1
20 30 0.999966
20 31 0.999938
20 32 0.999822
20 33 0.999541
20 34 0.998777
20 35 0.996738
20 36 0.991259
20 37 0.97661
20 38 0.938276
20 39 0.844459
20 40 0.652526
20 41 0.389503
20 42 0.183294
20 43 0.0755892
20 44 0.0294088
20 45 0.0111703
20 46 0.00420025
20 47 0.0015722
20 48 0.000587426
20 49 0.000220254
20 50 8.55645e-05
20 51 4.1491e-05

21 1 0.999999
21 2 1
21 3 0.999997
21 4 1.00001
21 5 0.99999
21 6 1.00001
21 7 0.999978
21 8 1.00003
21 9 0.999957
21 10 1.00006
21 11 0.999928
21 12 1.00009
21 13 0.999897
21 14 1.00012
21 15 0.999872
21 16 1.00014
21 17 0.999861
21 18 1.00014
21 19 0.999868
21 20 1.00012
21 21 0.999891
21 22 1.00009
21 23 0.999922
21 24 1.00006
21 25 0.999951
21 26 1.00003
21 27 0.999971
21 28 1.00001
21 29 0.999969
21 30 0.999959
21 31 0.999873
21 32 0.999686
21 33 0.999175
21 34 0.997844
21 35 0.994321
21 36 0.985007
21 37 0.960643
21 38 0.899355
21 39 0.761324
21 40 0.524455
21 41 0.277746
21 42 0.12227
21 43 0.0491657
21 44 0.0190184
21 45 0.00723799
21 46 0.00273473
21 47 0.00102953
21 48 0.000386975
21 49 0.000145979
21 50 5.70744e-05
21 51 2.78512e-05

22 1 1
22 2 0.999999
22 3 1
22 4 0.999995
22 5 1.00001
22 6 0.999987
22 7 1.00002
22 8 0.999972
22 9 1.00004
22 10 0.99995
22 11 1.00006
22 12 0.999923
22 13 1.00009
22 14 0.999898
22 15 1.00011
22 16 0.999881
22 17 1.00012
22 18 0.99988
22 19 1.00011
22 20 0.999895
22 21 1.00009
22 22 0.99992
22 23 1.00007
22 24 0.999947
22 25 1.00004
22 26 0.999967
22 27 1.00002
22 28 0.99997
22 29 0.999973
22 30 0.999902
22 31 0.999772
22 32 0.999411
22 33 0.998496
22 34 0.996111
22 35 0.989907
22 36 0.973814
22 37 0.933004
22 38 0.836409
22 39 0.64543
22 40 0.389145
22 41 0.186591
22 42 0.0784924
22 43 0.0311083
22 44 0.0120192
22 45 0.00459221
22 46 0.00174503
22 47 0.000661076
22 48 0.00025007
22 49 9.49405e-05
22 50 3.73701e-05
22 51 1.83569e-05

23 1 1
23 2 1
23 3 0.999998
23 4 1
23 5 0.999993
23 6 1.00001
23 7 0.999984
23 8 1.00002
23 9 0.999968
23 10 1.00004
23 11 0.999947
23 12 1.00006
23 13 0.999924
23 14 1.00009
23 15 0.999905
23 16 1.0001
23 17 0.999898
23 18 1.0001
23 19 0.999904
23 20 1.00009
23 21 0.999922
23 22 1.00007
23 23 0.999945
23 24 1.00004
23 25 0.999965
23 26 1.00002
23 27 0.99997
23 28 0.999981
23 29 0.99992
23 30 0.999826
23 31 0.999553
23 32 0.998889
23 33 0.997188
23 34 0.992844
23 35 0.981729
23 36 0.953641
23 37 0.885684
23 38 0.739812
23 39 0.503399
23 40 0.267097
23 41 0.119159
23 42 0.0487481
23 43 0.0191945
23 44 0.00743207
23 45 0.00285491
23 46 0.00109188
23 47 0.000416432
23 48 0.000158588
23 49 6.06147e-05
23 50 2.40276e-05
23 51 1.18845e-05

24 1 1
24 2 0.999999
24 3 1
24 4 0.999997
24 5 1.00001
24 6 0.999991
24 7 1.00001
24 8 0.999981
24 9 1.00003
24 10 0.999966
24 11 1.00004
24 12 0.999947
24 13 1.00006
24 14 0.99993
24 15 1.00008
24 16 0.999919
24 17 1.00008
24 18 0.999919
24 19 1.00008
24 20 0.999929
24 21 1.00006
24 22 0.999947
24 23 1.00004
24 24 0.999964
24 25 1.00002
24 26 0.99997
24 27 0.999987
24 28 0.999929
24 29 0.999858
24 30 0.99964
24 31 0.999131
24 32 0.997848
24 33 0.994645
24 34 0.986586
24 35 0.966439
24 36 0.917435
24 37 0.807517
24 38 0.605832
24 39 0.357597
24 40 0.171358
24 41 0.0729766
24 42 0.0294182
24 43 0.0115731
24 44 0.0045014
24 45 0.00174033
24 46 0.000670301
24 47 0.00025747
24 48 9.8743e-05
24 49 3.80065e-05
24 50 1.51768e-05
24 51 7.5607e-06

25 1 1
25 2 1
25 3 0.999999
25 4 1
25 5 0.999996
25 6 1.00001
25 7 0.99999
25 8 1.00001
25 9 0.99998
25 10 1.00003
25 11 0.999966
25 12 1.00004
25 13 0.999951
25 14 1.00006
25 15 0.999939
25 16 1.00006
25 17 0.999935
25 18 1.00006
25 19 0.99994
25 20 1.00005
25 21 0.999951
25 22 1.00004
25 23 0.999965
25 24 1.00002
25 25 0.999969
25 26 0.99999
25 27 0.999934
25 28 0.999877
25 29 0.999691
25 30 0.999278
25 31 0.998256
25 32 0.995762
25 33 0.989612
25 34 0.974476
25 35 0.937851
25 36 0.854059
25 37 0.688259
25 38 0.448599
25 39 0.232874
25 40 0.104101
25 41 0.0431816
25 42 0.0173105
25 43 0.00683014
25 44 0.00267303
25 45 0.00104096
25 46 0.00040395
25 47 0.000156321
25 48 6.03917e-05
25 49 2.34148e-05
25 50 9.42157e-06
25 51 4.72854e-06

26 1 1
26 2 1
26 3 1
26 4 0.999998
26 5 1
26 6 0.999995
26 7 1.00001
26 8 0.999989
26 9 1.00002
26 10 0.99998
26 11 1.00003
26 12 0.999968
26 13 1.00004
26 14 0.999958
26 15 1.00005
26 16 0.999952
26 17 1.00005
26 18 0.999952
26 19 1.00004
26 20 0.999958
26 21 1.00003
26 22 0.999967
26 23 1.00002
26 24 0.99997
26 25 0.99999
26 26 0.999936
26 27 0.999885
26 28 0.999719
26 29 0.999363
26 30 0.998499
26 31 0.996448
26 32 0.9915
26 33 0.979552
26 34 0.950988
26 35 0.885356
26 36 0.749897
26 37 0.530963
26 38 0.29907
26 39 0.141258
26 40 0.0605937
26 41 0.0248298
26 42 0.00995871
26 43 0.00395105
26 44 0.00155761
26 45 0.000611345
26 46 0.000239111
26 47 9.32507e-05
26 48 3.62996e-05
26 49 1.41803e-05
26 50 5.751e-06
26 51 2.90849e-06

27 1 1
27 2 1
27 3 1
27 4 1
27 5 0.999998
27 6 1
27 7 0.999995
27 8 1.00001
27 9 0.999989
27 10 1.00001
27 11 0.999981
27 12 1.00002
27 13 0.999973
27 14 1.00003
27 15 0.999966
27 16 1.00004
27 17 0.999964
27 18 1.00003
27 19 0.999967
27 20 1.00003
27 21 0.999971
27 22 1.00002
27 23 0.99997
27 24 0.999987
27 25 0.999934
27 26 0.999885
27 27 0.999727
27 28 0.999401
27 29 0.99863
27 30 0.996845
27 31 0.992641
27 32 0.982711
27 33 0.959367
27 34 0.906046
27 35 0.793813
27 36 0.599033
27 37 0.363991
27 38 0.182238
27 39 0.0811719
27 40 0.0341034
27 41 0.0139333
27 42 0.00561289
27 43 0.00224288
27 44 0.000891375
27 45 0.00035276
27 46 0.000139105
27 47 5.46848e-05
27 48 2.1454e-05
27 49 8.44623e-06
27 50 3.45342e-06
27 51 1.7603e-06

28 1 1
28 2 1
28 3 1
28 4 0.999999
28 5 1
28 6 0.999998
28 7 1
28 8 0.999995
28 9 1.00001
28 10 0.99999
28 11 1.00001
28 12 0.999984
28 13 1.00002
28 14 0.999978
28 15 1.00002
28 16 0.999975
28 17 1.00002
28 18 0.999975
28 19 1.00002
28 20 0.999976
28 21 1.00001
28 22 0.99997
28 23 0.999981
28 24 0.999929
28 25 0.999877
28 26 0.999719
28 27 0.999401
28 28 0.99867
28 29 0.997027
28 30 0.993253
28 31 0.984551
28 32 0.964509
28 33 0.91932
28 34 0.823806
28 35 0.651117
28 36 0.422059
28 37 0.223756
28 38 0.103737
28 39 0.0447982
28 40 0.018682
28 41 0.00765379
28 42 0.00310426
28 43 0.00125069
28 44 0.000501354
28 45 0.000200122
28 46 7.95827e-05
28 47 3.15434e-05
28 48 1.24747e-05
28 49 4.95049e-06
28 50 2.04108e-06
28 51 1.0488e-06

29 1 1
29 2 1
29 3 1
29 4 1
29 5 0.999999
29 6 1
29 7 0.999998
29 8 1
29 9 0.999995
29 10 1.00001
29 11 0.999991
29 12 1.00001
29 13 0.999987
29 14 1.00001
29 15 0.999983
29 16 1.00002
29 17 0.999981
29 18 1.00001
29 19 0.999979
29 20 1
29 21 0.999969
29 22 0.999973
29 23 0.99992
29 24 0.999858
29 25 0.999691
29 26 0.999363
29 27 0.99863
29 28 0.997027
29 29 0.993446
29 30 0.9854
29 31 0.967293
29 32 0.927208
29 33 0.84305
29 34 0.68802
29 35 0.469318
29 36 0.262097
29 37 0.126488
29 38 0.0562354
29 39 0.0239787
29 40 0.0100063
29 41 0.00412488
29 42 0.00168685
29 43 0.000685701
29 44 0.000277352
29 45 0.000111692
29 46 4.48017e-05
29 47 1.79074e-05
29 48 7.14029e-06
29 49 2.85676e-06
29 50 1.18795e-06
29 51 6.15452e-07

30 1 1
30 2 1
30 3 1
30 4 1
30 5 1
30 6 0.999999
30 7 1
30 8 0.999998
30 9 1
30 10 0.999995
30 11 1.00001
30 12 0.999992
30 13 1.00001
30 14 0.999989
30 15 1.00001
30 16 0.999986
30 17 1.00001
30 18 0.999981
30 19 0.999996
30 20 0.999966
30 21 0.999959
30 22 0.999902
30 23 0.999826
30 24 0.99964
30 25 0.999278
30 26 0.998499
30 27 0.996845
30 28 0.993253
30 29 0.9854
30 30 0.968174
30 31 0.930883
30 32 0.853754
30 33 0.711385
30 34 0.503665
30 35 0.293848
30 36 0.14727
30 37 0.0674336
30 38 0.0294365
30 39 0.0125296
30 40 0.00525664
30 41 0.00218467
30 42 0.000901596
30 43 0.000369933
30 44 0.000151019
30 45 6.13689e-05
30 46 2.48336e-05
30 47 1.00114e-05
30 48 4.02539e-06
30 49 1.62397e-06
30 50 6.81224e-07
30 51 3.55886e-07

31 1 1
31 2 1
31 3 1
31 4 1
31 5 1
31 6 1
31 7 0.999999
31 8 1
31 9 0.999997
31 10 1
31 11 0.999995
31 12 1
31 13 0.999993
31 14 1
31 15 0.999989
31 16 0.999999
31 17 0.999981
31 18 0.999985
31 19 0.999957
31 20 0.999938
31 21 0.999873
31 22 0.999772
31 23 0.999553
31 24 0.999131
31 25 0.998256
31 26 0.996448
31 27 0.992641
31 28 0.984551
31 29 0.967293
31 30 0.930883
31 31 0.857185
31 32 0.722665
31 33 0.524343
31 34 0.31639
31 35 0.163937
31 36 0.0772424
31 37 0.0345413
31 38 0.0150137
31 39 0.00641861
31 40 0.00271436
31 41 0.0011386
31 42 0.000474435
31 43 0.000196542
31 44 8.0994e-05
31 45 3.32167e-05
31 46 1.35621e-05
31 47 5.51513e-06
31 48 2.23644e-06
31 49 9.09914e-07
31 50 3.85091e-07
31 51 2.02888e-07

32 1 1
32 2 1
32 3 0.999999
32 4 0.999999
32 5 0.999999
32 6 0.999999
32 7 1
32 8 0.999998
32 9 1
32 10 0.999996
32 11 1
32 12 0.999993
32 13 0.999998
32 14 0.999988
32 15 0.999991
32 16 0.999975
32 17 0.99997
32 18 0.999939
32 19 0.999905
32 20 0.999822
32 21 0.999686
32 22 0.999411
32 23 0.998889
32 24 0.997848
32 25 0.995762
32 26 0.9915
32 27 0.982711
32 28 0.964509
32 29 0.927208
32 30 0.853754
32 31 0.722665
32 32 0.531229
32 33 0.328054
32 34 0.174712
32 35 0.0845386
32 36 0.0387277
32 37 0.0172043
32 38 0.00750351
32 39 0.00323263
32 40 0.00137988
32 41 0.000584562
32 42 0.000246003
32 43 0.00010291
32 44 4.28151e-05
32 45 1.77229e-05
32 46 7.30182e-06
32 47 2.99557e-06
32 48 1.22522e-06
32 49 5.02782e-07
32 50 2.14708e-07
32 51 1.14091e-07

33 1 0.999999
33 2 0.999998
33 3 0.999998
33 4 0.999998
33 5 0.999998
33 6 0.999998
33 7 0.999997
33 8 0.999997
33 9 0.999995
33 10 0.999995
33 11 0.999991
33 12 0.999991
33 13 0.999982
33 14 0.999978
33 15 0.999961
33 16 0.999945
33 17 0.999905
33 18 0.999847
33 19 0.999734
33 20 0.999541
33 21 0.999175
33 22 0.998496
33 23 0.997188
33 24 0.994645
33 25 0.989612
33 26 0.979552
33 27 0.959367
33 28 0.91932
33 29 0.84305
33 30 0.711385
33 31 0.524343
33 32 0.328054
33 33 0.178436
33 34 0.088432
33 35 0.0414812
33 36 0.0188442
33 37 0.00839277
33 38 0.00368764
33 39 0.00160366
33 40 0.000691457
33 41 0.000295919
33 42 0.000125792
33 43 5.31432e-05
33 44 2.23235e-05
33 45 9.3275e-06
33 46 3.87811e-06
33 47 1.60518e-06
33 48 6.6226e-07
33 49 2.74128e-07
33 50 1.18132e-07
33 51 6.33142e-08

34 1 0.999996
34 2 0.999996
34 3 0.999995
34 4 0.999995
34 5 0.999994
34 6 0.999993
34 7 0.999992
34 8 0.99999
34 9 0.999987
34 10 0.999982
34 11 0.999978
34 12 0.999967
34 13 0.999955
34 14 0.999931
34 15 0.999898
34 16 0.999838
34 17 0.999745
34 18 0.999578
34 19 0.999292
34 20 0.998777
34 21 0.997844
34 22 0.996111
34 23 0.992844
34 24 0.986586
34 25 0.974476
34 26 0.950988
34 27 0.906046
34 28 0.823806
34 29 0.68802
34 30 0.503665
34 31 0.31639
34 32 0.174712
34 33 0.088432
34 34 0.0424421
34 35 0.0197234
34 36 0.00897777
34 37 0.00402727
34 38 0.00178618
34 39 0.000784718
34 40 0.000341881
34 41 0.000147829
34 42 6.34798e-05
34 43 2.7085e-05
34 44 1.14878e-05
34 45 4.84537e-06
34 46 2.03311e-06
34 47 8.4907e-07
34 48 3.53381e-07
34 49 1.47555e-07
34 50 6.41715e-08
34 51 3.46911e-08

35 1 0.999987
35 2 0.999986
35 3 0.999985
35 4 0.999984
35 5 0.999982
35 6 0.999979
35 7 0.999975
35 8 0.99997
35 9 0.999961
35 10 0.99995
35 11 0.999932
35 12 0.999907
35 13 0.999867
35 14 0.999807
35 15 0.999708
35 16 0.999552
35 17 0.99929
35 18 0.998849
35 19 0.998084
35 20 0.996738
35 21 0.994321
35 22 0.989907
35 23 0.981729
35 24 0.966439
35 25 0.937851
35 26 0.885356
35 27 0.793813
35 28 0.651117
35 29 0.469318
35 30 0.293848
35 31 0.163937
35 32 0.0845386
35 33 0.0414812
35 34 0.0197234
35 35 0.00918197
35 36 0.00420903
35 37 0.00190585
35 38 0.000854014
35 39 0.000379165
35 40 0.000166936
35 41 7.29333e-05
35 42 3.16376e-05
35 43 1.36332e-05
35 44 5.83853e-06
35 45 2.48594e-06
35 46 1.05273e-06
35 47 4.43598e-07
35 48 1.8625e-07
35 49 7.8453e-08
35 50 3.44338e-08
35 51 1.87759e-08

36 1 0.999959
36 2 0.999958
36 3 0.999955
36 4 0.999952
36 5 0.999946
36 6 0.999937
36 7 0.999925
36 8 0.999909
36 9 0.999885
36 10 0.999851
36 11 0.999802
36 12 0.999728
36 13 0.999617
36 14 0.999445
36 15 0.999175
36 16 0.99874
36 17 0.998028
36 18 0.996834
36 19 0.994798
36 20 0.991259
36 21 0.985007
36 22 0.973814
36 23 0.953641
36 24 0.917435
36 25 0.854059
36 26 0.749897
36 27 0.599033
36 28 0.422059
36 29 0.262097
36 30 0.14727
36 31 0.0772424
36 32 0.0387277
36 33 0.0188442
36 34 0.00897777
36 35 0.00420903
36 36 0.00194756
36 37 0.000890999
36 38 0.000403521
36 39 0.00018107
36 40 8.05621e-05
36 41 3.55621e-05
36 42 1.55831e-05
36 43 6.78174e-06
36 44 2.93252e-06
36 45 1.26044e-06
36 46 5.38691e-07
36 47 2.29035e-07
36 48 9.701e-08
36 49 4.12224e-08
36 50 1.82599e-08
36 51 1.00425e-08

37 1 0.999875
37 2 0.999872
37 3 0.999865
37 4 0.999853
37 5 0.999835
37 6 0.99981
37 7 0.999775
37 8 0.999727
37 9 0.999657
37 10 0.999559
37 11 0.999416
37 12 0.999206
37 13 0.99889
37 14 0.998406
37 15 0.997652
37 16 0.996451
37 17 0.994502
37 18 0.991281
37 19 0.985862
37 20 0.97661
37 21 0.960643
37 22 0.933004
37 23 0.885684
37 24 0.807517
37 25 0.688259
37 26 0.530963
37 27 0.363991
37 28 0.223756
37 29 0.126488
37 30 0.0674336
37 31 0.0345413
37 32 0.0172043
37 33 0.00839277
37 34 0.00402727
37 35 0.00190585
37 36 0.000890999
37 37 0.000411994
37 38 0.000188593
37 39 8.55284e-05
37 40 3.8453e-05
37 41 1.7149e-05
37 42 7.59049e-06
37 43 3.33604e-06
37 44 1.45649e-06
37 45 6.31932e-07
37 46 2.72564e-07
37 47 1.16926e-07
37 48 4.99599e-08
37 49 2.14157e-08
37 50 9.5736e-09
37 51 5.3103e-09

38 1 0.99962
38 2 0.99961
38 3 0.999587
38 4 0.999552
38 5 0.9995
38 6 0.999426
38 7 0.999324
38 8 0.99918
38 9 0.998979
38 10 0.998693
38 11 0.998281
38 12 0.997677
38 13 0.996779
38 14 0.995416
38 15 0.99331
38 16 0.989994
38 17 0.984687
38 18 0.976055
38 19 0.96184
38 20 0.938276
38 21 0.899355
38 22 0.836409
38 23 0.739812
38 24 0.605832
38 25 0.448599
38 26 0.29907
38 27 0.182238
38 28 0.103737
38 29 0.0562354
38 30 0.0294365
38 31 0.0150137
38 32 0.00750351
38 33 0.00368764
38 34 0.00178618
38 35 0.000854014
38 36 0.000403521
38 37 0.000188593
38 38 8.72529e-05
38 39 3.99878e-05
38 40 1.81651e-05
38 41 8.18394e-06
38 42 3.65868e-06
38 43 1.62379e-06
38 44 7.15748e-07
38 45 3.13457e-07
38 46 1.36437e-07
38 47 5.90516e-08
38 48 2.54516e-08
38 49 1.10052e-08
38 50 4.96474e-09
38 51 2.77719e-09

39 1 0.998842
39 2 0.99881
39 3 0.998745
39 4 0.998639
39 5 0.998485
39 6 0.998267
39 7 0.997964
39 8 0.997543
39 9 0.996955
39 10 0.996125
39 11 0.994936
39 12 0.993209
39 13 0.99066
39 14 0.986832
39 15 0.980993
39 16 0.971946
39 17 0.95775
39 18 0.935306
39 19 0.899815
39 20 0.844459
39 21 0.761324
39 22 0.64543
39 23 0.503399
39 24 0.357597
39 25 0.232874
39 26 0.141258
39 27 0.0811719
39 28 0.0447982
39 29 0.0239787
39 30 0.0125296
39 31 0.00641861
39 32 0.00323263
39 33 0.00160366
39 34 0.000784718
39 35 0.000379165
39 36 0.00018107
39 37 8.55284e-05
39 38 3.99878e-05
39 39 1.85174e-05
39 40 8.49827e-06
39 41 3.86741e-06
39 42 1.74611e-06
39 43 7.82496e-07
39 44 3.48201e-07
39 45 1.53911e-07
39 46 6.76e-08
39 47 2.95165e-08
39 48 1.28318e-08
39 49 5.59637e-09
39 50 2.54759e-09
39 51 1.43701e-09

40 1 0.996472
40 2 0.996378
40 3 0.996183
40 4 0.99587
40 5 0.995413
40 6 0.99477
40 7 0.993878
40 8 0.992645
40 9 0.990933
40 10 0.988534
40 11 0.98513
40 12 0.980233
40 13 0.973089
40 14 0.962533
40 15 0.946765
40 16 0.923033
40 17 0.887273
40 18 0.834019
40 19 0.75712
40 20 0.652526
40 21 0.524455
40 22 0.389145
40 23 0.267097
40 24 0.171358
40 25 0.104101
40 26 0.0605937
40 27 0.0341034
40 28 0.018682
40 29 0.0100063
40 30 0.00525664
40 31 0.00271436
40 32 0.00137988
40 33 0.000691457
40 34 0.000341881
40 35 0.000166936
40 36 8.05621e-05
40 37 3.8453e-05
40 38 1.81651e-05
40 39 8.49827e-06
40 40 3.93967e-06
40 41 1.81076e-06
40 42 8.25561e-07
40 43 3.73523e-07
40 44 1.67778e-07
40 45 7.48431e-08
40 46 3.31668e-08
40 47 1.46081e-08
40 48 6.40485e-09
40 49 2.81724e-09
40 50 1.29398e-09
40 51 7.35916e-10

41 1 0.989282
41 2 0.989005
41 3 0.98843
41 4 0.98751
41 5 0.986168
41 6 0.984288
41 7 0.981693
41 8 0.978127
41 9 0.973212
41 10 0.966397
41 11 0.956865
41 12 0.943402
41 13 0.924215
41 14 0.896735
41 15 0.857482
41 16 0.802138
41 17 0.726255
41 18 0.627761
41 19 0.511275
41 20 0.389503
41 21 0.277746
41 22 0.186591
41 23 0.119159
41 24 0.0729766
41 25 0.0431816
41 26 0.0248298
41 27 0.0139333
41 28 0.00765379
41 29 0.00412488
41 30 0.00218467
41 31 0.0011386
41 32 0.000584562
41 33 0.000295919
41 34 0.000147829
41 35 7.29333e-05
41 36 3.55621e-05
41 37 1.7149e-05
41 38 8.18394e-06
41 39 3.86741e-06
41 40 1.81076e-06
41 41 8.40447e-07
41 42 3.86881e-07
41 43 1.76704e-07
41 44 8.01081e-08
41 45 3.60587e-08
41 46 1.61205e-08
41 47 7.16121e-09
41 48 3.16619e-09
41 49 1.40442e-09
41 50 6.50779e-10
41 51 3.7312e-10

42 1 0.967762
42 2 0.966959
42 3 0.965295
42 4 0.962645
42 5 0.958803
42 6 0.95346
42 7 0.946158
42 8 0.936243
42 9 0.922786
42 10 0.904501
42 11 0.879645
42 12 0.845928
42 13 0.800482
42 14 0.740141
42 15 0.662595
42 16 0.568639
42 17 0.464082
42 18 0.358779
42 19 0.262895
42 20 0.183294
42 21 0.12227
42 22 0.0784924
42 23 0.0487481
42 24 0.0294182
42 25 0.0173105
42 26 0.00995871
42 27 0.00561289
42 28 0.00310426
42 29 0.00168685
42 30 0.000901596
42 31 0.000474435
42 32 0.000246003
42 33 0.000125792
42 34 6.34798e-05
42 35 3.16376e-05
42 36 1.55831e-05
42 37 7.59049e-06
42 38 3.65868e-06
42 39 1.74611e-06
42 40 8.25561e-07
42 41 3.86881e-07
42 42 1.79785e-07
42 43 8.28808e-08
42 44 3.79166e-08
42 45 1.72192e-08
42 46 7.7648e-09
42 47 3.47846e-09
42 48 1.55065e-09
42 49 6.93522e-10
42 50 3.24172e-10
42 51 1.87347e-10

43 1 0.906042
43 2 0.903854
43 3 0.899338
43 4 0.892205
43 5 0.881991
43 6 0.868027
43 7 0.84939
43 8 0.824854
43 9 0.792856
43 10 0.75156
43 11 0.699159
43 12 0.634564
43 13 0.558397
43 14 0.473749
43 15 0.385994
43 16 0.301489
43 17 0.225823
43 18 0.162527
43 19 0.112723
43 20 0.0755892
43 21 0.0491657
43 22 0.0311083
43 23 0.0191945
43 24 0.0115731
43 25 0.00683014
43 26 0.00395105
43 27 0.00224288
43 28 0.00125069
43 29 0.000685701
43 30 0.000369933
43 31 0.000196542
43 32 0.00010291
43 33 5.31432e-05
43 34 2.7085e-05
43 35 1.36332e-05
43 36 6.78174e-06
43 37 3.33604e-06
43 38 1.62379e-06
43 39 7.82496e-07
43 40 3.73523e-07
43 41 1.76704e-07
43 42 8.28808e-08
43 43 3.85574e-08
43 44 1.77972e-08
43 45 8.15278e-09
43 46 3.70762e-09
43 47 1.67467e-09
43 48 7.52592e-10
43 49 3.3934e-10
43 50 1.59983e-10
43 51 9.31846e-11

44 1 0.749986
44 2 0.745084
44 3 0.735073
44 4 0.719551
44 5 0.697942
44 6 0.669571
44 7 0.633784
44 8 0.590167
44 9 0.538827
44 10 0.480674
44 11 0.417582
44 12 0.352297
44 13 0.288061
44 14 0.228035
44 15 0.174741
44 16 0.129698
44 17 0.0933534
44 18 0.0652593
44 19 0.0443801
44 20 0.0294088
44 21 0.0190184
44 22 0.0120192
44 23 0.00743207
44 24 0.0045014
44 25 0.00267303
44 26 0.00155761
44 27 0.000891375
44 28 0.000501354
44 29 0.000277352
44 30 0.000151019
44 31 8.0994e-05
44 32 4.28151e-05
44 33 2.23235e-05
44 34 1.14878e-05
44 35 5.83853e-06
44 36 2.93252e-06
44 37 1.45649e-06
44 38 7.15748e-07
44 39 3.48201e-07
44 40 1.67778e-07
44 41 8.01081e-08
44 42 3.79166e-08
44 43 1.77972e-08
44 44 8.28654e-09
44 45 3.82837e-09
44 46 1.75547e-09
44 47 7.99325e-10
44 48 3.62068e-10
44 49 1.64563e-10
44 50 7.82425e-11
44 51 4.59256e-11

45 1 0.470804
45 2 0.464515
45 3 0.452
45 4 0.433415
45 5 0.409061
45 6 0.379454
45 7 0.34538
45 8 0.307929
45 9 0.268467
45 10 0.228541
45 11 0.189735
45 12 0.153487
45 13 0.120933
45 14 0.0927952
45 15 0.069363
45 16 0.0505321
45 17 0.0359035
45 18 0.0248985
45 19 0.0168667
45 20 0.0111703
45 21 0.00723799
45 22 0.00459221
45 23 0.00285491
45 24 0.00174033
45 25 0.00104096
45 26 0.000611345
45 27 0.00035276
45 28 0.000200122
45 29 0.000111692
45 30 6.13689e-05
45 31 3.32167e-05
45 32 1.77229e-05
45 33 9.3275e-06
45 34 4.84537e-06
45 35 2.48594e-06
45 36 1.26044e-06
45 37 6.31932e-07
45 38 3.13457e-07
45 39 1.53911e-07
45 40 7.48431e-08
45 41 3.60587e-08
45 42 1.72192e-08
45 43 8.15278e-09
45 44 3.82837e-09
45 45 1.7834e-09
45 46 8.24387e-10
45 47 3.78339e-10
45 48 1.72708e-10
45 49 7.91158e-11
45 50 3.79308e-11
45 51 2.24334e-11

46 1 0.218513
46 2 0.214594
46 3 0.206922
46 4 0.195825
46 5 0.181784
46 6 0.165414
46 7 0.147434
46 8 0.128621
46 9 0.109754
46 10 0.0915537
46 11 0.0746267
46 12 0.0594238
46 13 0.0462201
46 14 0.0351179
46 15 0.0260697
46 16 0.0189138
46 17 0.0134159
46 18 0.00930776
46 19 0.00631915
46 20 0.00420025
46 21 0.00273473
46 22 0.00174503
46 23 0.00109188
46 24 0.000670301
46 25 0.00040395
46 26 0.000239111
46 27 0.000139105
46 28 7.95827e-05
46 29 4.48017e-05
46 30 2.48336e-05
46 31 1.35621e-05
46 32 7.30182e-06
46 33 3.87811e-06
46 34 2.03311e-06
46 35 1.05273e-06
46 36 5.38691e-07
46 37 2.72564e-07
46 38 1.36437e-07
46 39 6.76e-08
46 40 3.31668e-08
46 41 1.61205e-08
46 42 7.7648e-09
46 43 3.70762e-09
46 44 1.75547e-09
46 45 8.24387e-10
46 46 3.84087e-10
46 47 1.77632e-10
46 48 8.17059e-11
46 49 3.7719e-11
46 50 1.82333e-11
46 51 1.08646e-11

47 1 0.0858293
47 2 0.084132
47 3 0.0808299
47 4 0.0761013
47 5 0.0701964
47 6 0.0634183
47 7 0.0560994
47 8 0.048575
47 9 0.0411587
47 10 0.0341199
47 11 0.0276685
47 12 0.0219462
47 13 0.0170266
47 14 0.0129218
47 15 0.00959411
47 16 0.00697046
47 17 0.00495682
47 18 0.0034511
47 19 0.00235328
47 20 0.0015722
47 21 0.00102953
47 22 0.000661076
47 23 0.000416432
47 24 0.00025747
47 25 0.000156321
47 26 9.32507e-05
47 27 5.46848e-05
47 28 3.15434e-05
47 29 1.79074e-05
47 30 1.00114e-05
47 31 5.51513e-06
47 32 2.99557e-06
47 33 1.60518e-06
47 34 8.4907e-07
47 35 4.43598e-07
47 36 2.29035e-07
47 37 1.16926e-07
47 38 5.90516e-08
47 39 2.95165e-08
47 40 1.46081e-08
47 41 7.16121e-09
47 42 3.47846e-09
47 43 1.67467e-09
47 44 7.99325e-10
47 45 3.78339e-10
47 46 1.77632e-10
47 47 8.27732e-11
47 48 3.83592e-11
47 49 1.78441e-11
47 50 8.6966e-12
47 51 5.22056e-12

48 1 0.0315006
48 2 0.0308611
48 3 0.0296194
48 4 0.027847
48 5 0.0256431
48 6 0.0231255
48 7 0.0204211
48 8 0.0176554
48 9 0.0149428
48 10 0.0123795
48 11 0.0100384
48 12 0.00796738
48 13 0.00618964
48 14 0.00470705
48 15 0.00350445
48 16 0.00255477
48 17 0.00182404
48 18 0.00127578
48 19 0.000874386
48 20 0.000587426
48 21 0.000386975
48 22 0.00025007
48 23 0.000158588
48 24 9.8743e-05
48 25 6.03917e-05
48 26 3.62996e-05
48 27 2.1454e-05
48 28 1.24747e-05
48 29 7.14029e-06
48 30 4.02539e-06
48 31 2.23644e-06
48 32 1.22522e-06
48 33 6.6226e-07
48 34 3.53381e-07
48 35 1.8625e-07
48 36 9.701e-08
48 37 4.99599e-08
48 38 2.54516e-08
48 39 1.28318e-08
48 40 6.40485e-09
48 41 3.16619e-09
48 42 1.55065e-09
48 43 7.52592e-10
48 44 3.62068e-10
48 45 1.72708e-10
48 46 8.17059e-11
48 47 3.83592e-11
48 48 1.79095e-11
48 49 8.39518e-12
48 50 4.12526e-12
48 51 2.49487e-12

49 1 0.011321
49 2 0.0110909
49 3 0.0106444
49 4 0.0100076
49 5 0.00921649
49 6 0.00831365
49 7 0.00734473
49 8 0.00635457
49 9 0.00538388
49 10 0.00446669
49 11 0.00362869
49 12 0.00288663
49 13 0.00224871
49 14 0.00171557
49 15 0.00128195
49 16 0.000938402
49 17 0.000673046
49 18 0.000473085
49 19 0.000325978
49 20 0.000220254
49 21 0.000145979
49 22 9.49405e-05
49 23 6.06147e-05
49 24 3.80065e-05
49 25 2.34148e-05
49 26 1.41803e-05
49 27 8.44623e-06
49 28 4.95049e-06
49 29 2.85676e-06
49 30 1.62397e-06
49 31 9.09914e-07
49 32 5.02782e-07
49 33 2.74128e-07
49 34 1.47555e-07
49 35 7.8453e-08
49 36 4.12224e-08
49 37 2.14157e-08
49 38 1.10052e-08
49 39 5.59637e-09
49 40 2.81724e-09
49 41 1.40442e-09
49 42 6.93522e-10
49 43 3.3934e-10
49 44 1.64563e-10
49 45 7.91158e-11
49 46 3.7719e-11
49 47 1.78441e-11
49 48 8.39518e-12
49 49 3.96649e-12
49 50 1.96575e-12
49 51 1.19803e-12

50 1 0.00416759
50 2 0.00408363
50 3 0.00392068
50 4 0.00368821
50 5 0.00339932
50 6 0.0030695
50 7 0.00271531
50 8 0.00235303
50 9 0.00199746
50 10 0.00166096
50 11 0.00135292
50 12 0.00107951
50 13 0.000843821
50 14 0.000646218
50 15 0.000484913
50 16 0.000356592
50 17 0.00025703
50 18 0.000181635
50 19 0.000125871
50 20 8.55645e-05
50 21 5.70744e-05
50 22 3.73701e-05
50 23 2.40276e-05
50 24 1.51768e-05
50 25 9.42157e-06
50 26 5.751e-06
50 27 3.45342e-06
50 28 2.04108e-06
50 29 1.18795e-06
50 30 6.81224e-07
50 31 3.85091e-07
50 32 2.14708e-07
50 33 1.18132e-07
50 34 6.41715e-08
50 35 3.44338e-08
50 36 1.82599e-08
50 37 9.5736e-09
50 38 4.96474e-09
50 39 2.54759e-09
50 40 1.29398e-09
50 41 6.50779e-10
50 42 3.24172e-10
50 43 1.59983e-10
50 44 7.82425e-11
50 45 3.79308e-11
50 46 1.82333e-11
50 47 8.6966e-12
50 48 4.12526e-12
50 49 1.96575e-12
50 50 9.83218e-13
50 51 6.04216e-13

51 1 0.00190953
51 2 0.00187151
51 3 0.00179772
51 4 0.0016924
51 5 0.00156143
51 6 0.00141176
51 7 0.00125085
51 8 0.00108602
51 9 0.00092395
51 10 0.000770257
51 11 0.000629221
51 12 0.000503692
51 13 0.000395136
51 14 0.0003038
51 15 0.00022895
51 16 0.000169149
51 17 0.000122533
51 18 8.70538e-05
51 19 6.06709e-05
51 20 4.1491e-05
51 21 2.78512e-05
51 22 1.83569e-05
51 23 1.18845e-05
51 24 7.5607e-06
51 25 4.72854e-06
51 26 2.90849e-06
51 27 1.7603e-06
51 28 1.0488e-06
51 29 6.15452e-07
51 30 3.55886e-07
51 31 2.02888e-07
51 32 1.14091e-07
51 33 6.33142e-08
51 34 3.46911e-08
51 35 1.87759e-08
51 36 1.00425e-08
51 37 5.3103e-09
51 38 2.77719e-09
51 39 1.43701e-09
51 40 7.35916e-10
51 41 3.7312e-10
51 42 1.87347e-10
51 43 9.31846e-11
51 44 4.59256e-11
51 45 2.24334e-11
51 46 1.08646e-11
51 47 5.22056e-12
51 48 2.49487e-12
51 49 1.19803e-12
51 50 6.04216e-13
51 51 3.74072e-13

