#x #y #phase
1 1 1
1 2 1
1 3 1
1 4 1
1 5 1
1 6 1
1 7 1
1 8 1
1 9 1
1 10 1
1 11 1
1 12 1
1 13 1
1 14 1
1 15 1
1 16 1
1 17 1
1 18 1
1 19 1
1 20 1
1 21 1
1 22 1
1 23 1
1 24 1
1 25 0.999999
1 26 0.999998
1 27 0.999995
1 28 0.999986
1 29 0.999957
1 30 0.999869
1 31 0.999599
1 32 0.99878
1 33 0.996287
1 34 0.988733
1 35 0.966159
1 36 0.901643
1 37 0.740072
1 38 0.458067
1 39 0.210576
1 40 0.0823808
1 41 0.0301791
1 42 0.0107905
1 43 0.00382449
1 44 0.00135101
1 45 0.000476457
1 46 0.000167795
1 47 5.89933e-05
1 48 2.07026e-05
1 49 7.2712e-06
1 50 2.62509e-06
1 51 1.17699e-06

2 1 1
2 2 1
2 3 1
2 4 1
2 5 1
2 6 1
2 7 1
2 8 1
2 9 1
2 10 1
2 11 1
2 12 1
2 13 1
2 14 1
2 15 1
2 16 1
2 17 1
2 18 1
2 19 1
2 20 1
2 21 1
2 22 1
2 23 1
2 24 1
2 25 1
2 26 0.999998
2 27 0.999995
2 28 0.999985
2 29 0.999955
2 30 0.999864
2 31 0.999586
2 32 0.99874
2 33 0.996169
2 34 0.988387
2 35 0.965165
2 36 0.89896
2 37 0.734172
2 38 0.450802
2 39 0.206167
2 40 0.0804935
2 41 0.0294722
2 42 0.0105382
2 43 0.00373597
2 44 0.00132015
2 45 0.000465721
2 46 0.000164066
2 47 5.77003e-05
2 48 2.02549e-05
2 49 7.11607e-06
2 50 2.56987e-06
2 51 1.15259e-06

3 1 1
3 2 1
3 3 1
3 4 1
3 5 1
3 6 1
3 7 1
3 8 1
3 9 1
3 10 1
3 11 1
3 12 1
3 13 1
3 14 1
3 15 1
3 16 1
3 17 1
3 18 1
3 19 1
3 20 1
3 21 1
3 22 1
3 23 1
3 24 1
3 25 0.999999
3 26 0.999998
3 27 0.999995
3 28 0.999984
3 29 0.999952
3 30 0.999854
3 31 0.999558
3 32 0.998656
3 33 0.995922
3 34 0.987664
3 35 0.963089
3 36 0.893391
3 37 0.722088
3 38 0.436365
3 39 0.197564
3 40 0.0768354
3 41 0.0281051
3 42 0.0100505
3 43 0.00356482
3 44 0.00126044
3 45 0.000444945
3 46 0.000156847
3 47 5.51959e-05
3 48 1.93875e-05
3 49 6.81535e-06
3 50 2.46278e-06
3 51 1.10525e-06

4 1 1
4 2 1
4 3 1
4 4 1
4 5 1
4 6 1
4 7 1
4 8 1
4 9 1
4 10 1
4 11 1
4 12 1
4 13 1
4 14 1
4 15 1
4 16 1
4 17 1
4 18 1
4 19 1
4 20 1
4 21 1
4 22 1
4 23 1
4 24 1
4 25 0.999999
4 26 0.999998
4 27 0.999994
4 28 0.999982
4 29 0.999947
4 30 0.999839
4 31 0.999512
4 32 0.99852
4 33 0.995521
4 34 0.986491
4 35 0.959742
4 36 0.884508
4 37 0.703266
4 38 0.414984
4 39 0.185188
4 40 0.0716307
4 41 0.0261665
4 42 0.00935931
4 43 0.00332221
4 44 0.00117576
4 45 0.000415457
4 46 0.000146594
4 47 5.1636e-05
4 48 1.81535e-05
4 49 6.38724e-06
4 50 2.31021e-06
4 51 1.03775e-06

5 1 1
5 2 1
5 3 1
5 4 1
5 5 1
5 6 1
5 7 1
5 8 1
5 9 1
5 10 1
5 11 1
5 12 1
5 13 1
5 14 1
5 15 1
5 16 1
5 17 1
5 18 1
5 19 1
5 20 1
5 21 1
5 22 1
5 23 1
5 24 1
5 25 0.999999
5 26 0.999998
5 27 0.999993
5 28 0.99998
5 29 0.999939
5 30 0.999815
5 31 0.999442
5 32 0.998317
5 33 0.994923
5 34 0.984749
5 35 0.954808
5 36 0.871623
5 37 0.676947
5 38 0.387112
5 39 0.169662
5 40 0.0651928
5 41 0.0237789
5 42 0.00850875
5 43 0.00302351
5 44 0.00107141
5 45 0.000379079
5 46 0.000133931
5 47 4.7235e-05
5 48 1.66264e-05
5 49 5.85692e-06
5 50 2.12101e-06
5 51 9.53961e-07

6 1 1
6 2 1
6 3 1
6 4 1
6 5 1
6 6 1
6 7 1
6 8 1
6 9 1
6 10 1
6 11 1
6 12 1
6 13 1
6 14 1
6 15 1
6 16 1
6 17 1
6 18 1
6 19 1
6 20 1
6 21 1
6 22 1
6 23 1
6 24 1
6 25 0.999999
6 26 0.999997
6 27 0.999992
6 28 0.999976
6 29 0.999927
6 30 0.999781
6 31 0.999342
6 32 0.998021
6 33 0.994059
6 34 0.982249
6 35 0.947797
6 36 0.853728
6 37 0.642298
6 38 0.353517
6 39 0.151778
6 40 0.0578978
6 41 0.0210867
6 42 0.00755037
6 43 0.0026867
6 44 0.000953595
6 45 0.000337956
6 46 0.000119597
6 47 4.22462e-05
6 48 1.48931e-05
6 49 5.25416e-06
6 50 1.90568e-06
6 51 8.58462e-07

7 1 1
7 2 1
7 3 1
7 4 1
7 5 1
7 6 1
7 7 1
7 8 1
7 9 1
7 10 1
7 11 1
7 12 1
7 13 1
7 14 1
7 15 1
7 16 0.999999
7 17 1
7 18 0.999999
7 19 1
7 20 0.999999
7 21 1
7 22 1
7 23 1
7 24 1
7 25 0.999999
7 26 0.999997
7 27 0.99999
7 28 0.99997
7 29 0.99991
7 30 0.999731
7 31 0.999196
7 32 0.997597
7 33 0.992825
7 34 0.978702
7 35 0.937977
7 36 0.829428
7 37 0.598658
7 38 0.315361
7 39 0.132449
7 40 0.050151
7 41 0.0182423
7 42 0.00653837
7 43 0.00233069
7 44 0.000828878
7 45 0.000294348
7 46 0.00010437
7 47 3.6938e-05
7 48 1.30458e-05
7 49 4.61074e-06
7 50 1.67544e-06
7 51 7.56174e-07

8 1 1
8 2 1
8 3 1
8 4 1
8 5 1
8 6 1
8 7 1
8 8 1
8 9 1
8 10 1
8 11 1
8 12 1
8 13 0.999999
8 14 1
8 15 0.999999
8 16 1
8 17 0.999999
8 18 1
8 19 0.999999
8 20 1
8 21 0.999999
8 22 1
8 23 0.999999
8 24 1
8 25 0.999998
8 26 0.999996
8 27 0.999987
8 28 0.999961
8 29 0.999885
8 30 0.999658
8 31 0.998985
8 32 0.996986
8 33 0.991059
8 34 0.973669
8 35 0.924271
8 36 0.796876
8 37 0.545911
8 38 0.274203
8 39 0.112639
8 40 0.0423511
8 41 0.0153922
8 42 0.0055246
8 43 0.00197356
8 44 0.000703533
8 45 0.000250431
8 46 8.90047e-05
8 47 3.15706e-05
8 48 1.11742e-05
8 49 3.95762e-06
8 50 1.44126e-06
8 51 6.51931e-07

9 1 1
9 2 1
9 3 1
9 4 1
9 5 1
9 6 1
9 7 1
9 8 1
9 9 1
9 10 1
9 11 1
9 12 0.999999
9 13 1
9 14 0.999998
9 15 1
9 16 0.999998
9 17 1
9 18 0.999998
9 19 1
9 20 0.999998
9 21 1
9 22 0.999999
9 23 1
9 24 0.999999
9 25 0.999998
9 26 0.999994
9 27 0.999982
9 28 0.999948
9 29 0.999847
9 30 0.99955
9 31 0.998675
9 32 0.996094
9 33 0.988507
9 34 0.966482
9 35 0.905133
9 36 0.753828
9 37 0.48491
9 38 0.231913
9 39 0.0932761
9 40 0.0348549
9 41 0.0126647
9 42 0.00455422
9 43 0.00163112
9 44 0.000583065
9 45 0.000208121
9 46 7.41658e-05
9 47 2.6375e-05
9 48 9.35847e-06
9 49 3.32258e-06
9 50 1.21305e-06
9 51 5.50106e-07

10 1 1
10 2 1
10 3 1
10 4 1
10 5 1
10 6 1
10 7 1
10 8 1
10 9 1
10 10 1
10 11 0.999999
10 12 1
10 13 0.999998
10 14 1
10 15 0.999997
10 16 1
10 17 0.999996
10 18 1
10 19 0.999996
10 20 1
10 21 0.999997
10 22 1
10 23 0.999998
10 24 1
10 25 0.999996
10 26 0.999992
10 27 0.999975
10 28 0.999928
10 29 0.999789
10 30 0.999387
10 31 0.998211
10 32 0.994774
10 33 0.984768
10 34 0.956124
10 35 0.878406
10 36 0.698
10 37 0.417772
10 38 0.190478
10 39 0.0751675
10 40 0.0279493
10 41 0.0101605
10 42 0.00366256
10 43 0.00131574
10 44 0.000471824
10 45 0.000168943
10 46 6.03875e-05
10 47 2.1538e-05
10 48 7.66366e-06
10 49 2.72834e-06
10 50 9.98938e-07
10 51 4.54323e-07

11 1 1
11 2 1
11 3 1
11 4 1
11 5 1
11 6 1
11 7 1
11 8 1
11 9 1
11 10 0.999999
11 11 1
11 12 0.999998
11 13 1
11 14 0.999996
11 15 1
11 16 0.999995
11 17 1.00001
11 18 0.999994
11 19 1.00001
11 20 0.999995
11 21 1
11 22 0.999997
11 23 1
11 24 0.999997
11 25 0.999997
11 26 0.999987
11 27 0.999964
11 28 0.999895
11 29 0.999701
11 30 0.999137
11 31 0.997505
11 32 0.992783
11 33 0.979202
11 34 0.941032
11 35 0.841186
11 36 0.627989
11 37 0.347834
11 38 0.151749
11 39 0.0589254
11 40 0.0218341
11 41 0.00794794
11 42 0.00287357
11 43 0.00103592
11 44 0.000372815
11 45 0.000133962
11 46 4.80471e-05
11 47 1.71926e-05
11 48 6.13673e-06
11 49 2.19145e-06
11 50 8.04926e-07
11 51 3.67271e-07

12 1 1
12 2 1
12 3 1
12 4 1
12 5 1
12 6 1
12 7 1
12 8 1
12 9 0.999999
12 10 1
12 11 0.999998
12 12 1
12 13 0.999996
12 14 1.00001
12 15 0.999993
12 16 1.00001
12 17 0.999992
12 18 1.00001
12 19 0.999992
12 20 1.00001
12 21 0.999994
12 22 1
12 23 0.999996
12 24 1
12 25 0.999991
12 26 0.999981
12 27 0.999944
12 28 0.999845
12 29 0.999559
12 30 0.998744
12 31 0.996408
12 32 0.989725
12 33 0.97078
12 34 0.918828
12 35 0.789808
12 36 0.544675
12 37 0.279143
12 38 0.117193
12 39 0.0449297
12 40 0.0166175
12 41 0.00606238
12 42 0.00219971
12 43 0.000796153
12 44 0.000287676
12 45 0.000103775
12 46 3.73604e-05
12 47 1.3417e-05
12 48 4.8057e-06
12 49 1.72197e-06
12 50 6.34721e-07
12 51 2.9065e-07

13 1 1
13 2 1
13 3 1
13 4 1
13 5 1
13 6 1
13 7 1
13 8 0.999999
13 9 1
13 10 0.999998
13 11 1
13 12 0.999996
13 13 1.00001
13 14 0.999993
13 15 1.00001
13 16 0.99999
13 17 1.00001
13 18 0.999989
13 19 1.00001
13 20 0.999991
13 21 1.00001
13 22 0.999993
13 23 1
13 24 0.999993
13 25 0.999991
13 26 0.999968
13 27 0.999915
13 28 0.999761
13 29 0.99933
13 30 0.998113
13 31 0.994667
13 32 0.984937
13 33 0.957854
13 34 0.886029
13 35 0.720377
13 36 0.452273
13 37 0.215641
13 38 0.0877284
13 39 0.0333253
13 40 0.0123234
13 41 0.00450973
13 42 0.00164319
13 43 0.000597382
13 44 0.000216812
13 45 7.85492e-05
13 46 2.8396e-05
13 47 1.02381e-05
13 48 3.68105e-06
13 49 1.3239e-06
13 50 4.89889e-07
13 51 2.25213e-07

14 1 1
14 2 1
14 3 1
14 4 1
14 5 1
14 6 1
14 7 1
14 8 1
14 9 0.999998
14 10 1
14 11 0.999996
14 12 1.00001
14 13 0.999993
14 14 1.00001
14 15 0.999989
14 16 1.00001
14 17 0.999987
14 18 1.00001
14 19 0.999987
14 20 1.00001
14 21 0.99999
14 22 1.00001
14 23 0.999992
14 24 0.999997
14 25 0.999979
14 26 0.999951
14 27 0.999861
14 28 0.99962
14 29 0.998948
14 30 0.997075
14 31 0.991842
14 32 0.977298
14 33 0.937786
14 34 0.83789
14 35 0.630704
14 36 0.357897
14 37 0.160348
14 38 0.0636822
14 39 0.0240526
14 40 0.00890713
14 41 0.00327253
14 42 0.0011981
14 43 0.000437721
14 44 0.000159639
14 45 5.81077e-05
14 46 2.1101e-05
14 47 7.64072e-06
14 48 2.75855e-06
14 49 9.96148e-07
14 50 3.7017e-07
14 51 1.70907e-07

15 1 1
15 2 1
15 3 1
15 4 1
15 5 1
15 6 1
15 7 1
15 8 0.999999
15 9 1
15 10 0.999997
15 11 1
15 12 0.999993
15 13 1.00001
15 14 0.999989
15 15 1.00001
15 16 0.999985
15 17 1.00002
15 18 0.999984
15 19 1.00002
15 20 0.999986
15 21 1.00001
15 22 0.999989
15 23 1
15 24 0.999983
15 25 0.999971
15 26 0.999912
15 27 0.999771
15 28 0.999375
15 29 0.998298
15 30 0.99533
15 31 0.987163
15 32 0.964906
15 33 0.906451
15 34 0.768748
15 35 0.52365
15 36 0.269485
15 37 0.114883
15 38 0.0448605
15 39 0.016901
15 40 0.00627702
15 41 0.0023173
15 42 0.000852927
15 43 0.000313302
15 44 0.000114867
15 45 4.20237e-05
15 46 1.53346e-05
15 47 5.57855e-06
15 48 2.02304e-06
15 49 7.33752e-07
15 50 2.73914e-07
15 51 1.27055e-07

16 1 1
16 2 1
16 3 1
16 4 1
16 5 1
16 6 1
16 7 0.999999
16 8 1
16 9 0.999998
16 10 1
16 11 0.999995
16 12 1.00001
16 13 0.99999
16 14 1.00001
16 15 0.999985
16 16 1.00002
16 17 0.999982
16 18 1.00002
16 19 0.999983
16 20 1.00001
16 21 0.999986
16 22 1.00001
16 23 0.999984
16 24 0.999983
16 25 0.99994
16 26 0.999853
16 27 0.999603
16 28 0.998945
16 29 0.997161
16 30 0.99233
16 31 0.979263
16 32 0.94457
16 33 0.857804
16 34 0.6739
16 35 0.408836
16 36 0.193311
16 37 0.0794435
16 38 0.0306982
16 39 0.0115687
16 40 0.00431492
16 41 0.00160184
16 42 0.000593075
16 43 0.000219132
16 44 8.07985e-05
16 45 2.97216e-05
16 46 1.09022e-05
16 47 3.98588e-06
16 48 1.4524e-06
16 49 5.29266e-07
16 50 1.98554e-07
16 51 9.25609e-08

17 1 1
17 2 1
17 3 1
17 4 1
17 5 1
17 6 1
17 7 1
17 8 0.999999
17 9 1
17 10 0.999996
17 11 1.00001
17 12 0.999992
17 13 1.00001
17 14 0.999987
17 15 1.00002
17 16 0.999982
17 17 1.00002
17 18 0.999981
17 19 1.00002
17 20 0.999983
17 21 1.00001
17 22 0.999983
17 23 0.999991
17 24 0.999954
17 25 0.999899
17 26 0.999729
17 27 0.999301
17 28 0.998161
17 29 0.995134
17 30 0.987063
17 31 0.965719
17 32 0.911089
17 33 0.78425
17 34 0.554603
17 35 0.299466
17 36 0.132526
17 37 0.0531368
17 38 0.0204295
17 39 0.00771945
17 40 0.00289485
17 41 0.00108143
17 42 0.000402972
17 43 0.000149832
17 44 5.55832e-05
17 45 2.05655e-05
17 46 7.58566e-06
17 47 2.7881e-06
17 48 1.02114e-06
17 49 3.73986e-07
17 50 1.41044e-07
17 51 6.61037e-08

18 1 1
18 2 1
18 3 1
18 4 1
18 5 1
18 6 1
18 7 0.999999
18 8 1
18 9 0.999998
18 10 1
18 11 0.999994
18 12 1.00001
18 13 0.999989
18 14 1.00001
18 15 0.999984
18 16 1.00002
18 17 0.999981
18 18 1.00002
18 19 0.999982
18 20 1.00001
18 21 0.999982
18 22 0.999997
18 23 0.999961
18 24 0.999926
18 25 0.9998
18 26 0.999505
18 27 0.998726
18 28 0.99671
18 29 0.991434
18 30 0.977657
18 31 0.942283
18 32 0.856588
18 33 0.6793
18 34 0.423003
18 35 0.206466
18 36 0.0871897
18 37 0.0344541
18 38 0.0132378
18 39 0.00502511
18 40 0.00189659
18 41 0.000713417
18 42 0.000267683
18 43 0.000100201
18 44 3.74121e-05
18 45 1.3928e-05
18 46 5.1677e-06
18 47 1.91009e-06
18 48 7.03368e-07
18 49 2.58982e-07
18 50 9.82221e-08
18 51 4.62974e-08

19 1 1
19 2 1
19 3 1
19 4 1
19 5 1
19 6 1
19 7 1
19 8 0.999999
19 9 1
19 10 0.999996
19 11 1.00001
19 12 0.999992
19 13 1.00001
19 14 0.999987
19 15 1.00002
19 16 0.999983
19 17 1.00002
19 18 0.999982
19 19 1.00001
19 20 0.999981
19 21 1
19 22 0.999964
19 23 0.999943
19 24 0.999841
19 25 0.999623
19 26 0.999053
19 27 0.997623
19 28 0.993958
19 29 0.984562
19 30 0.960647
19 31 0.901852
19 32 0.771216
19 33 0.544828
19 34 0.29825
19 35 0.134867
19 36 0.0552885
19 37 0.0217041
19 38 0.00836192
19 39 0.00319382
19 40 0.0012142
19 41 0.000460163
19 42 0.000173935
19 43 6.55732e-05
19 44 2.46507e-05
19 45 9.23694e-06
19 46 3.44848e-06
19 47 1.2822e-06
19 48 4.7486e-07
19 49 1.75835e-07
19 50 6.70863e-08
19 51 3.18129e-08

20 1 1
20 2 1
20 3 1
20 4 1
20 5 1
20 6 1
20 7 0.999999
20 8 1
20 9 0.999998
20 10 1
20 11 0.999995
20 12 1.00001
20 13 0.999991
20 14 1.00001
20 15 0.999986
20 16 1.00001
20 17 0.999983
20 18 1.00001
20 19 0.999981
20 20 1
20 21 0.999965
20 22 0.999951
20 23 0.999862
20 24 0.999691
20 25 0.999243
20 26 0.998159
20 27 0.995446
20 28 0.988647
20 29 0.971614
20 30 0.929808
20 31 0.833771
20 32 0.648005
20 33 0.398425
20 34 0.19572
20 35 0.0841048
20 36 0.0339282
20 37 0.0133097
20 38 0.00515501
20 39 0.00198355
20 40 0.000760131
20 41 0.000290388
20 42 0.00011062
20 43 4.20167e-05
20 44 1.59085e-05
20 45 6.00185e-06
20 46 2.2553e-06
20 47 8.43776e-07
20 48 3.1437e-07
20 49 1.17102e-07
20 50 4.49597e-08
20 51 2.14565e-08

21 1 1
21 2 1
21 3 1
21 4 1
21 5 1
21 6 1
21 7 1
21 8 0.999999
21 9 1
21 10 0.999997
21 11 1
21 12 0.999994
21 13 1.00001
21 14 0.99999
21 15 1.00001
21 16 0.999986
21 17 1.00001
21 18 0.999982
21 19 1
21 20 0.999965
21 21 0.999954
21 22 0.999872
21 23 0.999726
21 24 0.999349
21 25 0.998469
21 26 0.996324
21 27 0.991086
21 28 0.978239
21 29 0.94708
21 30 0.874772
21 31 0.726143
21 32 0.494365
21 33 0.265808
21 34 0.120894
21 35 0.050431
21 36 0.020219
21 37 0.00795984
21 38 0.00310512
21 39 0.0012048
21 40 0.000465676
21 41 0.000179407
21 42 6.89026e-05
21 43 2.63766e-05
21 44 1.00615e-05
21 45 3.82296e-06
21 46 1.44629e-06
21 47 5.44615e-07
21 48 2.04186e-07
21 49 7.6534e-08
21 50 2.95791e-08
21 51 1.4211e-08

22 1 1
22 2 1
22 3 1
22 4 1
22 5 1
22 6 1
22 7 1
22 8 1
22 9 0.999999
22 10 1
22 11 0.999997
22 12 1
22 13 0.999993
22 14 1.00001
22 15 0.999989
22 16 1.00001
22 17 0.999983
22 18 0.999997
22 19 0.999964
22 20 0.999951
22 21 0.999872
22 22 0.999737
22 23 0.999396
22 24 0.99863
22 25 0.996816
22 26 0.992512
22 27 0.982215
22 28 0.957705
22 29 0.901079
22 30 0.781304
22 31 0.576014
22 32 0.338223
22 33 0.163887
22 34 0.0711101
22 35 0.0292508
22 36 0.0117354
22 37 0.00464999
22 38 0.00182947
22 39 0.000716323
22 40 0.000279394
22 41 0.000108594
22 42 4.20619e-05
22 43 1.62329e-05
22 44 6.24013e-06
22 45 2.38849e-06
22 46 9.09954e-07
22 47 3.44964e-07
22 48 1.3018e-07
22 49 4.9113e-08
22 50 1.91132e-08
22 51 9.24712e-09

23 1 1
23 2 1
23 3 1
23 4 1
23 5 1
23 6 1
23 7 1
23 8 0.999999
23 9 1
23 10 0.999998
23 11 1
23 12 0.999996
23 13 1
23 14 0.999992
23 15 1
23 16 0.999984
23 17 0.999991
23 18 0.999961
23 19 0.999943
23 20 0.999862
23 21 0.999726
23 22 0.999396
23 23 0.99868
23 24 0.997037
23 25 0.99326
23 26 0.984471
23 27 0.964039
23 28 0.917501
23 29 0.818324
23 30 0.638993
23 31 0.405268
23 32 0.209519
23 33 0.0949632
23 34 0.0402226
23 35 0.0164891
23 36 0.0066499
23 37 0.0026573
23 38 0.00105545
23 39 0.000417267
23 40 0.000164301
23 41 6.44474e-05
23 42 2.51826e-05
23 43 9.80031e-06
23 44 3.79747e-06
23 45 1.46457e-06
23 46 5.62013e-07
23 47 2.14545e-07
23 48 8.15127e-08
23 49 3.0961e-08
23 50 1.21363e-08
23 51 5.91447e-09

24 1 1
24 2 1
24 3 1
24 4 1
24 5 1
24 6 1
24 7 1
24 8 1
24 9 0.999999
24 10 1
24 11 0.999997
24 12 1
24 13 0.999993
24 14 0.999997
24 15 0.999983
24 16 0.999983
24 17 0.999954
24 18 0.999926
24 19 0.999841
24 20 0.999691
24 21 0.999349
24 22 0.99863
24 23 0.997037
24 24 0.993493
24 25 0.985494
24 26 0.967401
24 27 0.927051
24 28 0.841657
24 29 0.683448
24 30 0.46087
24 31 0.253132
24 32 0.120036
24 33 0.0524934
24 34 0.022043
24 35 0.00906667
24 36 0.0036862
24 37 0.00148745
24 38 0.000596845
24 39 0.000238355
24 40 9.47786e-05
24 41 3.75295e-05
24 42 1.47972e-05
24 43 5.80825e-06
24 44 2.26903e-06
24 45 8.81917e-07
24 46 3.40946e-07
24 47 1.31089e-07
24 48 5.0154e-08
24 49 1.9184e-08
24 50 7.57639e-09
24 51 3.72019e-09

25 1 0.999999
25 2 1
25 3 0.999999
25 4 0.999999
25 5 0.999999
25 6 0.999999
25 7 0.999999
25 8 0.999998
25 9 0.999998
25 10 0.999996
25 11 0.999997
25 12 0.999991
25 13 0.999991
25 14 0.999979
25 15 0.999971
25 16 0.99994
25 17 0.999899
25 18 0.9998
25 19 0.999623
25 20 0.999243
25 21 0.998469
25 22 0.996816
25 23 0.99326
25 24 0.985494
25 25 0.968455
25 26 0.931442
25 27 0.854458
25 28 0.711381
25 29 0.501597
25 30 0.290085
25 31 0.143683
25 32 0.0649591
25 33 0.0279964
25 34 0.0117676
25 35 0.00487638
25 36 0.00200226
25 37 0.000816575
25 38 0.000331167
25 39 0.000133641
25 40 5.36778e-05
25 41 2.14608e-05
25 42 8.53976e-06
25 43 3.38148e-06
25 44 1.33202e-06
25 45 5.21839e-07
25 46 2.03279e-07
25 47 7.87332e-08
25 48 3.03404e-08
25 49 1.16896e-08
25 50 4.65252e-09
25 51 2.30233e-09

26 1 0.999998
26 2 0.999998
26 3 0.999998
26 4 0.999998
26 5 0.999998
26 6 0.999997
26 7 0.999997
26 8 0.999996
26 9 0.999994
26 10 0.999992
26 11 0.999987
26 12 0.999981
26 13 0.999968
26 14 0.999951
26 15 0.999912
26 16 0.999853
26 17 0.999729
26 18 0.999505
26 19 0.999053
26 20 0.998159
26 21 0.996324
26 22 0.992512
26 23 0.984471
26 24 0.967401
26 25 0.931442
26 26 0.858531
26 27 0.724782
26 28 0.526158
26 29 0.316679
26 30 0.163086
26 31 0.0761945
26 32 0.0337464
26 33 0.0145198
26 34 0.00614331
26 35 0.00257092
26 36 0.00106727
26 37 0.000440149
26 38 0.000180479
26 39 7.36121e-05
26 40 2.98715e-05
26 41 1.20603e-05
26 42 4.84405e-06
26 43 1.93516e-06
26 44 7.68739e-07
26 45 3.03598e-07
26 46 1.19183e-07
26 47 4.65095e-08
26 48 1.80556e-08
26 49 7.00848e-09
26 50 2.8118e-09
26 51 1.4026e-09

27 1 0.999995
27 2 0.999995
27 3 0.999995
27 4 0.999994
27 5 0.999993
27 6 0.999992
27 7 0.99999
27 8 0.999987
27 9 0.999982
27 10 0.999975
27 11 0.999964
27 12 0.999944
27 13 0.999915
27 14 0.999861
27 15 0.999771
27 16 0.999603
27 17 0.999301
27 18 0.998726
27 19 0.997623
27 20 0.995446
27 21 0.991086
27 22 0.982215
27 23 0.964039
27 24 0.927051
27 25 0.854458
27 26 0.724782
27 27 0.534337
27 28 0.330533
27 29 0.175809
27 30 0.0847218
27 31 0.0385779
27 32 0.0170141
27 33 0.0073617
27 34 0.00314508
27 35 0.00133102
27 36 0.000558991
27 37 0.000233201
27 38 9.66998e-05
27 39 3.98698e-05
27 40 1.63474e-05
27 41 6.66565e-06
27 42 2.70254e-06
27 43 1.08933e-06
27 44 4.36431e-07
27 45 1.7377e-07
27 46 6.8755e-08
27 47 2.70369e-08
27 48 1.05757e-08
27 49 4.13658e-09
27 50 1.67328e-09
27 51 8.41536e-10

28 1 0.999986
28 2 0.999985
28 3 0.999984
28 4 0.999982
28 5 0.99998
28 6 0.999976
28 7 0.99997
28 8 0.999961
28 9 0.999948
28 10 0.999928
28 11 0.999895
28 12 0.999845
28 13 0.999761
28 14 0.99962
28 15 0.999375
28 16 0.998945
28 17 0.998161
28 18 0.99671
28 19 0.993958
28 20 0.988647
28 21 0.978239
28 22 0.957705
28 23 0.917501
28 24 0.841657
28 25 0.711381
28 26 0.526158
28 27 0.330533
28 28 0.180238
28 29 0.0893267
28 30 0.0418078
28 31 0.0189186
28 32 0.0083832
28 33 0.00366186
28 34 0.0015823
28 35 0.000677684
28 36 0.000288027
28 37 0.000121573
28 38 5.09857e-05
28 39 2.12516e-05
28 40 8.80472e-06
28 41 3.62586e-06
28 42 1.48399e-06
28 43 6.03544e-07
28 44 2.43884e-07
28 45 9.79072e-08
28 46 3.90486e-08
28 47 1.54754e-08
28 48 6.10019e-09
28 49 2.40478e-09
28 50 9.80973e-10
28 51 4.97491e-10

29 1 0.999957
29 2 0.999955
29 3 0.999952
29 4 0.999947
29 5 0.999939
29 6 0.999927
29 7 0.99991
29 8 0.999885
29 9 0.999847
29 10 0.999789
29 11 0.999701
29 12 0.999559
29 13 0.99933
29 14 0.998948
29 15 0.998298
29 16 0.997161
29 17 0.995134
29 18 0.991434
29 19 0.984562
29 20 0.971614
29 21 0.94708
29 22 0.901079
29 23 0.818324
29 24 0.683448
29 25 0.501597
29 26 0.316679
29 27 0.175809
29 28 0.0893267
29 29 0.0429442
29 30 0.0199518
29 31 0.00906551
29 32 0.00405462
29 33 0.00179149
29 34 0.000783601
29 35 0.000339759
29 36 0.000146161
29 37 6.24225e-05
29 38 2.64776e-05
29 39 1.11569e-05
29 40 4.67063e-06
29 41 1.9425e-06
29 42 8.0253e-07
29 43 3.2933e-07
29 44 1.34225e-07
29 45 5.43331e-08
29 46 2.18453e-08
29 47 8.72637e-09
29 48 3.46694e-09
29 49 1.37768e-09
29 50 5.66836e-10
29 51 2.89914e-10

30 1 0.999869
30 2 0.999864
30 3 0.999854
30 4 0.999839
30 5 0.999815
30 6 0.999781
30 7 0.999731
30 8 0.999658
30 9 0.99955
30 10 0.999387
30 11 0.999137
30 12 0.998744
30 13 0.998113
30 14 0.997075
30 15 0.99533
30 16 0.99233
30 17 0.987063
30 18 0.977657
30 19 0.960647
30 20 0.929808
30 21 0.874772
30 22 0.781304
30 23 0.638993
30 24 0.46087
30 25 0.290085
30 26 0.163086
30 27 0.0847218
30 28 0.0418078
30 29 0.0199518
30 30 0.00930551
30 31 0.00426712
30 32 0.00193056
30 33 0.000863598
30 34 0.000382509
30 35 0.000167922
30 36 7.3119e-05
30 37 3.15962e-05
30 38 1.35541e-05
30 39 5.77332e-06
30 40 2.44189e-06
30 41 1.02558e-06
30 42 4.27686e-07
30 43 1.77082e-07
30 44 7.27966e-08
30 45 2.9714e-08
30 46 1.20446e-08
30 47 4.85016e-09
30 48 1.94239e-09
30 49 7.78156e-10
30 50 3.22977e-10
30 51 1.66616e-10

31 1 0.999599
31 2 0.999586
31 3 0.999558
31 4 0.999512
31 5 0.999442
31 6 0.999342
31 7 0.999196
31 8 0.998985
31 9 0.998675
31 10 0.998211
31 11 0.997505
31 12 0.996408
31 13 0.994667
31 14 0.991842
31 15 0.987163
31 16 0.979263
31 17 0.965719
31 18 0.942283
31 19 0.901852
31 20 0.833771
31 21 0.726143
31 22 0.576014
31 23 0.405268
31 24 0.253132
31 25 0.143683
31 26 0.0761945
31 27 0.0385779
31 28 0.0189186
31 29 0.00906551
31 30 0.00426712
31 31 0.00197936
31 32 0.000906719
31 33 0.000410788
31 34 0.00018426
31 35 8.18983e-05
31 36 3.60929e-05
31 37 1.57786e-05
31 38 6.84459e-06
31 39 2.94665e-06
31 40 1.25905e-06
31 41 5.33936e-07
31 42 2.24732e-07
31 43 9.38806e-08
31 44 3.89266e-08
31 45 1.60227e-08
31 46 6.54847e-09
31 47 2.65847e-09
31 48 1.07332e-09
31 49 4.33552e-10
31 50 1.8155e-10
31 51 9.44731e-11

32 1 0.99878
32 2 0.99874
32 3 0.998656
32 4 0.99852
32 5 0.998317
32 6 0.998021
32 7 0.997597
32 8 0.996986
32 9 0.996094
32 10 0.994774
32 11 0.992783
32 12 0.989725
32 13 0.984937
32 14 0.977298
32 15 0.964906
32 16 0.94457
32 17 0.911089
32 18 0.856588
32 19 0.771216
32 20 0.648005
32 21 0.494365
32 22 0.338223
32 23 0.209519
32 24 0.120036
32 25 0.0649591
32 26 0.0337464
32 27 0.0170141
32 28 0.0083832
32 29 0.00405462
32 30 0.00193056
32 31 0.000906719
32 32 0.000420687
32 33 0.000193035
32 34 8.76792e-05
32 35 3.94507e-05
32 36 1.75935e-05
32 37 7.77964e-06
32 38 3.41187e-06
32 39 1.48428e-06
32 40 6.40568e-07
32 41 2.74257e-07
32 42 1.16496e-07
32 43 4.90977e-08
32 44 2.05336e-08
32 45 8.52334e-09
32 46 3.51249e-09
32 47 1.43772e-09
32 48 5.85234e-10
32 49 2.38379e-10
32 50 1.0072e-10
32 51 5.28716e-11

33 1 0.996287
33 2 0.996169
33 3 0.995922
33 4 0.995521
33 5 0.994923
33 6 0.994059
33 7 0.992825
33 8 0.991059
33 9 0.988507
33 10 0.984768
33 11 0.979202
33 12 0.97078
33 13 0.957854
33 14 0.937786
33 15 0.906451
33 16 0.857804
33 17 0.78425
33 18 0.6793
33 19 0.544828
33 20 0.398425
33 21 0.265808
33 22 0.163887
33 23 0.0949632
33 24 0.0524934
33 25 0.0279964
33 26 0.0145198
33 27 0.0073617
33 28 0.00366186
33 29 0.00179149
33 30 0.000863598
33 31 0.000410788
33 32 0.000193035
33 33 8.9698e-05
33 34 4.12482e-05
33 35 1.87836e-05
33 36 8.47455e-06
33 37 3.78942e-06
33 38 1.67978e-06
33 39 7.38275e-07
33 40 3.2175e-07
33 41 1.39056e-07
33 42 5.96042e-08
33 43 2.53423e-08
33 44 1.06901e-08
33 45 4.47505e-09
33 46 1.85965e-09
33 47 7.67518e-10
33 48 3.15019e-10
33 49 1.294e-10
33 50 5.51714e-11
33 51 2.92166e-11

34 1 0.988733
34 2 0.988387
34 3 0.987664
34 4 0.986491
34 5 0.984749
34 6 0.982249
34 7 0.978702
34 8 0.973669
34 9 0.966482
34 10 0.956124
34 11 0.941032
34 12 0.918828
34 13 0.886029
34 14 0.83789
34 15 0.768748
34 16 0.6739
34 17 0.554603
34 18 0.423003
34 19 0.29825
34 20 0.19572
34 21 0.120894
34 22 0.0711101
34 23 0.0402226
34 24 0.022043
34 25 0.0117676
34 26 0.00614331
34 27 0.00314508
34 28 0.0015823
34 29 0.000783601
34 30 0.000382509
34 31 0.00018426
34 32 8.76792e-05
34 33 4.12482e-05
34 34 1.91983e-05
34 35 8.84546e-06
34 36 4.03613e-06
34 37 1.82447e-06
34 38 8.17218e-07
34 39 3.62776e-07
34 40 1.59625e-07
34 41 6.96281e-08
34 42 3.01138e-08
34 43 1.29162e-08
34 44 5.4955e-09
34 45 2.32011e-09
34 46 9.72282e-10
34 47 4.04645e-10
34 48 1.67471e-10
34 49 6.93783e-11
34 50 2.9851e-11
34 51 1.59474e-11

35 1 0.966159
35 2 0.965165
35 3 0.963089
35 4 0.959742
35 5 0.954808
35 6 0.947797
35 7 0.937977
35 8 0.924271
35 9 0.905133
35 10 0.878406
35 11 0.841186
35 12 0.789808
35 13 0.720377
35 14 0.630704
35 15 0.52365
35 16 0.408836
35 17 0.299466
35 18 0.206466
35 19 0.134867
35 20 0.0841048
35 21 0.050431
35 22 0.0292508
35 23 0.0164891
35 24 0.00906667
35 25 0.00487638
35 26 0.00257092
35 27 0.00133102
35 28 0.000677684
35 29 0.000339759
35 30 0.000167922
35 31 8.18983e-05
35 32 3.94507e-05
35 33 1.87836e-05
35 34 8.84546e-06
35 35 4.12196e-06
35 36 1.90152e-06
35 37 8.68646e-07
35 38 3.93037e-07
35 39 1.7618e-07
35 40 7.8252e-08
35 41 3.44457e-08
35 42 1.50306e-08
35 43 6.50331e-09
35 44 2.79089e-09
35 45 1.18834e-09
35 46 5.0222e-10
35 47 2.10775e-10
35 48 8.79667e-11
35 49 3.67542e-11
35 50 1.59593e-11
35 51 8.60125e-12

36 1 0.901643
36 2 0.89896
36 3 0.893391
36 4 0.884508
36 5 0.871623
36 6 0.853728
36 7 0.829428
36 8 0.796876
36 9 0.753828
36 10 0.698
36 11 0.627989
36 12 0.544675
36 13 0.452273
36 14 0.357897
36 15 0.269485
36 16 0.193311
36 17 0.132526
36 18 0.0871897
36 19 0.0552885
36 20 0.0339282
36 21 0.020219
36 22 0.0117354
36 23 0.0066499
36 24 0.0036862
36 25 0.00200226
36 26 0.00106727
36 27 0.000558991
36 28 0.000288027
36 29 0.000146161
36 30 7.3119e-05
36 31 3.60929e-05
36 32 1.75935e-05
36 33 8.47455e-06
36 34 4.03613e-06
36 35 1.90152e-06
36 36 8.8651e-07
36 37 4.09116e-07
36 38 1.86938e-07
36 39 8.45944e-08
36 40 3.7921e-08
36 41 1.68431e-08
36 42 7.41475e-09
36 43 3.2362e-09
36 44 1.40082e-09
36 45 6.01578e-10
36 46 2.56403e-10
36 47 1.08518e-10
36 48 4.56716e-11
36 49 1.92464e-11
36 50 8.43409e-12
36 51 4.58557e-12

37 1 0.740072
37 2 0.734172
37 3 0.722088
37 4 0.703266
37 5 0.676947
37 6 0.642298
37 7 0.598658
37 8 0.545911
37 9 0.48491
37 10 0.417772
37 11 0.347834
37 12 0.279143
37 13 0.215641
37 14 0.160348
37 15 0.114883
37 16 0.0794435
37 17 0.0531368
37 18 0.0344541
37 19 0.0217041
37 20 0.0133097
37 21 0.00795984
37 22 0.00464999
37 23 0.0026573
37 24 0.00148745
37 25 0.000816575
37 26 0.000440149
37 27 0.000233201
37 28 0.000121573
37 29 6.24225e-05
37 30 3.15962e-05
37 31 1.57786e-05
37 32 7.77964e-06
37 33 3.78942e-06
37 34 1.82447e-06
37 35 8.68646e-07
37 36 4.09116e-07
37 37 1.9067e-07
37 38 8.79581e-08
37 39 4.01742e-08
37 40 1.81727e-08
37 41 8.14384e-09
37 42 3.61672e-09
37 43 1.59231e-09
37 44 6.95213e-10
37 45 3.01121e-10
37 46 1.29437e-10
37 47 5.5245e-11
37 48 2.34469e-11
37 49 9.96565e-12
37 50 4.40738e-12
37 51 2.4173e-12

38 1 0.458067
38 2 0.450802
38 3 0.436365
38 4 0.414984
38 5 0.387112
38 6 0.353517
38 7 0.315361
38 8 0.274203
38 9 0.231913
38 10 0.190478
38 11 0.151749
38 12 0.117193
38 13 0.0877284
38 14 0.0636822
38 15 0.0448605
38 16 0.0306982
38 17 0.0204295
38 18 0.0132378
38 19 0.00836192
38 20 0.00515501
38 21 0.00310512
38 22 0.00182947
38 23 0.00105545
38 24 0.000596845
38 25 0.000331167
38 26 0.000180479
38 27 9.66998e-05
38 28 5.09857e-05
38 29 2.64776e-05
38 30 1.35541e-05
38 31 6.84459e-06
38 32 3.41187e-06
38 33 1.67978e-06
38 34 8.17218e-07
38 35 3.93037e-07
38 36 1.86938e-07
38 37 8.79581e-08
38 38 4.0955e-08
38 39 1.88768e-08
38 40 8.61564e-09
38 41 3.89522e-09
38 42 1.74508e-09
38 43 7.74989e-10
38 44 3.41293e-10
38 45 1.49096e-10
38 46 6.46346e-11
38 47 2.78199e-11
38 48 1.19067e-11
38 49 5.1042e-12
38 50 2.27817e-12
38 51 1.26041e-12

39 1 0.210576
39 2 0.206167
39 3 0.197564
39 4 0.185188
39 5 0.169662
39 6 0.151778
39 7 0.132449
39 8 0.112639
39 9 0.0932761
39 10 0.0751675
39 11 0.0589254
39 12 0.0449297
39 13 0.0333253
39 14 0.0240526
39 15 0.016901
39 16 0.0115687
39 17 0.00771945
39 18 0.00502511
39 19 0.00319382
39 20 0.00198355
39 21 0.0012048
39 22 0.000716323
39 23 0.000417267
39 24 0.000238355
39 25 0.000133641
39 26 7.36121e-05
39 27 3.98698e-05
39 28 2.12516e-05
39 29 1.11569e-05
39 30 5.77332e-06
39 31 2.94665e-06
39 32 1.48428e-06
39 33 7.38275e-07
39 34 3.62776e-07
39 35 1.7618e-07
39 36 8.45944e-08
39 37 4.01742e-08
39 38 1.88768e-08
39 39 8.77897e-09
39 40 4.04248e-09
39 41 1.84376e-09
39 42 8.33249e-10
39 43 3.73265e-10
39 44 1.65801e-10
39 45 7.30519e-11
39 46 3.1938e-11
39 47 1.38626e-11
39 48 5.98293e-12
39 49 2.58676e-12
39 50 1.16518e-12
39 51 6.5024e-13

40 1 0.0823808
40 2 0.0804935
40 3 0.0768354
40 4 0.0716307
40 5 0.0651928
40 6 0.0578978
40 7 0.050151
40 8 0.0423511
40 9 0.0348549
40 10 0.0279493
40 11 0.0218341
40 12 0.0166175
40 13 0.0123234
40 14 0.00890713
40 15 0.00627702
40 16 0.00431492
40 17 0.00289485
40 18 0.00189659
40 19 0.0012142
40 20 0.000760131
40 21 0.000465676
40 22 0.000279394
40 23 0.000164301
40 24 9.47786e-05
40 25 5.36778e-05
40 26 2.98715e-05
40 27 1.63474e-05
40 28 8.80472e-06
40 29 4.67063e-06
40 30 2.44189e-06
40 31 1.25905e-06
40 32 6.40568e-07
40 33 3.2175e-07
40 34 1.59625e-07
40 35 7.8252e-08
40 36 3.7921e-08
40 37 1.81727e-08
40 38 8.61564e-09
40 39 4.04248e-09
40 40 1.87789e-09
40 41 8.64017e-10
40 42 3.93882e-10
40 43 1.77976e-10
40 44 7.97363e-11
40 45 3.54321e-11
40 46 1.5622e-11
40 47 6.83759e-12
40 48 2.97572e-12
40 49 1.29757e-12
40 50 5.89838e-13
40 51 3.32005e-13

41 1 0.0301791
41 2 0.0294722
41 3 0.0281051
41 4 0.0261665
41 5 0.0237789
41 6 0.0210867
41 7 0.0182423
41 8 0.0153922
41 9 0.0126647
41 10 0.0101605
41 11 0.00794794
41 12 0.00606238
41 13 0.00450973
41 14 0.00327253
41 15 0.0023173
41 16 0.00160184
41 17 0.00108143
41 18 0.000713417
41 19 0.000460163
41 20 0.000290388
41 21 0.000179407
41 22 0.000108594
41 23 6.44474e-05
41 24 3.75295e-05
41 25 2.14608e-05
41 26 1.20603e-05
41 27 6.66565e-06
41 28 3.62586e-06
41 29 1.9425e-06
41 30 1.02558e-06
41 31 5.33936e-07
41 32 2.74257e-07
41 33 1.39056e-07
41 34 6.96281e-08
41 35 3.44457e-08
41 36 1.68431e-08
41 37 8.14384e-09
41 38 3.89522e-09
41 39 1.84376e-09
41 40 8.64017e-10
41 41 4.01007e-10
41 42 1.84398e-10
41 43 8.40402e-11
41 44 3.79746e-11
41 45 1.70182e-11
41 46 7.5665e-12
41 47 3.33943e-12
41 48 1.46542e-12
41 49 6.44441e-13
41 50 2.95622e-13
41 51 1.67822e-13

42 1 0.0107905
42 2 0.0105382
42 3 0.0100505
42 4 0.00935931
42 5 0.00850875
42 6 0.00755037
42 7 0.00653837
42 8 0.0055246
42 9 0.00455422
42 10 0.00366256
42 11 0.00287357
42 12 0.00219971
42 13 0.00164319
42 14 0.0011981
42 15 0.000852927
42 16 0.000593075
42 17 0.000402972
42 18 0.000267683
42 19 0.000173935
42 20 0.00011062
42 21 6.89026e-05
42 22 4.20619e-05
42 23 2.51826e-05
42 24 1.47972e-05
42 25 8.53976e-06
42 26 4.84405e-06
42 27 2.70254e-06
42 28 1.48399e-06
42 29 8.0253e-07
42 30 4.27686e-07
42 31 2.24732e-07
42 32 1.16496e-07
42 33 5.96042e-08
42 34 3.01138e-08
42 35 1.50306e-08
42 36 7.41475e-09
42 37 3.61672e-09
42 38 1.74508e-09
42 39 8.33249e-10
42 40 3.93882e-10
42 41 1.84398e-10
42 42 8.55264e-11
42 43 3.93142e-11
42 44 1.79161e-11
42 45 8.09688e-12
42 46 3.63011e-12
42 47 1.61541e-12
42 48 7.14752e-13
42 49 3.16986e-13
42 50 1.46734e-13
42 51 8.40065e-14

43 1 0.00382449
43 2 0.00373597
43 3 0.00356482
43 4 0.00332221
43 5 0.00302351
43 6 0.0026867
43 7 0.00233069
43 8 0.00197356
43 9 0.00163112
43 10 0.00131574
43 11 0.00103592
43 12 0.000796153
43 13 0.000597382
43 14 0.000437721
43 15 0.000313302
43 16 0.000219132
43 17 0.000149832
43 18 0.000100201
43 19 6.55732e-05
43 20 4.20167e-05
43 21 2.63766e-05
43 22 1.62329e-05
43 23 9.80031e-06
43 24 5.80825e-06
43 25 3.38148e-06
43 26 1.93516e-06
43 27 1.08933e-06
43 28 6.03544e-07
43 29 3.2933e-07
43 30 1.77082e-07
43 31 9.38806e-08
43 32 4.90977e-08
43 33 2.53423e-08
43 34 1.29162e-08
43 35 6.50331e-09
43 36 3.2362e-09
43 37 1.59231e-09
43 38 7.74989e-10
43 39 3.73265e-10
43 40 1.77976e-10
43 41 8.40402e-11
43 42 3.93142e-11
43 43 1.82259e-11
43 44 8.37617e-12
43 45 3.81722e-12
43 46 1.72561e-12
43 47 7.74225e-13
43 48 3.45378e-13
43 49 1.54463e-13
43 50 7.21489e-14
43 51 4.16533e-14

44 1 0.00135101
44 2 0.00132015
44 3 0.00126044
44 4 0.00117576
44 5 0.00107141
44 6 0.000953595
44 7 0.000828878
44 8 0.000703533
44 9 0.000583065
44 10 0.000471824
44 11 0.000372815
44 12 0.000287676
44 13 0.000216812
44 14 0.000159639
44 15 0.000114867
44 16 8.07985e-05
44 17 5.55832e-05
44 18 3.74121e-05
44 19 2.46507e-05
44 20 1.59085e-05
44 21 1.00615e-05
44 22 6.24013e-06
44 23 3.79747e-06
44 24 2.26903e-06
44 25 1.33202e-06
44 26 7.68739e-07
44 27 4.36431e-07
44 28 2.43884e-07
44 29 1.34225e-07
44 30 7.27966e-08
44 31 3.89266e-08
44 32 2.05336e-08
44 33 1.06901e-08
44 34 5.4955e-09
44 35 2.79089e-09
44 36 1.40082e-09
44 37 6.95213e-10
44 38 3.41293e-10
44 39 1.65801e-10
44 40 7.97363e-11
44 41 3.79746e-11
44 42 1.79161e-11
44 43 8.37617e-12
44 44 3.88178e-12
44 45 1.78374e-12
44 46 8.12993e-13
44 47 3.67743e-13
44 48 1.65388e-13
44 49 7.45854e-14
44 50 3.51523e-14
44 51 2.04632e-14

45 1 0.000476457
45 2 0.000465721
45 3 0.000444945
45 4 0.000415457
45 5 0.000379079
45 6 0.000337956
45 7 0.000294348
45 8 0.000250431
45 9 0.000208121
45 10 0.000168943
45 11 0.000133962
45 12 0.000103775
45 13 7.85492e-05
45 14 5.81077e-05
45 15 4.20237e-05
45 16 2.97216e-05
45 17 2.05655e-05
45 18 1.3928e-05
45 19 9.23694e-06
45 20 6.00185e-06
45 21 3.82296e-06
45 22 2.38849e-06
45 23 1.46457e-06
45 24 8.81917e-07
45 25 5.21839e-07
45 26 3.03598e-07
45 27 1.7377e-07
45 28 9.79072e-08
45 29 5.43331e-08
45 30 2.9714e-08
45 31 1.60227e-08
45 32 8.52334e-09
45 33 4.47505e-09
45 34 2.32011e-09
45 35 1.18834e-09
45 36 6.01578e-10
45 37 3.01121e-10
45 38 1.49096e-10
45 39 7.30519e-11
45 40 3.54321e-11
45 41 1.70182e-11
45 42 8.09688e-12
45 43 3.81722e-12
45 44 1.78374e-12
45 45 8.26405e-13
45 46 3.79734e-13
45 47 1.73157e-13
45 48 7.8506e-14
45 49 3.56986e-14
45 50 1.69754e-14
45 51 9.96318e-15

46 1 0.000167795
46 2 0.000164066
46 3 0.000156847
46 4 0.000146594
46 5 0.000133931
46 6 0.000119597
46 7 0.00010437
46 8 8.90047e-05
46 9 7.41658e-05
46 10 6.03875e-05
46 11 4.80471e-05
46 12 3.73604e-05
46 13 2.8396e-05
46 14 2.1101e-05
46 15 1.53346e-05
46 16 1.09022e-05
46 17 7.58566e-06
46 18 5.1677e-06
46 19 3.44848e-06
46 20 2.2553e-06
46 21 1.44629e-06
46 22 9.09954e-07
46 23 5.62013e-07
46 24 3.40946e-07
46 25 2.03279e-07
46 26 1.19183e-07
46 27 6.8755e-08
46 28 3.90486e-08
46 29 2.18453e-08
46 30 1.20446e-08
46 31 6.54847e-09
46 32 3.51249e-09
46 33 1.85965e-09
46 34 9.72282e-10
46 35 5.0222e-10
46 36 2.56403e-10
46 37 1.29437e-10
46 38 6.46346e-11
46 39 3.1938e-11
46 40 1.5622e-11
46 41 7.5665e-12
46 42 3.63011e-12
46 43 1.72561e-12
46 44 8.12993e-13
46 45 3.79734e-13
46 46 1.75899e-13
46 47 8.08535e-14
46 48 3.69519e-14
46 49 1.69418e-14
46 50 8.12767e-15
46 51 4.80906e-15

47 1 5.89933e-05
47 2 5.77003e-05
47 3 5.51959e-05
47 4 5.1636e-05
47 5 4.7235e-05
47 6 4.22462e-05
47 7 3.6938e-05
47 8 3.15706e-05
47 9 2.6375e-05
47 10 2.1538e-05
47 11 1.71926e-05
47 12 1.3417e-05
47 13 1.02381e-05
47 14 7.64072e-06
47 15 5.57855e-06
47 16 3.98588e-06
47 17 2.7881e-06
47 18 1.91009e-06
47 19 1.2822e-06
47 20 8.43776e-07
47 21 5.44615e-07
47 22 3.44964e-07
47 23 2.14545e-07
47 24 1.31089e-07
47 25 7.87332e-08
47 26 4.65095e-08
47 27 2.70369e-08
47 28 1.54754e-08
47 29 8.72637e-09
47 30 4.85016e-09
47 31 2.65847e-09
47 32 1.43772e-09
47 33 7.67518e-10
47 34 4.04645e-10
47 35 2.10775e-10
47 36 1.08518e-10
47 37 5.5245e-11
47 38 2.78199e-11
47 39 1.38626e-11
47 40 6.83759e-12
47 41 3.33943e-12
47 42 1.61541e-12
47 43 7.74225e-13
47 44 3.67743e-13
47 45 1.73157e-13
47 46 8.08535e-14
47 47 3.74613e-14
47 48 1.72574e-14
47 49 7.97721e-15
47 50 3.86076e-15
47 51 2.30271e-15

48 1 2.07026e-05
48 2 2.02549e-05
48 3 1.93875e-05
48 4 1.81535e-05
48 5 1.66264e-05
48 6 1.48931e-05
48 7 1.30458e-05
48 8 1.11742e-05
48 9 9.35847e-06
48 10 7.66366e-06
48 11 6.13673e-06
48 12 4.8057e-06
48 13 3.68105e-06
48 14 2.75855e-06
48 15 2.02304e-06
48 16 1.4524e-06
48 17 1.02114e-06
48 18 7.03368e-07
48 19 4.7486e-07
48 20 3.1437e-07
48 21 2.04186e-07
48 22 1.3018e-07
48 23 8.15127e-08
48 24 5.0154e-08
48 25 3.03404e-08
48 26 1.80556e-08
48 27 1.05757e-08
48 28 6.10019e-09
48 29 3.46694e-09
48 30 1.94239e-09
48 31 1.07332e-09
48 32 5.85234e-10
48 33 3.15019e-10
48 34 1.67471e-10
48 35 8.79667e-11
48 36 4.56716e-11
48 37 2.34469e-11
48 38 1.19067e-11
48 39 5.98293e-12
48 40 2.97572e-12
48 41 1.46542e-12
48 42 7.14752e-13
48 43 3.45378e-13
48 44 1.65388e-13
48 45 7.8506e-14
48 46 3.69519e-14
48 47 1.72574e-14
48 48 8.01365e-15
48 49 3.73479e-15
48 50 1.82349e-15
48 51 1.09627e-15

49 1 7.2712e-06
49 2 7.11607e-06
49 3 6.81535e-06
49 4 6.38724e-06
49 5 5.85692e-06
49 6 5.25416e-06
49 7 4.61074e-06
49 8 3.95762e-06
49 9 3.32258e-06
49 10 2.72834e-06
49 11 2.19145e-06
49 12 1.72197e-06
49 13 1.3239e-06
49 14 9.96148e-07
49 15 7.33752e-07
49 16 5.29266e-07
49 17 3.73986e-07
49 18 2.58982e-07
49 19 1.75835e-07
49 20 1.17102e-07
49 21 7.6534e-08
49 22 4.9113e-08
49 23 3.0961e-08
49 24 1.9184e-08
49 25 1.16896e-08
49 26 7.00848e-09
49 27 4.13658e-09
49 28 2.40478e-09
49 29 1.37768e-09
49 30 7.78156e-10
49 31 4.33552e-10
49 32 2.38379e-10
49 33 1.294e-10
49 34 6.93783e-11
49 35 3.67542e-11
49 36 1.92464e-11
49 37 9.96565e-12
49 38 5.1042e-12
49 39 2.58676e-12
49 40 1.29757e-12
49 41 6.44441e-13
49 42 3.16986e-13
49 43 1.54463e-13
49 44 7.45854e-14
49 45 3.56986e-14
49 46 1.69418e-14
49 47 7.97721e-15
49 48 3.73479e-15
49 49 1.75534e-15
49 50 8.64779e-16
49 51 5.24118e-16

50 1 2.62509e-06
50 2 2.56987e-06
50 3 2.46278e-06
50 4 2.31021e-06
50 5 2.12101e-06
50 6 1.90568e-06
50 7 1.67544e-06
50 8 1.44126e-06
50 9 1.21305e-06
50 10 9.98938e-07
50 11 8.04926e-07
50 12 6.34721e-07
50 13 4.89889e-07
50 14 3.7017e-07
50 15 2.73914e-07
50 16 1.98554e-07
50 17 1.41044e-07
50 18 9.82221e-08
50 19 6.70863e-08
50 20 4.49597e-08
50 21 2.95791e-08
50 22 1.91132e-08
50 23 1.21363e-08
50 24 7.57639e-09
50 25 4.65252e-09
50 26 2.8118e-09
50 27 1.67328e-09
50 28 9.80973e-10
50 29 5.66836e-10
50 30 3.22977e-10
50 31 1.8155e-10
50 32 1.0072e-10
50 33 5.51714e-11
50 34 2.9851e-11
50 35 1.59593e-11
50 36 8.43409e-12
50 37 4.40738e-12
50 38 2.27817e-12
50 39 1.16518e-12
50 40 5.89838e-13
50 41 2.95622e-13
50 42 1.46734e-13
50 43 7.21489e-14
50 44 3.51523e-14
50 45 1.69754e-14
50 46 8.12767e-15
50 47 3.86076e-15
50 48 1.82349e-15
50 49 8.64779e-16
50 50 4.30126e-16
50 51 2.62907e-16

51 1 1.17699e-06
51 2 1.15259e-06
51 3 1.10525e-06
51 4 1.03775e-06
51 5 9.53961e-07
51 6 8.58462e-07
51 7 7.56174e-07
51 8 6.51931e-07
51 9 5.50106e-07
51 10 4.54323e-07
51 11 3.67271e-07
51 12 2.9065e-07
51 13 2.25213e-07
51 14 1.70907e-07
51 15 1.27055e-07
51 16 9.25609e-08
51 17 6.61037e-08
51 18 4.62974e-08
51 19 3.18129e-08
51 20 2.14565e-08
51 21 1.4211e-08
51 22 9.24712e-09
51 23 5.91447e-09
51 24 3.72019e-09
51 25 2.30233e-09
51 26 1.4026e-09
51 27 8.41536e-10
51 28 4.97491e-10
51 29 2.89914e-10
51 30 1.66616e-10
51 31 9.44731e-11
51 32 5.28716e-11
51 33 2.92166e-11
51 34 1.59474e-11
51 35 8.60125e-12
51 36 4.58557e-12
51 37 2.4173e-12
51 38 1.26041e-12
51 39 6.5024e-13
51 40 3.32005e-13
51 41 1.67822e-13
51 42 8.40065e-14
51 43 4.16533e-14
51 44 2.04632e-14
51 45 9.96318e-15
51 46 4.80906e-15
51 47 2.30271e-15
51 48 1.09627e-15
51 49 5.24118e-16
51 50 2.62907e-16
51 51 1.61896e-16

