#x #y #phase
1 1 1
1 2 1
1 3 1
1 4 1
1 5 1
1 6 1
1 7 1
1 8 1
1 9 1
1 10 1
1 11 1
1 12 1
1 13 1
1 14 1
1 15 1
1 16 1
1 17 1
1 18 1
1 19 1
1 20 1
1 21 1
1 22 1
1 23 1
1 24 1
1 25 1
1 26 1
1 27 0.999999
1 28 0.999998
1 29 0.999994
1 30 0.999983
1 31 0.999947
1 32 0.999838
1 33 0.999505
1 34 0.998492
1 35 0.995412
1 36 0.986098
1 37 0.958402
1 38 0.880361
1 39 0.693255
1 40 0.402501
1 41 0.177499
1 42 0.0682038
1 43 0.0248164
1 44 0.00885164
1 45 0.00313505
1 46 0.00110754
1 47 0.000390859
1 48 0.000137891
1 49 4.8794e-05
1 50 1.78059e-05
1 51 8.0927e-06

2 1 1
2 2 1
2 3 1
2 4 1
2 5 1
2 6 1
2 7 1
2 8 1
2 9 1
2 10 1
2 11 1
2 12 1
2 13 1
2 14 1
2 15 1
2 16 1
2 17 1
2 18 1
2 19 1
2 20 1
2 21 1
2 22 1
2 23 1
2 24 1
2 25 1
2 26 1
2 27 0.999999
2 28 0.999998
2 29 0.999994
2 30 0.999982
2 31 0.999945
2 32 0.999832
2 33 0.999489
2 34 0.998445
2 35 0.995274
2 36 0.985693
2 37 0.957247
2 38 0.877317
2 39 0.686982
2 40 0.395874
2 41 0.173829
2 42 0.0666884
2 43 0.0242559
2 44 0.00865244
2 45 0.00306522
2 46 0.00108318
2 47 0.000382376
2 48 0.000134938
2 49 4.77633e-05
2 50 1.74351e-05
2 51 7.9266e-06

3 1 1
3 2 1
3 3 1
3 4 1
3 5 1
3 6 1
3 7 1
3 8 1
3 9 1
3 10 1
3 11 1
3 12 1
3 13 1
3 14 1
3 15 1
3 16 1
3 17 1
3 18 1
3 19 1
3 20 1
3 21 1
3 22 1
3 23 1
3 24 1
3 25 1
3 26 1
3 27 0.999999
3 28 0.999998
3 29 0.999994
3 30 0.999981
3 31 0.999941
3 32 0.999821
3 33 0.999457
3 34 0.998348
3 35 0.994985
3 36 0.984847
3 37 0.95484
3 38 0.871021
3 39 0.674214
3 40 0.382763
3 41 0.166676
3 42 0.0637503
3 43 0.0231712
3 44 0.00826698
3 45 0.00293007
3 46 0.00103602
3 47 0.000365946
3 48 0.000129217
3 49 4.57652e-05
3 50 1.6716e-05
3 51 7.60434e-06

4 1 1
4 2 1
4 3 1
4 4 1
4 5 1
4 6 1
4 7 1
4 8 1
4 9 1
4 10 1
4 11 1
4 12 1
4 13 1
4 14 1
4 15 1
4 16 1
4 17 1
4 18 1
4 19 1
4 20 1
4 21 1
4 22 1
4 23 1
4 24 1
4 25 1
4 26 1
4 27 0.999999
4 28 0.999998
4 29 0.999993
4 30 0.999979
4 31 0.999935
4 32 0.999803
4 33 0.999403
4 34 0.99819
4 35 0.994518
4 36 0.983483
4 37 0.950976
4 38 0.861038
4 39 0.654539
4 40 0.363486
4 41 0.156404
4 42 0.0595676
4 43 0.021631
4 44 0.00771987
4 45 0.00273818
4 46 0.000969016
4 47 0.000342587
4 48 0.000121078
4 49 4.29207e-05
4 50 1.56915e-05
4 51 7.14486e-06

5 1 1
5 2 1
5 3 1
5 4 1
5 5 1
5 6 1
5 7 1
5 8 1
5 9 1
5 10 1
5 11 1
5 12 1
5 13 1
5 14 1
5 15 0.999999
5 16 1
5 17 0.999999
5 18 1
5 19 1
5 20 1
5 21 1
5 22 1
5 23 1
5 24 1
5 25 1
5 26 1
5 27 0.999999
5 28 0.999997
5 29 0.999992
5 30 0.999975
5 31 0.999926
5 32 0.999776
5 33 0.999324
5 34 0.997955
5 35 0.993827
5 36 0.981469
5 37 0.945317
5 38 0.846675
5 39 0.627438
5 40 0.338585
5 41 0.143542
5 42 0.0543881
5 43 0.01973
5 44 0.00704491
5 45 0.00250132
5 46 0.000886239
5 47 0.000313703
5 48 0.000111003
5 49 3.93963e-05
5 50 1.44208e-05
5 51 6.57436e-06

6 1 1
6 2 1
6 3 1
6 4 1
6 5 1
6 6 1
6 7 1
6 8 1
6 9 1
6 10 1
6 11 1
6 12 0.999999
6 13 1
6 14 0.999999
6 15 1
6 16 0.999999
6 17 1
6 18 0.999999
6 19 1
6 20 0.999999
6 21 1
6 22 0.999999
6 23 1
6 24 1
6 25 1
6 26 1
6 27 0.999999
6 28 0.999997
6 29 0.99999
6 30 0.999971
6 31 0.999913
6 32 0.999737
6 33 0.999209
6 34 0.997618
6 35 0.992838
6 36 0.978604
6 37 0.937342
6 38 0.826933
6 39 0.592434
6 40 0.308873
6 41 0.12875
6 42 0.048508
6 43 0.0175798
6 44 0.00628179
6 45 0.00223333
6 46 0.000792475
6 47 0.000280944
6 48 9.95621e-05
6 49 3.53887e-05
6 50 1.29739e-05
6 51 5.92391e-06

7 1 1
7 2 1
7 3 1
7 4 1
7 5 1
7 6 1
7 7 1
7 8 1
7 9 1
7 10 1
7 11 0.999999
7 12 1
7 13 0.999999
7 14 1
7 15 0.999998
7 16 1
7 17 0.999998
7 18 1
7 19 0.999998
7 20 1
7 21 0.999999
7 22 1
7 23 0.999999
7 24 1
7 25 1
7 26 1
7 27 0.999999
7 28 0.999996
7 29 0.999988
7 30 0.999964
7 31 0.999893
7 32 0.999681
7 33 0.999045
7 34 0.997138
7 35 0.99144
7 36 0.974582
7 37 0.92629
7 38 0.80046
7 39 0.549323
7 40 0.275468
7 41 0.112775
7 42 0.0422456
7 43 0.0152985
7 44 0.00547236
7 45 0.00194878
7 46 0.000692775
7 47 0.000246056
7 48 8.73584e-05
7 49 3.11072e-05
7 50 1.14256e-05
7 51 5.22668e-06

8 1 1
8 2 1
8 3 1
8 4 1
8 5 1
8 6 1
8 7 1
8 8 1
8 9 1
8 10 0.999999
8 11 1
8 12 0.999998
8 13 1
8 14 0.999997
8 15 1
8 16 0.999997
8 17 1
8 18 0.999996
8 19 1
8 20 0.999997
8 21 1
8 22 0.999998
8 23 1
8 24 0.999999
8 25 1
8 26 0.999999
8 27 0.999998
8 28 0.999995
8 29 0.999985
8 30 0.999955
8 31 0.999865
8 32 0.9996
8 33 0.99881
8 34 0.996455
8 35 0.989462
8 36 0.968947
8 37 0.911069
8 38 0.765553
8 39 0.498462
8 40 0.239762
8 41 0.0963959
8 42 0.035914
8 43 0.0130005
8 44 0.00465689
8 45 0.00166172
8 46 0.000592018
8 47 0.000210732
8 48 7.49786e-05
8 49 2.67557e-05
8 50 9.8489e-06
8 51 4.51526e-06

9 1 1
9 2 1
9 3 1
9 4 1
9 5 1
9 6 1
9 7 1
9 8 1
9 9 0.999999
9 10 1
9 11 0.999998
9 12 1
9 13 0.999997
9 14 1
9 15 0.999995
9 16 1.00001
9 17 0.999994
9 18 1.00001
9 19 0.999995
9 20 1
9 21 0.999996
9 22 1
9 23 0.999997
9 24 1
9 25 0.999998
9 26 1
9 27 0.999997
9 28 0.999993
9 29 0.99998
9 30 0.999941
9 31 0.999825
9 32 0.999482
9 33 0.998469
9 34 0.995473
9 35 0.986642
9 36 0.961013
9 37 0.890157
9 38 0.720306
9 39 0.441041
9 40 0.203333
9 41 0.0803519
9 42 0.0297945
9 43 0.0107864
9 44 0.00387087
9 45 0.00138456
9 46 0.000494528
9 47 0.000176477
9 48 6.2947e-05
9 49 2.25173e-05
9 50 8.30963e-06
9 51 3.81913e-06

10 1 1
10 2 1
10 3 1
10 4 1
10 5 1
10 6 1
10 7 1
10 8 0.999999
10 9 1
10 10 0.999998
10 11 1
10 12 0.999996
10 13 1
10 14 0.999994
10 15 1.00001
10 16 0.999992
10 17 1.00001
10 18 0.999992
10 19 1.00001
10 20 0.999993
10 21 1.00001
10 22 0.999995
10 23 1
10 24 0.999997
10 25 1
10 26 0.999998
10 27 0.999997
10 28 0.99999
10 29 0.999972
10 30 0.999919
10 31 0.999764
10 32 0.999308
10 33 0.997969
10 34 0.99404
10 35 0.982572
10 36 0.949752
10 37 0.861482
10 38 0.663074
10 39 0.379201
10 40 0.167795
10 41 0.0652843
10 42 0.0241163
10 43 0.00873704
10 44 0.00314262
10 45 0.00112722
10 46 0.000403786
10 47 0.000144511
10 48 5.16909e-05
10 49 1.8542e-05
10 50 6.86217e-06
10 51 3.16282e-06

11 1 1
11 2 1
11 3 1
11 4 1
11 5 1
11 6 1
11 7 0.999999
11 8 1
11 9 0.999998
11 10 1
11 11 0.999996
11 12 1.00001
11 13 0.999993
11 14 1.00001
11 15 0.99999
11 16 1.00001
11 17 0.999988
11 18 1.00001
11 19 0.999989
11 20 1.00001
11 21 0.999991
11 22 1.00001
11 23 0.999994
11 24 1
11 25 0.999996
11 26 1
11 27 0.999994
11 28 0.999987
11 29 0.99996
11 30 0.999886
11 31 0.999671
11 32 0.999045
11 33 0.997221
11 34 0.991918
11 35 0.976611
11 36 0.933612
11 37 0.822327
11 38 0.593344
11 39 0.315897
11 40 0.13461
11 41 0.051684
11 42 0.0190432
11 43 0.00690888
11 44 0.00249199
11 45 0.000896719
11 46 0.000322277
11 47 0.000115714
11 48 4.15213e-05
11 49 1.49403e-05
11 50 5.54683e-06
11 51 2.56466e-06

12 1 1
12 2 1
12 3 1
12 4 1
12 5 1
12 6 0.999999
12 7 1
12 8 0.999998
12 9 1
12 10 0.999996
12 11 1.00001
12 12 0.999993
12 13 1.00001
12 14 0.999988
12 15 1.00001
12 16 0.999985
12 17 1.00002
12 18 0.999984
12 19 1.00002
12 20 0.999986
12 21 1.00001
12 22 0.99999
12 23 1.00001
12 24 0.999994
12 25 1
12 26 0.999995
12 27 0.999994
12 28 0.999979
12 29 0.999943
12 30 0.999835
12 31 0.999527
12 32 0.99864
12 33 0.996082
12 34 0.988718
12 35 0.967757
12 36 0.910297
12 37 0.769389
12 38 0.512755
12 39 0.254454
12 40 0.104922
12 41 0.0398639
12 42 0.0146698
12 43 0.00533366
12 44 0.00193019
12 45 0.000697088
12 46 0.000251452
12 47 9.06101e-05
12 48 3.26271e-05
12 49 1.17802e-05
12 50 4.38904e-06
12 51 2.03642e-06

13 1 1
13 2 1
13 3 1
13 4 1
13 5 1
13 6 1
13 7 0.999999
13 8 1
13 9 0.999997
13 10 1
13 11 0.999993
13 12 1.00001
13 13 0.999988
13 14 1.00001
13 15 0.999983
13 16 1.00002
13 17 0.99998
13 18 1.00002
13 19 0.999981
13 20 1.00002
13 21 0.999985
13 22 1.00001
13 23 0.99999
13 24 1.00001
13 25 0.999993
13 26 0.999999
13 27 0.999987
13 28 0.99997
13 29 0.999911
13 30 0.999753
13 31 0.999298
13 32 0.998004
13 33 0.994311
13 34 0.983808
13 35 0.954431
13 36 0.876548
13 37 0.699465
13 38 0.425583
13 39 0.197967
13 40 0.0794512
13 41 0.0299574
13 42 0.0110255
13 43 0.00402035
13 44 0.0014605
13 45 0.000529608
13 46 0.000191815
13 47 6.93946e-05
13 48 2.50838e-05
13 49 9.09073e-06
13 50 3.40009e-06
13 51 1.5836e-06

14 1 1
14 2 1
14 3 1
14 4 1
14 5 1
14 6 0.999999
14 7 1
14 8 0.999997
14 9 1
14 10 0.999994
14 11 1.00001
14 12 0.999988
14 13 1.00001
14 14 0.999982
14 15 1.00002
14 16 0.999977
14 17 1.00002
14 18 0.999976
14 19 1.00002
14 20 0.999979
14 21 1.00002
14 22 0.999985
14 23 1.00001
14 24 0.99999
14 25 1
14 26 0.999989
14 27 0.999985
14 28 0.999949
14 29 0.999863
14 30 0.999616
14 31 0.998927
14 32 0.996982
14 33 0.991499
14 34 0.976135
14 35 0.934163
14 36 0.828064
14 37 0.611353
14 38 0.338064
14 39 0.148748
14 40 0.0584637
14 41 0.0219393
14 42 0.00808632
14 43 0.0029594
14 44 0.00107976
14 45 0.000393309
14 46 0.000143085
14 47 5.1989e-05
14 48 1.8871e-05
14 49 6.86708e-06
14 50 2.57921e-06
14 51 1.20626e-06

15 1 1
15 2 1
15 3 1
15 4 1
15 5 0.999999
15 6 1
15 7 0.999998
15 8 1
15 9 0.999995
15 10 1.00001
15 11 0.99999
15 12 1.00001
15 13 0.999983
15 14 1.00002
15 15 0.999976
15 16 1.00003
15 17 0.999972
15 18 1.00003
15 19 0.999973
15 20 1.00002
15 21 0.999979
15 22 1.00002
15 23 0.999986
15 24 1.00001
15 25 0.999989
15 26 0.999994
15 27 0.999967
15 28 0.99992
15 29 0.999777
15 30 0.999389
15 31 0.998309
15 32 0.995305
15 33 0.986947
15 34 0.963958
15 35 0.903163
15 36 0.75984
15 37 0.508494
15 38 0.256709
15 39 0.108017
15 40 0.0418274
15 41 0.0156636
15 42 0.00578893
15 43 0.00212789
15 44 0.00078016
15 45 0.00028558
15 46 0.000104396
15 47 3.81094e-05
15 48 1.38956e-05
15 49 5.07889e-06
15 50 1.91624e-06
15 51 9.00215e-07

16 1 1
16 2 1
16 3 1
16 4 1
16 5 1
16 6 0.999999
16 7 1
16 8 0.999997
16 9 1.00001
16 10 0.999992
16 11 1.00001
16 12 0.999985
16 13 1.00002
16 14 0.999977
16 15 1.00003
16 16 0.999971
16 17 1.00003
16 18 0.999969
16 19 1.00003
16 20 0.999973
16 21 1.00002
16 22 0.999981
16 23 1.00001
16 24 0.999986
16 25 1
16 26 0.999976
16 27 0.999952
16 28 0.999861
16 29 0.999631
16 30 0.998995
16 31 0.99726
16 32 0.992491
16 33 0.979442
16 34 0.944411
16 35 0.856002
16 36 0.667934
16 37 0.399754
16 38 0.186523
16 39 0.0759066
16 40 0.0291173
16 41 0.0109072
16 42 0.00404664
16 43 0.00149498
16 44 0.000551056
16 45 0.000202795
16 46 7.45202e-05
16 47 2.73406e-05
16 48 1.00175e-05
16 49 3.6788e-06
16 50 1.39476e-06
16 51 6.58378e-07

17 1 1
17 2 1
17 3 1
17 4 1
17 5 0.999999
17 6 1
17 7 0.999998
17 8 1
17 9 0.999994
17 10 1.00001
17 11 0.999988
17 12 1.00002
17 13 0.99998
17 14 1.00002
17 15 0.999972
17 16 1.00003
17 17 0.999968
17 18 1.00003
17 19 0.999969
17 20 1.00003
17 21 0.999976
17 22 1.00002
17 23 0.999983
17 24 1.00001
17 25 0.999979
17 26 0.99997
17 27 0.999906
17 28 0.999763
17 29 0.999365
17 30 0.998304
17 31 0.995435
17 32 0.987679
17 33 0.966877
17 34 0.912906
17 35 0.785939
17 36 0.553807
17 37 0.296492
17 38 0.130002
17 39 0.0517047
17 40 0.0197396
17 41 0.00741172
17 42 0.00276325
17 43 0.00102666
17 44 0.00038064
17 45 0.000140887
17 46 5.20607e-05
17 47 1.92034e-05
17 48 7.07257e-06
17 49 2.61046e-06
17 50 9.94865e-07
17 51 4.72016e-07

18 1 1
18 2 1
18 3 1
18 4 1
18 5 1
18 6 0.999999
18 7 1
18 8 0.999996
18 9 1.00001
18 10 0.999992
18 11 1.00001
18 12 0.999984
18 13 1.00002
18 14 0.999976
18 15 1.00003
18 16 0.999969
18 17 1.00003
18 18 0.999968
18 19 1.00003
18 20 0.999973
18 21 1.00002
18 22 0.999979
18 23 1.00001
18 24 0.999979
18 25 0.999982
18 26 0.999931
18 27 0.999838
18 28 0.999571
18 29 0.998884
18 30 0.997056
18 31 0.992199
18 32 0.979299
18 33 0.945624
18 34 0.862548
18 35 0.687048
18 36 0.428224
18 37 0.208008
18 38 0.0872037
18 39 0.0341993
18 40 0.0130447
18 41 0.00491786
18 42 0.00184409
18 43 0.000689443
18 44 0.000257225
18 45 9.57937e-05
18 46 3.56085e-05
18 47 1.321e-05
18 48 4.89201e-06
18 49 1.81532e-06
18 50 6.95653e-07
18 51 3.31845e-07

19 1 1
19 2 1
19 3 1
19 4 1
19 5 1
19 6 1
19 7 0.999998
19 8 1
19 9 0.999995
19 10 1.00001
19 11 0.999989
19 12 1.00002
19 13 0.999981
19 14 1.00002
19 15 0.999973
19 16 1.00003
19 17 0.999969
19 18 1.00003
19 19 0.999971
19 20 1.00002
19 21 0.999977
19 22 1.00001
19 23 0.999978
19 24 0.99999
19 25 0.999944
19 26 0.999882
19 27 0.999689
19 28 0.999217
19 29 0.99798
19 30 0.994762
19 31 0.986347
19 32 0.964513
19 33 0.909679
19 34 0.784563
19 35 0.56018
19 36 0.307966
19 37 0.138777
19 38 0.0564969
19 39 0.0220044
19 40 0.00841117
19 41 0.00318835
19 42 0.00120339
19 43 0.000452965
19 44 0.000170133
19 45 6.37738e-05
19 46 2.38554e-05
19 47 8.90343e-06
19 48 3.31635e-06
19 49 1.2376e-06
19 50 4.77032e-07
19 51 2.2886e-07

20 1 1
20 2 1
20 3 1
20 4 1
20 5 1
20 6 0.999999
20 7 1
20 8 0.999997
20 9 1
20 10 0.999993
20 11 1.00001
20 12 0.999986
20 13 1.00002
20 14 0.999979
20 15 1.00002
20 16 0.999973
20 17 1.00003
20 18 0.999973
20 19 1.00002
20 20 0.999976
20 21 1.00002
20 22 0.999977
20 23 0.999995
20 24 0.999951
20 25 0.999908
20 26 0.999758
20 27 0.999413
20 28 0.998521
20 29 0.996259
20 30 0.990456
20 31 0.975605
20 32 0.938275
20 33 0.84993
20 34 0.671801
20 35 0.419666
20 36 0.207072
20 37 0.0886103
20 38 0.0354714
20 39 0.0137951
20 40 0.00529685
20 41 0.00202107
20 42 0.000768324
20 43 0.000291306
20 44 0.000110194
20 45 4.15905e-05
20 46 1.56607e-05
20 47 5.88214e-06
20 48 2.20436e-06
20 49 8.27526e-07
20 50 3.20926e-07
20 51 1.54893e-07

21 1 1
21 2 1
21 3 1
21 4 1
21 5 1
21 6 1
21 7 0.999999
21 8 1
21 9 0.999996
21 10 1.00001
21 11 0.999991
21 12 1.00001
21 13 0.999985
21 14 1.00002
21 15 0.999979
21 16 1.00002
21 17 0.999976
21 18 1.00002
21 19 0.999977
21 20 1.00002
21 21 0.999977
21 22 0.999997
21 23 0.999954
21 24 0.999923
21 25 0.999798
21 26 0.999528
21 27 0.998842
21 28 0.997151
21 29 0.992908
21 30 0.98225
21 31 0.955714
21 32 0.892127
21 33 0.755369
21 34 0.527861
21 35 0.288433
21 36 0.131403
21 37 0.0544791
21 38 0.0216465
21 39 0.0084397
21 40 0.00326082
21 41 0.00125353
21 42 0.000480245
21 43 0.000183486
21 44 6.99284e-05
21 45 2.65839e-05
21 46 1.00795e-05
21 47 3.81104e-06
21 48 1.43732e-06
21 49 5.42936e-07
21 50 2.1191e-07
21 51 1.0292e-07

22 1 1
22 2 1
22 3 1
22 4 1
22 5 1
22 6 0.999999
22 7 1
22 8 0.999998
22 9 1
22 10 0.999995
22 11 1.00001
22 12 0.99999
22 13 1.00001
22 14 0.999985
22 15 1.00002
22 16 0.999981
22 17 1.00002
22 18 0.999979
22 19 1.00001
22 20 0.999977
22 21 0.999997
22 22 0.999955
22 23 0.99993
22 24 0.999818
22 25 0.999593
22 26 0.999029
22 27 0.997682
22 28 0.994384
22 29 0.986285
22 30 0.966443
22 31 0.919005
22 32 0.813757
22 33 0.620025
22 34 0.374924
22 35 0.18368
22 36 0.0794938
22 37 0.032422
22 38 0.0128722
22 39 0.00504557
22 40 0.00196419
22 41 0.000761277
22 42 0.000294067
22 43 0.000113263
22 44 4.35039e-05
22 45 1.66631e-05
22 46 6.36363e-06
22 47 2.42272e-06
22 48 9.19787e-07
22 49 3.49693e-07
22 50 1.374e-07
22 51 6.71693e-08

23 1 1
23 2 1
23 3 1
23 4 1
23 5 1
23 6 1
23 7 0.999999
23 8 1
23 9 0.999997
23 10 1
23 11 0.999994
23 12 1.00001
23 13 0.99999
23 14 1.00001
23 15 0.999986
23 16 1.00001
23 17 0.999983
23 18 1.00001
23 19 0.999978
23 20 0.999995
23 21 0.999954
23 22 0.99993
23 23 0.999824
23 24 0.999622
23 25 0.999127
23 26 0.997982
23 27 0.995252
23 28 0.988719
23 29 0.973044
23 30 0.936007
23 31 0.853025
23 32 0.691184
23 33 0.45699
23 34 0.241792
23 35 0.109962
23 36 0.0462538
23 37 0.0187568
23 38 0.00747461
23 39 0.00295134
23 40 0.00115872
23 41 0.000453039
23 42 0.00017652
23 43 6.85621e-05
23 44 2.65489e-05
23 45 1.02484e-05
23 46 3.9432e-06
23 47 1.51198e-06
23 48 5.77967e-07
23 49 2.21211e-07
23 50 8.75211e-08
23 51 4.30762e-08

24 1 1
24 2 1
24 3 1
24 4 1
24 5 1
24 6 1
24 7 1
24 8 0.999999
24 9 1
24 10 0.999997
24 11 1
24 12 0.999994
24 13 1.00001
24 14 0.99999
24 15 1.00001
24 16 0.999986
24 17 1.00001
24 18 0.999979
24 19 0.99999
24 20 0.999951
24 21 0.999923
24 22 0.999818
24 23 0.999622
24 24 0.999157
24 25 0.998117
24 26 0.995709
24 27 0.990105
24 28 0.976985
24 29 0.946547
24 30 0.878628
24 31 0.742369
24 32 0.527061
24 33 0.30027
24 34 0.144048
24 35 0.0627418
24 36 0.0260657
24 37 0.0105835
24 38 0.00424587
24 39 0.00169103
24 40 0.000670042
24 41 0.000264395
24 42 0.000103948
24 43 4.07275e-05
24 44 1.59034e-05
24 45 6.18858e-06
24 46 2.3995e-06
24 47 9.26852e-07
24 48 3.56804e-07
24 49 1.37508e-07
24 50 5.47953e-08
24 51 2.71585e-08

25 1 1
25 2 1
25 3 1
25 4 1
25 5 1
25 6 1
25 7 1
25 8 1
25 9 0.999998
25 10 1
25 11 0.999996
25 12 1
25 13 0.999993
25 14 1
25 15 0.999989
25 16 1
25 17 0.999979
25 18 0.999982
25 19 0.999944
25 20 0.999908
25 21 0.999798
25 22 0.999593
25 23 0.999127
25 24 0.998117
25 25 0.995852
25 26 0.990736
25 27 0.979081
25 28 0.952658
25 29 0.894497
25 30 0.776893
25 31 0.581333
25 32 0.35332
25 33 0.178769
25 34 0.0808327
25 35 0.0344923
25 36 0.0143003
25 37 0.0058394
25 38 0.00236288
25 39 0.000950108
25 40 0.000380138
25 41 0.000151441
25 42 6.0095e-05
25 43 2.37575e-05
25 44 9.3571e-06
25 45 3.67134e-06
25 46 1.43476e-06
25 47 5.58392e-07
25 48 2.1652e-07
25 49 8.40382e-08
25 50 3.37359e-08
25 51 1.68416e-08

26 1 1
26 2 1
26 3 1
26 4 1
26 5 1
26 6 1
26 7 1
26 8 0.999999
26 9 1
26 10 0.999998
26 11 1
26 12 0.999995
26 13 0.999999
26 14 0.999989
26 15 0.999994
26 16 0.999976
26 17 0.99997
26 18 0.999931
26 19 0.999882
26 20 0.999758
26 21 0.999528
26 22 0.999029
26 23 0.997982
26 24 0.995709
26 25 0.990736
26 26 0.979738
26 27 0.955465
26 28 0.903126
26 29 0.797999
26 30 0.619108
26 31 0.396243
26 32 0.210556
26 33 0.0988749
26 34 0.0434122
26 35 0.0184134
26 36 0.00766667
26 37 0.00315687
26 38 0.00128999
26 39 0.000523999
26 40 0.000211777
26 41 8.52032e-05
26 42 3.41339e-05
26 43 1.36185e-05
26 44 5.4112e-06
26 45 2.14109e-06
26 46 8.43491e-07
26 47 3.3081e-07
26 48 1.29225e-07
26 49 5.05212e-08
26 50 2.04351e-08
26 51 1.02773e-08

27 1 0.999999
27 2 0.999999
27 3 0.999999
27 4 0.999999
27 5 0.999999
27 6 0.999999
27 7 0.999999
27 8 0.999998
27 9 0.999997
27 10 0.999997
27 11 0.999994
27 12 0.999994
27 13 0.999987
27 14 0.999985
27 15 0.999967
27 16 0.999952
27 17 0.999906
27 18 0.999838
27 19 0.999689
27 20 0.999413
27 21 0.998842
27 22 0.997682
27 23 0.995252
27 24 0.990105
27 25 0.979081
27 26 0.955465
27 27 0.905861
27 28 0.807978
27 29 0.641151
27 30 0.426051
27 31 0.235977
27 32 0.11487
27 33 0.0519306
27 34 0.022568
27 35 0.00959686
27 36 0.00402757
27 37 0.00167498
27 38 0.000691699
27 39 0.000283956
27 40 0.000115958
27 41 4.71243e-05
27 42 1.9063e-05
27 43 7.67698e-06
27 44 3.07779e-06
27 45 1.22827e-06
27 46 4.87849e-07
27 47 1.9283e-07
27 48 7.58932e-08
27 49 2.98914e-08
27 50 1.21847e-08
27 51 6.17449e-09

28 1 0.999998
28 2 0.999998
28 3 0.999998
28 4 0.999998
28 5 0.999997
28 6 0.999997
28 7 0.999996
28 8 0.999995
28 9 0.999993
28 10 0.99999
28 11 0.999987
28 12 0.999979
28 13 0.99997
28 14 0.999949
28 15 0.99992
28 16 0.999861
28 17 0.999763
28 18 0.999571
28 19 0.999217
28 20 0.998521
28 21 0.997151
28 22 0.994384
28 23 0.988719
28 24 0.976985
28 25 0.952658
28 26 0.903126
28 27 0.807978
28 28 0.648376
28 29 0.441235
28 30 0.252338
28 31 0.126851
28 32 0.0590213
28 33 0.0263055
28 34 0.0114411
28 35 0.00490125
28 36 0.00207755
28 37 0.000873429
28 38 0.000364677
28 39 0.000151338
28 40 6.24569e-05
28 41 2.56425e-05
28 42 1.04757e-05
28 43 4.25878e-06
28 44 1.72291e-06
28 45 6.9354e-07
28 46 2.77746e-07
28 47 1.10654e-07
28 48 4.38837e-08
28 49 1.74147e-08
28 50 7.1552e-09
28 51 3.65394e-09

29 1 0.999994
29 2 0.999994
29 3 0.999994
29 4 0.999993
29 5 0.999992
29 6 0.99999
29 7 0.999988
29 8 0.999985
29 9 0.99998
29 10 0.999972
29 11 0.99996
29 12 0.999943
29 13 0.999911
29 14 0.999863
29 15 0.999777
29 16 0.999631
29 17 0.999365
29 18 0.998884
29 19 0.99798
29 20 0.996259
29 21 0.992908
29 22 0.986285
29 23 0.973044
29 24 0.946547
29 25 0.894497
29 26 0.797999
29 27 0.641151
29 28 0.441235
29 29 0.257977
29 30 0.133266
29 31 0.0637298
29 32 0.0291433
29 33 0.0129795
29 34 0.00568373
29 35 0.00245914
29 36 0.00105399
29 37 0.000448166
29 38 0.000189237
29 39 7.94002e-05
29 40 3.312e-05
29 41 1.37388e-05
29 42 5.66866e-06
29 43 2.32657e-06
29 44 9.49835e-07
29 45 3.85685e-07
29 46 1.55746e-07
29 47 6.2545e-08
29 48 2.49961e-08
29 49 9.99546e-09
29 50 4.1401e-09
29 51 2.1309e-09

30 1 0.999983
30 2 0.999982
30 3 0.999981
30 4 0.999979
30 5 0.999975
30 6 0.999971
30 7 0.999964
30 8 0.999955
30 9 0.999941
30 10 0.999919
30 11 0.999886
30 12 0.999835
30 13 0.999753
30 14 0.999616
30 15 0.999389
30 16 0.998995
30 17 0.998304
30 18 0.997056
30 19 0.994762
30 20 0.990456
30 21 0.98225
30 22 0.966443
30 23 0.936007
30 24 0.878628
30 25 0.776893
30 26 0.619108
30 27 0.426051
30 28 0.252338
30 29 0.133266
30 30 0.0653806
30 31 0.0306774
30 32 0.0140034
30 33 0.00627627
30 34 0.00277559
30 35 0.00121445
30 36 0.000526597
30 37 0.000226525
30 38 9.67445e-05
30 39 4.10445e-05
30 40 1.73055e-05
30 41 7.25337e-06
30 42 3.02269e-06
30 43 1.25248e-06
30 44 5.16015e-07
30 45 2.11362e-07
30 46 8.60655e-08
30 47 3.48402e-08
30 48 1.40324e-08
30 49 5.65487e-09
30 50 2.36151e-09
30 51 1.22521e-09

31 1 0.999947
31 2 0.999945
31 3 0.999941
31 4 0.999935
31 5 0.999926
31 6 0.999913
31 7 0.999893
31 8 0.999865
31 9 0.999825
31 10 0.999764
31 11 0.999671
31 12 0.999527
31 13 0.999298
31 14 0.998927
31 15 0.998309
31 16 0.99726
31 17 0.995435
31 18 0.992199
31 19 0.986347
31 20 0.975605
31 21 0.955714
31 22 0.919005
31 23 0.853025
31 24 0.742369
31 25 0.581333
31 26 0.396243
31 27 0.235977
31 28 0.126851
31 29 0.0637298
31 30 0.0306774
31 31 0.014363
31 32 0.00659615
31 33 0.00298542
31 34 0.00133528
31 35 0.000591194
31 36 0.000259406
31 37 0.000112901
31 38 4.87715e-05
31 39 2.09225e-05
31 40 8.91668e-06
31 41 3.77615e-06
31 42 1.58934e-06
31 43 6.64848e-07
31 44 2.76413e-07
31 45 1.14208e-07
31 46 4.68938e-08
31 47 1.9136e-08
31 48 7.76777e-09
31 49 3.15489e-09
31 50 1.32851e-09
31 51 6.94869e-10

32 1 0.999838
32 2 0.999832
32 3 0.999821
32 4 0.999803
32 5 0.999776
32 6 0.999737
32 7 0.999681
32 8 0.9996
32 9 0.999482
32 10 0.999308
32 11 0.999045
32 12 0.99864
32 13 0.998004
32 14 0.996982
32 15 0.995305
32 16 0.992491
32 17 0.987679
32 18 0.979299
32 19 0.964513
32 20 0.938275
32 21 0.892127
32 22 0.813757
32 23 0.691184
32 24 0.527061
32 25 0.35332
32 26 0.210556
32 27 0.11487
32 28 0.0590213
32 29 0.0291433
32 30 0.0140034
32 31 0.00659615
32 32 0.00305896
32 33 0.0014003
32 34 0.00063383
32 35 0.000284027
32 36 0.000126121
32 37 5.55363e-05
32 38 2.42657e-05
32 39 1.05254e-05
32 40 4.53381e-06
32 41 1.93987e-06
32 42 8.24552e-07
32 43 3.48194e-07
32 44 1.46075e-07
32 45 6.08791e-08
32 46 2.52054e-08
32 47 1.03685e-08
32 48 4.24202e-09
32 49 1.73656e-09
32 50 7.37452e-10
32 51 3.88893e-10

33 1 0.999505
33 2 0.999489
33 3 0.999457
33 4 0.999403
33 5 0.999324
33 6 0.999209
33 7 0.999045
33 8 0.99881
33 9 0.998469
33 10 0.997969
33 11 0.997221
33 12 0.996082
33 13 0.994311
33 14 0.991499
33 15 0.986947
33 16 0.979442
33 17 0.966877
33 18 0.945624
33 19 0.909679
33 20 0.84993
33 21 0.755369
33 22 0.620025
33 23 0.45699
33 24 0.30027
33 25 0.178769
33 26 0.0988749
33 27 0.0519306
33 28 0.0263055
33 29 0.0129795
33 30 0.00627627
33 31 0.00298542
33 32 0.0014003
33 33 0.000648737
33 34 0.000297229
33 35 0.000134808
33 36 6.05753e-05
33 37 2.69852e-05
33 38 1.19246e-05
33 39 5.2293e-06
33 40 2.27644e-06
33 41 9.83953e-07
33 42 4.22327e-07
33 43 1.80012e-07
33 44 7.61965e-08
33 45 3.20296e-08
33 46 1.33711e-08
33 47 5.54472e-09
33 48 2.28645e-09
33 49 9.43497e-10
33 50 4.04101e-10
33 51 2.14872e-10

34 1 0.998492
34 2 0.998445
34 3 0.998348
34 4 0.99819
34 5 0.997955
34 6 0.997618
34 7 0.997138
34 8 0.996455
34 9 0.995473
34 10 0.99404
34 11 0.991918
34 12 0.988718
34 13 0.983808
34 14 0.976135
34 15 0.963958
34 16 0.944411
34 17 0.912906
34 18 0.862548
34 19 0.784563
34 20 0.671801
34 21 0.527861
34 22 0.374924
34 23 0.241792
34 24 0.144048
34 25 0.0808327
34 26 0.0434122
34 27 0.022568
34 28 0.0114411
34 29 0.00568373
34 30 0.00277559
34 31 0.00133528
34 32 0.00063383
34 33 0.000297229
34 34 0.000137839
34 35 6.32687e-05
34 36 2.87651e-05
34 37 1.2962e-05
34 38 5.79204e-06
34 39 2.56751e-06
34 40 1.12938e-06
34 41 4.93058e-07
34 42 2.13666e-07
34 43 9.19129e-08
34 44 3.92501e-08
34 45 1.66398e-08
34 46 7.00389e-09
34 47 2.92777e-09
34 48 1.21691e-09
34 49 5.06203e-10
34 50 2.18686e-10
34 51 1.17255e-10

35 1 0.995412
35 2 0.995274
35 3 0.994985
35 4 0.994518
35 5 0.993827
35 6 0.992838
35 7 0.99144
35 8 0.989462
35 9 0.986642
35 10 0.982572
35 11 0.976611
35 12 0.967757
35 13 0.954431
35 14 0.934163
35 15 0.903163
35 16 0.856002
35 17 0.785939
35 18 0.687048
35 19 0.56018
35 20 0.419666
35 21 0.288433
35 22 0.18368
35 23 0.109962
35 24 0.0627418
35 25 0.0344923
35 26 0.0184134
35 27 0.00959686
35 28 0.00490125
35 29 0.00245914
35 30 0.00121445
35 31 0.000591194
35 32 0.000284027
35 33 0.000134808
35 34 6.32687e-05
35 35 2.93848e-05
35 36 1.35149e-05
35 37 6.15903e-06
35 38 2.7824e-06
35 39 1.2465e-06
35 40 5.53919e-07
35 41 2.44206e-07
35 42 1.06826e-07
35 43 4.63703e-08
35 44 1.99748e-08
35 45 8.53976e-09
35 46 3.62404e-09
35 47 1.52713e-09
35 48 6.39806e-10
35 49 2.68304e-10
35 50 1.16924e-10
35 51 6.32205e-11

36 1 0.986098
36 2 0.985693
36 3 0.984847
36 4 0.983483
36 5 0.981469
36 6 0.978604
36 7 0.974582
36 8 0.968947
36 9 0.961013
36 10 0.949752
36 11 0.933612
36 12 0.910297
36 13 0.876548
36 14 0.828064
36 15 0.75984
36 16 0.667934
36 17 0.553807
36 18 0.428224
36 19 0.307966
36 20 0.207072
36 21 0.131403
36 22 0.0794938
36 23 0.0462538
36 24 0.0260657
36 25 0.0143003
36 26 0.00766667
36 27 0.00402757
36 28 0.00207755
36 29 0.00105399
36 30 0.000526597
36 31 0.000259406
36 32 0.000126121
36 33 6.05753e-05
36 34 2.87651e-05
36 35 1.35149e-05
36 36 6.28657e-06
36 37 2.89664e-06
36 38 1.32264e-06
36 39 5.98687e-07
36 40 2.68703e-07
36 41 1.19601e-07
36 42 5.28022e-08
36 43 2.31243e-08
36 44 1.0047e-08
36 45 4.33135e-09
36 46 1.85315e-09
36 47 7.87184e-10
36 48 3.3244e-10
36 49 1.40549e-10
36 50 6.17896e-11
36 51 3.3692e-11

37 1 0.958402
37 2 0.957247
37 3 0.95484
37 4 0.950976
37 5 0.945317
37 6 0.937342
37 7 0.92629
37 8 0.911069
37 9 0.890157
37 10 0.861482
37 11 0.822327
37 12 0.769389
37 13 0.699465
37 14 0.611353
37 15 0.508494
37 16 0.399754
37 17 0.296492
37 18 0.208008
37 19 0.138777
37 20 0.0886103
37 21 0.0544791
37 22 0.032422
37 23 0.0187568
37 24 0.0105835
37 25 0.0058394
37 26 0.00315687
37 27 0.00167498
37 28 0.000873429
37 29 0.000448166
37 30 0.000226525
37 31 0.000112901
37 32 5.55363e-05
37 33 2.69852e-05
37 34 1.2962e-05
37 35 6.15903e-06
37 36 2.89664e-06
37 37 1.34906e-06
37 38 6.22433e-07
37 39 2.84583e-07
37 40 1.28969e-07
37 41 5.79432e-08
37 42 2.58124e-08
37 43 1.14033e-08
37 44 4.99661e-09
37 45 2.17196e-09
37 46 9.36846e-10
37 47 4.01159e-10
37 48 1.70776e-10
37 49 7.27941e-11
37 50 3.22863e-11
37 51 1.7754e-11

38 1 0.880361
38 2 0.877317
38 3 0.871021
38 4 0.861038
38 5 0.846675
38 6 0.826933
38 7 0.80046
38 8 0.765553
38 9 0.720306
38 10 0.663074
38 11 0.593344
38 12 0.512755
38 13 0.425583
38 14 0.338064
38 15 0.256709
38 16 0.186523
38 17 0.130002
38 18 0.0872037
38 19 0.0564969
38 20 0.0354714
38 21 0.0216465
38 22 0.0128722
38 23 0.00747461
38 24 0.00424587
38 25 0.00236288
38 26 0.00128999
38 27 0.000691699
38 28 0.000364677
38 29 0.000189237
38 30 9.67445e-05
38 31 4.87715e-05
38 32 2.42657e-05
38 33 1.19246e-05
38 34 5.79204e-06
38 35 2.7824e-06
38 36 1.32264e-06
38 37 6.22433e-07
38 38 2.90086e-07
38 39 1.33929e-07
38 40 6.12682e-08
38 41 2.7778e-08
38 42 1.2484e-08
38 43 5.56256e-09
38 44 2.45786e-09
38 45 1.07721e-09
38 46 4.68418e-10
38 47 2.02193e-10
38 48 8.67681e-11
38 49 3.72905e-11
38 50 1.66868e-11
38 51 9.25373e-12

39 1 0.693255
39 2 0.686982
39 3 0.674214
39 4 0.654539
39 5 0.627438
39 6 0.592434
39 7 0.549323
39 8 0.498462
39 9 0.441041
39 10 0.379201
39 11 0.315897
39 12 0.254454
39 13 0.197967
39 14 0.148748
39 15 0.108017
39 16 0.0759066
39 17 0.0517047
39 18 0.0341993
39 19 0.0220044
39 20 0.0137951
39 21 0.0084397
39 22 0.00504557
39 23 0.00295134
39 24 0.00169103
39 25 0.000950108
39 26 0.000523999
39 27 0.000283956
39 28 0.000151338
39 29 7.94002e-05
39 30 4.10445e-05
39 31 2.09225e-05
39 32 1.05254e-05
39 33 5.2293e-06
39 34 2.56751e-06
39 35 1.2465e-06
39 36 5.98687e-07
39 37 2.84583e-07
39 38 1.33929e-07
39 39 6.2419e-08
39 40 2.88169e-08
39 41 1.31815e-08
39 42 5.97542e-09
39 43 2.68508e-09
39 44 1.19629e-09
39 45 5.28603e-10
39 46 2.31724e-10
39 47 1.0083e-10
39 48 4.36187e-11
39 49 1.89013e-11
39 50 8.53356e-12
39 51 4.77238e-12

40 1 0.402501
40 2 0.395874
40 3 0.382763
40 4 0.363486
40 5 0.338585
40 6 0.308873
40 7 0.275468
40 8 0.239762
40 9 0.203333
40 10 0.167795
40 11 0.13461
40 12 0.104922
40 13 0.0794512
40 14 0.0584637
40 15 0.0418274
40 16 0.0291173
40 17 0.0197396
40 18 0.0130447
40 19 0.00841117
40 20 0.00529685
40 21 0.00326082
40 22 0.00196419
40 23 0.00115872
40 24 0.000670042
40 25 0.000380138
40 26 0.000211777
40 27 0.000115958
40 28 6.24569e-05
40 29 3.312e-05
40 30 1.73055e-05
40 31 8.91668e-06
40 32 4.53381e-06
40 33 2.27644e-06
40 34 1.12938e-06
40 35 5.53919e-07
40 36 2.68703e-07
40 37 1.28969e-07
40 38 6.12682e-08
40 39 2.88169e-08
40 40 1.34227e-08
40 41 6.19332e-09
40 42 2.83147e-09
40 43 1.28298e-09
40 44 5.76332e-10
40 45 2.56742e-10
40 46 1.1346e-10
40 47 4.97675e-11
40 48 2.1703e-11
40 49 9.48257e-12
40 50 4.3195e-12
40 51 2.43605e-12

41 1 0.177499
41 2 0.173829
41 3 0.166676
41 4 0.156404
41 5 0.143542
41 6 0.12875
41 7 0.112775
41 8 0.0963959
41 9 0.0803519
41 10 0.0652843
41 11 0.051684
41 12 0.0398639
41 13 0.0299574
41 14 0.0219393
41 15 0.0156636
41 16 0.0109072
41 17 0.00741172
41 18 0.00491786
41 19 0.00318835
41 20 0.00202107
41 21 0.00125353
41 22 0.000761277
41 23 0.000453039
41 24 0.000264395
41 25 0.000151441
41 26 8.52032e-05
41 27 4.71243e-05
41 28 2.56425e-05
41 29 1.37388e-05
41 30 7.25337e-06
41 31 3.77615e-06
41 32 1.93987e-06
41 33 9.83953e-07
41 34 4.93058e-07
41 35 2.44206e-07
41 36 1.19601e-07
41 37 5.79432e-08
41 38 2.7778e-08
41 39 1.31815e-08
41 40 6.19332e-09
41 41 2.88204e-09
41 42 1.32868e-09
41 43 6.07036e-10
41 44 2.74925e-10
41 45 1.23469e-10
41 46 5.5005e-11
41 47 2.43213e-11
41 48 1.06918e-11
41 49 4.71026e-12
41 50 2.16482e-12
41 51 1.23113e-12

42 1 0.0682038
42 2 0.0666884
42 3 0.0637503
42 4 0.0595676
42 5 0.0543881
42 6 0.048508
42 7 0.0422456
42 8 0.035914
42 9 0.0297945
42 10 0.0241163
42 11 0.0190432
42 12 0.0146698
42 13 0.0110255
42 14 0.00808632
42 15 0.00578893
42 16 0.00404664
42 17 0.00276325
42 18 0.00184409
42 19 0.00120339
42 20 0.000768324
42 21 0.000480245
42 22 0.000294067
42 23 0.00017652
42 24 0.000103948
42 25 6.0095e-05
42 26 3.41339e-05
42 27 1.9063e-05
42 28 1.04757e-05
42 29 5.66866e-06
42 30 3.02269e-06
42 31 1.58934e-06
42 32 8.24552e-07
42 33 4.22327e-07
42 34 2.13666e-07
42 35 1.06826e-07
42 36 5.28022e-08
42 37 2.58124e-08
42 38 1.2484e-08
42 39 5.97542e-09
42 40 2.83147e-09
42 41 1.32868e-09
42 42 6.17634e-10
42 43 2.845e-10
42 44 1.29901e-10
42 45 5.8812e-11
42 46 2.64118e-11
42 47 1.17722e-11
42 48 5.21684e-12
42 49 2.31731e-12
42 50 1.07454e-12
42 51 6.1619e-13

43 1 0.0248164
43 2 0.0242559
43 3 0.0231712
43 4 0.021631
43 5 0.01973
43 6 0.0175798
43 7 0.0152985
43 8 0.0130005
43 9 0.0107864
43 10 0.00873704
43 11 0.00690888
43 12 0.00533366
43 13 0.00402035
43 14 0.0029594
43 15 0.00212789
43 16 0.00149498
43 17 0.00102666
43 18 0.000689443
43 19 0.000452965
43 20 0.000291306
43 21 0.000183486
43 22 0.000113263
43 23 6.85621e-05
43 24 4.07275e-05
43 25 2.37575e-05
43 26 1.36185e-05
43 27 7.67698e-06
43 28 4.25878e-06
43 29 2.32657e-06
43 30 1.25248e-06
43 31 6.64848e-07
43 32 3.48194e-07
43 33 1.80012e-07
43 34 9.19129e-08
43 35 4.63703e-08
43 36 2.31243e-08
43 37 1.14033e-08
43 38 5.56256e-09
43 39 2.68508e-09
43 40 1.28298e-09
43 41 6.07036e-10
43 42 2.845e-10
43 43 1.3212e-10
43 44 6.08153e-11
43 45 2.77564e-11
43 46 1.25653e-11
43 47 5.64544e-12
43 48 2.52187e-12
43 49 1.12946e-12
43 50 5.28402e-13
43 51 3.05518e-13

44 1 0.00885164
44 2 0.00865244
44 3 0.00826698
44 4 0.00771987
44 5 0.00704491
44 6 0.00628179
44 7 0.00547236
44 8 0.00465689
44 9 0.00387087
44 10 0.00314262
44 11 0.00249199
44 12 0.00193019
44 13 0.0014605
44 14 0.00107976
44 15 0.00078016
44 16 0.000551056
44 17 0.00038064
44 18 0.000257225
44 19 0.000170133
44 20 0.000110194
44 21 6.99284e-05
44 22 4.35039e-05
44 23 2.65489e-05
44 24 1.59034e-05
44 25 9.3571e-06
44 26 5.4112e-06
44 27 3.07779e-06
44 28 1.72291e-06
44 29 9.49835e-07
44 30 5.16015e-07
44 31 2.76413e-07
44 32 1.46075e-07
44 33 7.61965e-08
44 34 3.92501e-08
44 35 1.99748e-08
44 36 1.0047e-08
44 37 4.99661e-09
44 38 2.45786e-09
44 39 1.19629e-09
44 40 5.76332e-10
44 41 2.74925e-10
44 42 1.29901e-10
44 43 6.08153e-11
44 44 2.82201e-11
44 45 1.29835e-11
44 46 5.9247e-12
44 47 2.68312e-12
44 48 1.20816e-12
44 49 5.45552e-13
44 50 2.57493e-13
44 51 1.50103e-13

45 1 0.00313505
45 2 0.00306522
45 3 0.00293007
45 4 0.00273818
45 5 0.00250132
45 6 0.00223333
45 7 0.00194878
45 8 0.00166172
45 9 0.00138456
45 10 0.00112722
45 11 0.000896719
45 12 0.000697088
45 13 0.000529608
45 14 0.000393309
45 15 0.00028558
45 16 0.000202795
45 17 0.000140887
45 18 9.57937e-05
45 19 6.37738e-05
45 20 4.15905e-05
45 21 2.65839e-05
45 22 1.66631e-05
45 23 1.02484e-05
45 24 6.18858e-06
45 25 3.67134e-06
45 26 2.14109e-06
45 27 1.22827e-06
45 28 6.9354e-07
45 29 3.85685e-07
45 30 2.11362e-07
45 31 1.14208e-07
45 32 6.08791e-08
45 33 3.20296e-08
45 34 1.66398e-08
45 35 8.53976e-09
45 36 4.33135e-09
45 37 2.17196e-09
45 38 1.07721e-09
45 39 5.28603e-10
45 40 2.56742e-10
45 41 1.23469e-10
45 42 5.8812e-11
45 43 2.77564e-11
45 44 1.29835e-11
45 45 6.02129e-12
45 46 2.76956e-12
45 47 1.2642e-12
45 48 5.73778e-13
45 49 2.61216e-13
45 50 1.2438e-13
45 51 7.30957e-14

46 1 0.00110754
46 2 0.00108318
46 3 0.00103602
46 4 0.000969016
46 5 0.000886239
46 6 0.000792475
46 7 0.000692775
46 8 0.000592018
46 9 0.000494528
46 10 0.000403786
46 11 0.000322277
46 12 0.000251452
46 13 0.000191815
46 14 0.000143085
46 15 0.000104396
46 16 7.45202e-05
46 17 5.20607e-05
46 18 3.56085e-05
46 19 2.38554e-05
46 20 1.56607e-05
46 21 1.00795e-05
46 22 6.36363e-06
46 23 3.9432e-06
46 24 2.3995e-06
46 25 1.43476e-06
46 26 8.43491e-07
46 27 4.87849e-07
46 28 2.77746e-07
46 29 1.55746e-07
46 30 8.60655e-08
46 31 4.68938e-08
46 32 2.52054e-08
46 33 1.33711e-08
46 34 7.00389e-09
46 35 3.62404e-09
46 36 1.85315e-09
46 37 9.36846e-10
46 38 4.68418e-10
46 39 2.31724e-10
46 40 1.1346e-10
46 41 5.5005e-11
46 42 2.64118e-11
46 43 1.25653e-11
46 44 5.9247e-12
46 45 2.76956e-12
46 46 1.28398e-12
46 47 5.90713e-13
46 48 2.70226e-13
46 49 1.24025e-13
46 50 5.95748e-14
46 51 3.52933e-14

47 1 0.000390859
47 2 0.000382376
47 3 0.000365946
47 4 0.000342587
47 5 0.000313703
47 6 0.000280944
47 7 0.000246056
47 8 0.000210732
47 9 0.000176477
47 10 0.000144511
47 11 0.000115714
47 12 9.06101e-05
47 13 6.93946e-05
47 14 5.1989e-05
47 15 3.81094e-05
47 16 2.73406e-05
47 17 1.92034e-05
47 18 1.321e-05
47 19 8.90343e-06
47 20 5.88214e-06
47 21 3.81104e-06
47 22 2.42272e-06
47 23 1.51198e-06
47 24 9.26852e-07
47 25 5.58392e-07
47 26 3.3081e-07
47 27 1.9283e-07
47 28 1.10654e-07
47 29 6.2545e-08
47 30 3.48402e-08
47 31 1.9136e-08
47 32 1.03685e-08
47 33 5.54472e-09
47 34 2.92777e-09
47 35 1.52713e-09
47 36 7.87184e-10
47 37 4.01159e-10
47 38 2.02193e-10
47 39 1.0083e-10
47 40 4.97675e-11
47 41 2.43213e-11
47 42 1.17722e-11
47 43 5.64544e-12
47 44 2.68312e-12
47 45 1.2642e-12
47 46 5.90713e-13
47 47 2.73899e-13
47 48 1.26284e-13
47 49 5.84322e-14
47 50 2.83137e-14
47 51 1.69078e-14

48 1 0.000137891
48 2 0.000134938
48 3 0.000129217
48 4 0.000121078
48 5 0.000111003
48 6 9.95621e-05
48 7 8.73584e-05
48 8 7.49786e-05
48 9 6.2947e-05
48 10 5.16909e-05
48 11 4.15213e-05
48 12 3.26271e-05
48 13 2.50838e-05
48 14 1.8871e-05
48 15 1.38956e-05
48 16 1.00175e-05
48 17 7.07257e-06
48 18 4.89201e-06
48 19 3.31635e-06
48 20 2.20436e-06
48 21 1.43732e-06
48 22 9.19787e-07
48 23 5.77967e-07
48 24 3.56804e-07
48 25 2.1652e-07
48 26 1.29225e-07
48 27 7.58932e-08
48 28 4.38837e-08
48 29 2.49961e-08
48 30 1.40324e-08
48 31 7.76777e-09
48 32 4.24202e-09
48 33 2.28645e-09
48 34 1.21691e-09
48 35 6.39806e-10
48 36 3.3244e-10
48 37 1.70776e-10
48 38 8.67681e-11
48 39 4.36187e-11
48 40 2.1703e-11
48 41 1.06918e-11
48 42 5.21684e-12
48 43 2.52187e-12
48 44 1.20816e-12
48 45 5.73778e-13
48 46 2.70226e-13
48 47 1.26284e-13
48 48 5.86863e-14
48 49 2.73767e-14
48 50 1.33827e-14
48 51 8.0557e-15

49 1 4.8794e-05
49 2 4.77633e-05
49 3 4.57652e-05
49 4 4.29207e-05
49 5 3.93963e-05
49 6 3.53887e-05
49 7 3.11072e-05
49 8 2.67557e-05
49 9 2.25173e-05
49 10 1.8542e-05
49 11 1.49403e-05
49 12 1.17802e-05
49 13 9.09073e-06
49 14 6.86708e-06
49 15 5.07889e-06
49 16 3.6788e-06
49 17 2.61046e-06
49 18 1.81532e-06
49 19 1.2376e-06
49 20 8.27526e-07
49 21 5.42936e-07
49 22 3.49693e-07
49 23 2.21211e-07
49 24 1.37508e-07
49 25 8.40382e-08
49 26 5.05212e-08
49 27 2.98914e-08
49 28 1.74147e-08
49 29 9.99546e-09
49 30 5.65487e-09
49 31 3.15489e-09
49 32 1.73656e-09
49 33 9.43497e-10
49 34 5.06203e-10
49 35 2.68304e-10
49 36 1.40549e-10
49 37 7.27941e-11
49 38 3.72905e-11
49 39 1.89013e-11
49 40 9.48257e-12
49 41 4.71026e-12
49 42 2.31731e-12
49 43 1.12946e-12
49 44 5.45552e-13
49 45 2.61216e-13
49 46 1.24025e-13
49 47 5.84322e-14
49 48 2.73767e-14
49 49 1.28792e-14
49 50 6.35341e-15
49 51 3.85605e-15

50 1 1.78059e-05
50 2 1.74351e-05
50 3 1.6716e-05
50 4 1.56915e-05
50 5 1.44208e-05
50 6 1.29739e-05
50 7 1.14256e-05
50 8 9.8489e-06
50 9 8.30963e-06
50 10 6.86217e-06
50 11 5.54683e-06
50 12 4.38904e-06
50 13 3.40009e-06
50 14 2.57921e-06
50 15 1.91624e-06
50 16 1.39476e-06
50 17 9.94865e-07
50 18 6.95653e-07
50 19 4.77032e-07
50 20 3.20926e-07
50 21 2.1191e-07
50 22 1.374e-07
50 23 8.75211e-08
50 24 5.47953e-08
50 25 3.37359e-08
50 26 2.04351e-08
50 27 1.21847e-08
50 28 7.1552e-09
50 29 4.1401e-09
50 30 2.36151e-09
50 31 1.32851e-09
50 32 7.37452e-10
50 33 4.04101e-10
50 34 2.18686e-10
50 35 1.16924e-10
50 36 6.17896e-11
50 37 3.22863e-11
50 38 1.66868e-11
50 39 8.53356e-12
50 40 4.3195e-12
50 41 2.16482e-12
50 42 1.07454e-12
50 43 5.28402e-13
50 44 2.57493e-13
50 45 1.2438e-13
50 46 5.95748e-14
50 47 2.83137e-14
50 48 1.33827e-14
50 49 6.35341e-15
50 50 3.16505e-15
50 51 1.93795e-15

51 1 8.0927e-06
51 2 7.9266e-06
51 3 7.60434e-06
51 4 7.14486e-06
51 5 6.57436e-06
51 6 5.92391e-06
51 7 5.22668e-06
51 8 4.51526e-06
51 9 3.81913e-06
51 10 3.16282e-06
51 11 2.56466e-06
51 12 2.03642e-06
51 13 1.5836e-06
51 14 1.20626e-06
51 15 9.00215e-07
51 16 6.58378e-07
51 17 4.72016e-07
51 18 3.31845e-07
51 19 2.2886e-07
51 20 1.54893e-07
51 21 1.0292e-07
51 22 6.71693e-08
51 23 4.30762e-08
51 24 2.71585e-08
51 25 1.68416e-08
51 26 1.02773e-08
51 27 6.17449e-09
51 28 3.65394e-09
51 29 2.1309e-09
51 30 1.22521e-09
51 31 6.94869e-10
51 32 3.88893e-10
51 33 2.14872e-10
51 34 1.17255e-10
51 35 6.32205e-11
51 36 3.3692e-11
51 37 1.7754e-11
51 38 9.25373e-12
51 39 4.77238e-12
51 40 2.43605e-12
51 41 1.23113e-12
51 42 6.1619e-13
51 43 3.05518e-13
51 44 1.50103e-13
51 45 7.30957e-14
51 46 3.52933e-14
51 47 1.69078e-14
51 48 8.0557e-15
51 49 3.85605e-15
51 50 1.93795e-15
51 51 1.19595e-15

#x #y #phase
1 1 1
1 2 1
1 3 1
1 4 1
1 5 1
1 6 1
1 7 1
1 8 1
1 9 1
1 10 1
1 11 1
1 12 1
1 13 1
1 14 1
1 15 1
1 16 1
1 17 1
1 18 1
1 19 1
1 20 1
1 21 1
1 22 1
1 23 1
1 24 1
1 25 1
1 26 1
1 27 0.999999
1 28 0.999998
1 29 0.999994
1 30 0.999983
1 31 0.999947
1 32 0.999838
1 33 0.999505
1 34 0.998492
1 35 0.995412
1 36 0.986098
1 37 0.958402
1 38 0.880361
1 39 0.693255
1 40 0.402501
1 41 0.177499
1 42 0.0682038
1 43 0.0248164
1 44 0.00885164
1 45 0.00313505
1 46 0.00110754
1 47 0.000390859
1 48 0.000137891
1 49 4.8794e-05
1 50 1.78059e-05
1 51 8.0927e-06

2 1 1
2 2 1
2 3 1
2 4 1
2 5 1
2 6 1
2 7 1
2 8 1
2 9 1
2 10 1
2 11 1
2 12 1
2 13 1
2 14 1
2 15 1
2 16 1
2 17 1
2 18 1
2 19 1
2 20 1
2 21 1
2 22 1
2 23 1
2 24 1
2 25 1
2 26 1
2 27 0.999999
2 28 0.999998
2 29 0.999994
2 30 0.999982
2 31 0.999945
2 32 0.999832
2 33 0.999489
2 34 0.998445
2 35 0.995274
2 36 0.985693
2 37 0.957247
2 38 0.877317
2 39 0.686982
2 40 0.395874
2 41 0.173829
2 42 0.0666884
2 43 0.0242559
2 44 0.00865244
2 45 0.00306522
2 46 0.00108318
2 47 0.000382376
2 48 0.000134938
2 49 4.77633e-05
2 50 1.74351e-05
2 51 7.9266e-06

3 1 1
3 2 1
3 3 1
3 4 1
3 5 1
3 6 1
3 7 1
3 8 1
3 9 1
3 10 1
