#x #y #phase
1 1 1
1 2 1
1 3 1
1 4 1
1 5 1
1 6 1
1 7 1
1 8 1
1 9 1
1 10 1
1 11 1
1 12 1
1 13 1
1 14 1
1 15 0.999999
1 16 0.999996
1 17 0.999987
1 18 0.99996
1 19 0.99988
1 20 0.999639
1 21 0.998919
1 22 0.996769
1 23 0.990404
1 24 0.971999
1 25 0.921547
1 26 0.797063
1 27 0.559292
1 28 0.291871
1 29 0.121138
1 30 0.0443321
1 31 0.0153068
1 32 0.00516576
1 33 0.00172925
1 34 0.000577267
1 35 0.000192527
1 36 6.41901e-05
1 37 2.13992e-05
1 38 7.13366e-06
1 39 2.37805e-06
1 40 7.92732e-07
1 41 2.64259e-07
1 42 8.80908e-08
1 43 2.9365e-08
1 44 9.78881e-09
1 45 3.26308e-09
1 46 1.08774e-09
1 47 3.62595e-10
1 48 1.2087e-10
1 49 4.02915e-11
1 50 1.3431e-11
1 51 4.94926e-12

2 1 1
2 2 1
2 3 1
2 4 1
2 5 1
2 6 1
2 7 1
2 8 1
2 9 1
2 10 1
2 11 1
2 12 1
2 13 1
2 14 0.999999
2 15 0.999998
2 16 0.999995
2 17 0.999986
2 18 0.999958
2 19 0.999875
2 20 0.999626
2 21 0.998881
2 22 0.996662
2 23 0.990104
2 24 0.97118
2 25 0.919475
2 26 0.792594
2 27 0.552844
2 28 0.286909
2 29 0.11874
2 30 0.0434139
2 31 0.0149906
2 32 0.0050613
2 33 0.00169523
2 34 0.000566239
2 35 0.000188955
2 36 6.30328e-05
2 37 2.1024e-05
2 38 7.01194e-06
2 39 2.33853e-06
2 40 7.79894e-07
2 41 2.60086e-07
2 42 8.67334e-08
2 43 2.89233e-08
2 44 9.64493e-09
2 45 3.21621e-09
2 46 1.07246e-09
2 47 3.57611e-10
2 48 1.19244e-10
2 49 3.97606e-11
2 50 1.32576e-11
2 51 4.88741e-12

3 1 1
3 2 1
3 3 1
3 4 1
3 5 1
3 6 1
3 7 1
3 8 1
3 9 1
3 10 1
3 11 1
3 12 1
3 13 1
3 14 0.999999
3 15 0.999998
3 16 0.999995
3 17 0.999985
3 18 0.999954
3 19 0.999863
3 20 0.999592
3 21 0.998786
3 22 0.996393
3 23 0.989351
3 24 0.96914
3 25 0.914319
3 26 0.781386
3 27 0.536632
3 28 0.27455
3 29 0.112783
3 30 0.0411291
3 31 0.0142022
3 32 0.00480048
3 33 0.0016102
3 34 0.00053864
3 35 0.000180005
3 36 6.01301e-05
3 37 2.00822e-05
3 38 6.70611e-06
3 39 2.23916e-06
3 40 7.47586e-07
3 41 2.49575e-07
3 42 8.33123e-08
3 43 2.7809e-08
3 44 9.28188e-09
3 45 3.09784e-09
3 46 1.03385e-09
3 47 3.45013e-10
3 48 1.15131e-10
3 49 3.84173e-11
3 50 1.28187e-11
3 51 4.72867e-12

4 1 1
4 2 1
4 3 1
4 4 1
4 5 1
4 6 1
4 7 1
4 8 1
4 9 1
4 10 1
4 11 1
4 12 1
4 13 1
4 14 0.999999
4 15 0.999998
4 16 0.999994
4 17 0.999982
4 18 0.999946
4 19 0.999841
4 20 0.99953
4 21 0.99861
4 22 0.995898
4 23 0.987976
4 24 0.96544
4 25 0.905078
4 26 0.76176
4 27 0.509573
4 28 0.254793
4 29 0.103457
4 30 0.0375814
4 31 0.0129804
4 32 0.00439596
4 33 0.00147809
4 34 0.000495673
4 35 0.000166045
4 36 5.55938e-05
4 37 1.86075e-05
4 38 6.22644e-06
4 39 2.08305e-06
4 40 6.96754e-07
4 41 2.33014e-07
4 42 7.79141e-08
4 43 2.60486e-08
4 44 8.7075e-09
4 45 2.91036e-09
4 46 9.72629e-10
4 47 3.25013e-10
4 48 1.08594e-10
4 49 3.62803e-11
4 50 1.21198e-11
4 51 4.47566e-12

5 1 1
5 2 1
5 3 1
5 4 1
5 5 1
5 6 1
5 7 1
5 8 1
5 9 1
5 10 1
5 11 1
5 12 1
5 13 1
5 14 0.999999
5 15 0.999997
5 16 0.999992
5 17 0.999977
5 18 0.999933
5 19 0.999804
5 20 0.999427
5 21 0.998323
5 22 0.995096
5 23 0.985766
5 24 0.95957
5 25 0.890688
5 26 0.732342
5 27 0.471889
5 28 0.228919
5 29 0.0915871
5 30 0.0331172
5 31 0.0114468
5 32 0.00388748
5 33 0.00131157
5 34 0.000441355
5 35 0.000148343
5 36 4.98255e-05
5 37 1.67272e-05
5 38 5.61327e-06
5 39 1.88301e-06
5 40 6.31465e-07
5 41 2.11697e-07
5 42 7.0951e-08
5 43 2.37734e-08
5 44 7.96376e-09
5 45 2.66715e-09
5 46 8.93074e-10
5 47 2.9898e-10
5 48 1.00073e-10
5 49 3.34902e-11
5 50 1.12059e-11
5 51 4.14441e-12

6 1 1
6 2 1
6 3 1
6 4 1
6 5 1
6 6 1
6 7 1
6 8 1
6 9 1
6 10 1
6 11 1
6 12 1
6 13 1
6 14 0.999999
6 15 0.999996
6 16 0.999989
6 17 0.999969
6 18 0.999911
6 19 0.999744
6 20 0.999263
6 21 0.997869
6 22 0.993844
6 23 0.98236
6 24 0.950684
6 25 0.86947
6 26 0.691387
6 27 0.424424
6 28 0.198691
6 29 0.0781862
6 30 0.028143
6 31 0.00974201
6 32 0.003321
6 33 0.00112537
6 34 0.000380374
6 35 0.000128393
6 36 4.32996e-05
6 37 1.45922e-05
6 38 4.91469e-06
6 39 1.65438e-06
6 40 5.56615e-07
6 41 1.87187e-07
6 42 6.29231e-08
6 43 2.11432e-08
6 44 7.10186e-09
6 45 2.38464e-09
6 46 8.00448e-10
6 47 2.68605e-10
6 48 9.01096e-11
6 49 3.02213e-11
6 50 1.01332e-11
6 51 3.75489e-12

7 1 1
7 2 1
7 3 1
7 4 1
7 5 1
7 6 1
7 7 1
7 8 1
7 9 1
7 10 1
7 11 1
7 12 1
7 13 0.999999
7 14 0.999998
7 15 0.999994
7 16 0.999984
7 17 0.999956
7 18 0.999875
7 19 0.999648
7 20 0.999001
7 21 0.997155
7 22 0.9919
7 23 0.97716
7 24 0.93743
7 25 0.838972
7 26 0.637214
7 27 0.369022
7 28 0.166231
7 29 0.0643194
7 30 0.0230651
7 31 0.00800452
7 32 0.00274182
7 33 0.000934115
7 34 0.000317423
7 35 0.000107696
7 36 3.6498e-05
7 37 1.23573e-05
7 38 4.1803e-06
7 39 1.41306e-06
7 40 4.77315e-07
7 41 1.61126e-07
7 42 5.43577e-08
7 43 1.83279e-08
7 44 6.17639e-09
7 45 2.08039e-09
7 46 7.00415e-10
7 47 2.35711e-10
7 48 7.92921e-11
7 49 2.66634e-11
7 50 8.96289e-12
7 51 3.32897e-12

8 1 1
8 2 1
8 3 1
8 4 1
8 5 1
8 6 1
8 7 1
8 8 1
8 9 1
8 10 1
8 11 1
8 12 0.999999
8 13 0.999999
8 14 0.999997
8 15 0.999991
8 16 0.999975
8 17 0.999933
8 18 0.999816
8 19 0.99949
8 20 0.998578
8 21 0.996016
8 22 0.988852
8 23 0.969181
8 24 0.917709
8 25 0.795896
8 26 0.569045
8 27 0.308711
8 28 0.133789
8 29 0.0509655
8 30 0.0182357
8 31 0.00635263
8 32 0.00218881
8 33 0.00075045
8 34 0.00025661
8 35 8.75869e-05
8 36 2.98526e-05
8 37 1.01621e-05
8 38 3.4554e-06
8 39 1.17373e-06
8 40 3.98313e-07
8 41 1.35052e-07
8 42 4.57535e-08
8 43 1.54888e-08
8 44 5.23967e-09
8 45 1.77135e-09
8 46 5.98463e-10
8 47 2.02078e-10
8 48 6.81973e-11
8 49 2.30035e-11
8 50 7.75557e-12
8 51 2.88846e-12

9 1 1
9 2 1
9 3 1
9 4 1
9 5 1
9 6 1
9 7 1
9 8 1
9 9 1
9 10 1
9 11 1
9 12 0.999999
9 13 0.999998
9 14 0.999994
9 15 0.999985
9 16 0.99996
9 17 0.999893
9 18 0.999714
9 19 0.999224
9 20 0.997876
9 21 0.994164
9 22 0.983995
9 23 0.956809
9 24 0.888328
9 25 0.736382
9 26 0.488219
9 27 0.247465
9 28 0.103435
9 29 0.0388961
9 30 0.0139147
9 31 0.00487272
9 32 0.00169062
9 33 0.00058387
9 34 0.000201073
9 35 6.90995e-05
9 36 2.37042e-05
9 37 8.11883e-06
9 38 2.77677e-06
9 39 9.48455e-07
9 40 3.23568e-07
9 41 1.10261e-07
9 42 3.75342e-08
9 43 1.27646e-08
9 44 4.33701e-09
9 45 1.47233e-09
9 46 4.99432e-10
9 47 1.69287e-10
9 48 5.73415e-11
9 49 1.94102e-11
9 50 6.56631e-12
9 51 2.45319e-12

10 1 1
10 2 1
10 3 1
10 4 1
10 5 1
10 6 1
10 7 1
10 8 1
10 9 1
10 10 1
10 11 0.999999
10 12 0.999998
10 13 0.999996
10 14 0.999989
10 15 0.999973
10 16 0.999931
10 17 0.999822
10 18 0.999533
10 19 0.998762
10 20 0.996684
10 21 0.991081
10 22 0.976109
10 23 0.937414
10 24 0.84467
10 25 0.657221
10 26 0.399147
10 27 0.189509
10 28 0.0767624
10 29 0.0286022
10 30 0.0102546
10 31 0.00361502
10 32 0.00126433
10 33 0.000440223
10 34 0.000152809
10 35 5.29119e-05
10 36 1.82821e-05
10 37 6.30467e-06
10 38 2.17035e-06
10 39 7.45914e-07
10 40 2.55972e-07
10 41 8.77175e-08
10 42 3.00202e-08
10 43 1.02616e-08
10 44 3.50366e-09
10 45 1.19501e-09
10 46 4.0718e-10
10 47 1.38612e-10
10 48 4.71449e-11
10 49 1.60219e-11
10 50 5.44075e-12
10 51 2.03984e-12

11 1 1
11 2 1
11 3 1
11 4 1
11 5 1
11 6 1
11 7 1
11 8 1
11 9 1
11 10 0.999999
11 11 0.999998
11 12 0.999996
11 13 0.999991
11 14 0.999979
11 15 0.99995
11 16 0.999876
11 17 0.999688
11 18 0.999204
11 19 0.997937
11 20 0.994603
11 21 0.985828
11 22 0.963088
11 23 0.906797
11 24 0.780781
11 25 0.558381
11 26 0.309017
11 27 0.138428
11 28 0.0546969
11 29 0.0202824
11 30 0.00730533
11 31 0.00259621
11 32 0.000916207
11 33 0.000321889
11 34 0.000112706
11 35 3.93499e-05
11 36 1.37036e-05
11 37 4.76124e-06
11 38 1.65074e-06
11 39 5.71192e-07
11 40 1.97284e-07
11 41 6.80242e-08
11 42 2.34179e-08
11 43 8.04994e-09
11 44 2.76337e-09
11 45 9.47385e-10
11 46 3.24406e-10
11 47 1.10959e-10
11 48 3.79117e-11
11 49 1.29405e-11
11 50 4.41288e-12
11 51 1.66092e-12

12 1 1
12 2 1
12 3 1
12 4 1
12 5 1
12 6 1
12 7 1
12 8 0.999999
12 9 0.999999
12 10 0.999998
12 11 0.999996
12 12 0.999992
12 13 0.999982
12 14 0.999959
12 15 0.999903
12 16 0.999768
12 17 0.999432
12 18 0.998585
12 19 0.996424
12 20 0.990875
12 21 0.976687
12 22 0.941318
12 23 0.858592
12 24 0.69099
12 25 0.445864
12 26 0.225812
12 27 0.0964515
12 28 0.0374621
12 29 0.0138863
12 30 0.00503619
12 31 0.00180662
12 32 0.0006439
12 33 0.000228433
12 34 8.07353e-05
12 35 2.84405e-05
12 36 9.98892e-06
12 37 3.49877e-06
12 38 1.22242e-06
12 39 4.261e-07
12 40 1.48205e-07
12 41 5.14447e-08
12 42 1.78239e-08
12 43 6.16459e-09
12 44 2.1286e-09
12 45 7.3387e-10
12 46 2.52651e-10
12 47 8.68635e-11
12 48 2.98266e-11
12 49 1.02295e-11
12 50 3.50444e-12
12 51 1.3246e-12

13 1 1
13 2 1
13 3 1
13 4 1
13 5 1
13 6 1
13 7 0.999999
13 8 0.999999
13 9 0.999998
13 10 0.999996
13 11 0.999991
13 12 0.999982
13 13 0.999961
13 14 0.999914
13 15 0.999806
13 16 0.999548
13 17 0.998923
13 18 0.997388
13 19 0.993571
13 20 0.984042
13 21 0.960532
13 22 0.904804
13 23 0.784354
13 24 0.57445
13 25 0.331744
13 26 0.155729
13 27 0.0642088
13 28 0.0247073
13 29 0.00919245
13 30 0.00336364
13 31 0.00121936
13 32 0.000439265
13 33 0.000157467
13 34 5.62122e-05
13 35 1.99913e-05
13 36 7.08538e-06
13 37 2.50331e-06
13 38 8.81859e-07
13 39 3.09819e-07
13 40 1.08573e-07
13 41 3.79595e-08
13 42 1.32424e-08
13 43 4.61026e-09
13 44 1.60197e-09
13 45 5.55655e-10
13 46 1.9241e-10
13 47 6.65219e-11
13 48 2.29646e-11
13 49 7.91672e-12
13 50 2.72561e-12
13 51 1.03494e-12

14 1 1
14 2 0.999999
14 3 0.999999
14 4 0.999999
14 5 0.999999
14 6 0.999999
14 7 0.999998
14 8 0.999997
14 9 0.999994
14 10 0.999989
14 11 0.999979
14 12 0.999959
14 13 0.999914
14 14 0.999817
14 15 0.999597
14 16 0.999088
14 17 0.997888
14 18 0.995014
14 19 0.988066
14 20 0.971301
14 21 0.931799
14 22 0.844343
14 23 0.67656
14 24 0.440802
14 25 0.229505
14 26 0.101617
14 27 0.0409583
14 28 0.0157262
14 29 0.00589298
14 30 0.00217919
14 31 0.000799073
14 32 0.000291158
14 33 0.00010553
14 34 3.80713e-05
14 35 1.36766e-05
14 36 4.89406e-06
14 37 1.74501e-06
14 38 6.20125e-07
14 39 2.19693e-07
14 40 7.76067e-08
14 41 2.7341e-08
14 42 9.60812e-09
14 43 3.36855e-09
14 44 1.1784e-09
14 45 4.11385e-10
14 46 1.43339e-10
14 47 4.98527e-11
14 48 1.7309e-11
14 49 6.00007e-12
14 50 2.07674e-12
14 51 7.92444e-13

15 1 0.999999
15 2 0.999998
15 3 0.999998
15 4 0.999998
15 5 0.999997
15 6 0.999996
15 7 0.999994
15 8 0.999991
15 9 0.999985
15 10 0.999973
15 11 0.99995
15 12 0.999903
15 13 0.999806
15 14 0.999597
15 15 0.999137
15 16 0.998102
15 17 0.995726
15 18 0.990195
15 19 0.977257
15 20 0.947362
15 21 0.881162
15 22 0.748533
15 23 0.537017
15 24 0.309445
15 25 0.148148
15 26 0.0630319
15 27 0.0251261
15 28 0.00968312
15 29 0.00366431
15 30 0.0013712
15 31 0.000508981
15 32 0.000187693
15 33 6.88188e-05
15 34 2.51029e-05
15 35 9.11347e-06
15 36 3.29419e-06
15 37 1.18592e-06
15 38 4.25334e-07
15 39 1.52015e-07
15 40 5.41537e-08
15 41 1.9233e-08
15 42 6.81129e-09
15 43 2.40578e-09
15 44 8.47614e-10
15 45 2.97936e-10
15 46 1.04495e-10
15 47 3.65734e-11
15 48 1.27759e-11
15 49 4.45474e-12
15 50 1.55062e-12
15 51 5.94791e-13

16 1 0.999996
16 2 0.999995
16 3 0.999995
16 4 0.999994
16 5 0.999992
16 6 0.999989
16 7 0.999984
16 8 0.999975
16 9 0.99996
16 10 0.999931
16 11 0.999876
16 12 0.999768
16 13 0.999548
16 14 0.999088
16 15 0.998102
16 16 0.995941
16 17 0.99112
16 18 0.980258
16 19 0.955885
16 20 0.902756
16 21 0.795155
16 22 0.611265
16 23 0.384742
16 24 0.199193
16 25 0.0898759
16 26 0.0373846
16 27 0.0148788
16 28 0.00578075
16 29 0.00221353
16 30 0.000839016
16 31 0.000315463
16 32 0.000117791
16 33 4.37096e-05
16 34 1.61278e-05
16 35 5.91972e-06
16 36 2.16233e-06
16 37 7.863e-07
16 38 2.84731e-07
16 39 1.02704e-07
16 40 3.69113e-08
16 41 1.32206e-08
16 42 4.72018e-09
16 43 1.68023e-09
16 44 5.96435e-10
16 45 2.11162e-10
16 46 7.45748e-11
16 47 2.6276e-11
16 48 9.23792e-12
16 49 3.24109e-12
16 50 1.13491e-12
16 51 4.37739e-13

17 1 0.999987
17 2 0.999986
17 3 0.999985
17 4 0.999982
17 5 0.999977
17 6 0.999969
17 7 0.999956
17 8 0.999933
17 9 0.999893
17 10 0.999822
17 11 0.999688
17 12 0.999432
17 13 0.998923
17 14 0.997888
17 15 0.995726
17 16 0.99112
17 17 0.981173
17 18 0.959659
17 19 0.914029
17 20 0.822548
17 21 0.661832
17 22 0.446275
17 23 0.248099
17 24 0.118759
17 25 0.0517087
17 26 0.021328
17 27 0.0085342
17 28 0.00335304
17 29 0.00130095
17 30 0.000499842
17 31 0.000190458
17 32 7.20367e-05
17 33 2.70637e-05
17 34 1.01048e-05
17 35 3.75128e-06
17 36 1.38522e-06
17 37 5.08983e-07
17 38 1.86158e-07
17 39 6.77938e-08
17 40 2.45894e-08
17 41 8.88517e-09
17 42 3.19926e-09
17 43 1.14814e-09
17 44 4.1076e-10
17 45 1.46525e-10
17 46 5.21241e-11
17 47 1.84944e-11
17 48 6.54603e-12
17 49 2.31161e-12
17 50 8.14515e-13
17 51 3.15981e-13

18 1 0.99996
18 2 0.999958
18 3 0.999954
18 4 0.999946
18 5 0.999933
18 6 0.999911
18 7 0.999875
18 8 0.999816
18 9 0.999714
18 10 0.999533
18 11 0.999204
18 12 0.998585
18 13 0.997388
18 14 0.995014
18 15 0.990195
18 16 0.980258
18 17 0.959659
18 18 0.917526
18 19 0.835151
18 20 0.69066
18 21 0.488779
18 22 0.288137
18 23 0.145722
18 24 0.0664532
18 25 0.0284726
18 26 0.0117655
18 27 0.00475538
18 28 0.00189317
18 29 0.000744955
18 30 0.000290275
18 31 0.000112129
18 32 4.29738e-05
18 33 1.63508e-05
18 34 6.17961e-06
18 35 2.321e-06
18 36 8.66699e-07
18 37 3.21894e-07
18 38 1.1895e-07
18 39 4.3749e-08
18 40 1.60196e-08
18 41 5.84168e-09
18 42 2.12196e-09
18 43 7.67985e-10
18 44 2.77e-10
18 45 9.95882e-11
18 46 3.56956e-11
18 47 1.27579e-11
18 48 4.54747e-12
18 49 1.61677e-12
18 50 5.73441e-13
18 51 2.2381e-13

19 1 0.99988
19 2 0.999875
19 3 0.999863
19 4 0.999841
19 5 0.999804
19 6 0.999744
19 7 0.999648
19 8 0.99949
19 9 0.999224
19 10 0.998762
19 11 0.997937
19 12 0.996424
19 13 0.993571
19 14 0.988066
19 15 0.977257
19 16 0.955885
19 17 0.914029
19 18 0.835151
19 19 0.699975
19 20 0.510246
19 21 0.314145
19 22 0.16657
19 23 0.0793929
19 24 0.0353675
19 25 0.0151228
19 26 0.00630246
19 27 0.00258045
19 28 0.00104223
19 29 0.000416169
19 30 0.000164514
19 31 6.44421e-05
19 32 2.50318e-05
19 33 9.64803e-06
19 34 3.6919e-06
19 35 1.40327e-06
19 36 5.30041e-07
19 37 1.99037e-07
19 38 7.43331e-08
19 39 2.76187e-08
19 40 1.02127e-08
19 41 3.75938e-09
19 42 1.37802e-09
19 43 5.03114e-10
19 44 1.83e-10
19 45 6.63293e-11
19 46 2.39615e-11
19 47 8.62901e-12
19 48 3.09828e-12
19 49 1.10933e-12
19 50 3.9615e-13
19 51 1.55609e-13

20 1 0.999639
20 2 0.999626
20 3 0.999592
20 4 0.99953
20 5 0.999427
20 6 0.999263
20 7 0.999001
20 8 0.998578
20 9 0.997876
20 10 0.996684
20 11 0.994603
20 12 0.990875
20 13 0.984042
20 14 0.971301
20 15 0.947362
20 16 0.902756
20 17 0.822548
20 18 0.69066
20 19 0.510246
20 20 0.32313
20 21 0.177919
20 22 0.0882754
20 23 0.0408649
20 24 0.0181035
20 25 0.00779426
20 26 0.00328896
20 27 0.00136638
20 28 0.000560277
20 29 0.000227103
20 30 9.10965e-05
20 31 3.61914e-05
20 32 1.42509e-05
20 33 5.56522e-06
20 34 2.15661e-06
20 35 8.29727e-07
20 36 3.17086e-07
20 37 1.20416e-07
20 38 4.54604e-08
20 39 1.70679e-08
20 40 6.37495e-09
20 41 2.3695e-09
20 42 8.76693e-10
20 43 3.22972e-10
20 44 1.185e-10
20 45 4.33122e-11
20 46 1.57736e-11
20 47 5.72491e-12
20 48 2.07112e-12
20 49 7.46991e-13
20 50 2.68652e-13
20 51 1.06215e-13

21 1 0.998919
21 2 0.998881
21 3 0.998786
21 4 0.99861
21 5 0.998323
21 6 0.997869
21 7 0.997155
21 8 0.996016
21 9 0.994164
21 10 0.991081
21 11 0.985828
21 12 0.976687
21 13 0.960532
21 14 0.931799
21 15 0.881162
21 16 0.795155
21 17 0.661832
21 18 0.488779
21 19 0.314145
21 20 0.177919
21 21 0.0914394
21 22 0.0439234
21 23 0.020171
21 24 0.00898509
21 25 0.00391486
21 26 0.00167624
21 27 0.000707213
21 28 0.000294509
21 29 0.000121201
21 30 4.93378e-05
21 31 1.98823e-05
21 32 7.93725e-06
21 33 3.14097e-06
21 34 1.23282e-06
21 35 4.80186e-07
21 36 1.85697e-07
21 37 7.13312e-08
21 38 2.72281e-08
21 39 1.0332e-08
21 40 3.89885e-09
21 41 1.46357e-09
21 42 5.46706e-10
21 43 2.03272e-10
21 44 7.52489e-11
21 45 2.77414e-11
21 46 1.01873e-11
21 47 3.72726e-12
21 48 1.35895e-12
21 49 4.93827e-13
21 50 1.78901e-13
21 51 7.12097e-14

22 1 0.996769
22 2 0.996662
22 3 0.996393
22 4 0.995898
22 5 0.995096
22 6 0.993844
22 7 0.9919
22 8 0.988852
22 9 0.983995
22 10 0.976109
22 11 0.963088
22 12 0.941318
22 13 0.904804
22 14 0.844343
22 15 0.748533
22 16 0.611265
22 17 0.446275
22 18 0.288137
22 19 0.16657
22 20 0.0882754
22 21 0.0439234
22 22 0.0209119
22 23 0.0096486
22 24 0.00434778
22 25 0.0019221
22 26 0.000835955
22 27 0.000358316
22 28 0.000151563
22 29 6.33297e-05
22 30 2.61633e-05
22 31 1.06951e-05
22 32 4.32896e-06
22 33 1.73609e-06
22 34 6.90243e-07
22 35 2.72216e-07
22 36 1.06543e-07
22 37 4.14033e-08
22 38 1.59821e-08
22 39 6.13054e-09
22 40 2.33768e-09
22 41 8.86434e-10
22 42 3.34365e-10
22 43 1.25498e-10
22 44 4.68832e-11
22 45 1.7437e-11
22 46 6.45811e-12
22 47 2.38241e-12
22 48 8.75566e-13
22 49 3.20644e-13
22 50 1.17029e-13
22 51 4.69069e-14

23 1 0.990404
23 2 0.990104
23 3 0.989351
23 4 0.987976
23 5 0.985766
23 6 0.98236
23 7 0.97716
23 8 0.969181
23 9 0.956809
23 10 0.937414
23 11 0.906797
23 12 0.858592
23 13 0.784354
23 14 0.67656
23 15 0.537017
23 16 0.384742
23 17 0.248099
23 18 0.145722
23 19 0.0793929
23 20 0.0408649
23 21 0.020171
23 22 0.0096486
23 23 0.00450275
23 24 0.00205862
23 25 0.000924521
23 26 0.000408592
23 27 0.000177946
23 28 7.64512e-05
23 29 3.24335e-05
23 30 1.35981e-05
23 31 5.63864e-06
23 32 2.3141e-06
23 33 9.40553e-07
23 34 3.78825e-07
23 35 1.51283e-07
23 36 5.99325e-08
23 37 2.35647e-08
23 38 9.19989e-09
23 39 3.56784e-09
23 40 1.37498e-09
23 41 5.26756e-10
23 42 2.00674e-10
23 43 7.6046e-11
23 44 2.86741e-11
23 45 1.07609e-11
23 46 4.02037e-12
23 47 1.49568e-12
23 48 5.5419e-13
23 49 2.04559e-13
23 50 7.52398e-14
23 51 3.03646e-14

24 1 0.971999
24 2 0.97118
24 3 0.96914
24 4 0.96544
24 5 0.95957
24 6 0.950684
24 7 0.93743
24 8 0.917709
24 9 0.888328
24 10 0.84467
24 11 0.780781
24 12 0.69099
24 13 0.57445
24 14 0.440802
24 15 0.309445
24 16 0.199193
24 17 0.118759
24 18 0.0664532
24 19 0.0353675
24 20 0.0181035
24 21 0.00898509
24 22 0.00434778
24 23 0.00205862
24 24 0.00095614
24 25 0.000436391
24 26 0.000195994
24 27 8.67205e-05
24 28 3.78396e-05
24 29 1.6297e-05
24 30 6.93368e-06
24 31 2.91637e-06
24 32 1.21353e-06
24 33 4.99885e-07
24 34 2.03969e-07
24 35 8.24857e-08
24 36 3.30783e-08
24 37 1.31604e-08
24 38 5.19702e-09
24 39 2.03791e-09
24 40 7.93841e-10
24 41 3.07298e-10
24 42 1.18252e-10
24 43 4.5251e-11
24 44 1.72244e-11
24 45 6.52346e-12
24 46 2.45893e-12
24 47 9.22684e-13
24 48 3.44746e-13
24 49 1.28286e-13
24 50 4.75509e-14
24 51 1.9329e-14

25 1 0.921547
25 2 0.919475
25 3 0.914319
25 4 0.905078
25 5 0.890688
25 6 0.86947
25 7 0.838972
25 8 0.795896
25 9 0.736382
25 10 0.657221
25 11 0.558381
25 12 0.445864
25 13 0.331744
25 14 0.229505
25 15 0.148148
25 16 0.0898759
25 17 0.0517087
25 18 0.0284726
25 19 0.0151228
25 20 0.00779426
25 21 0.00391486
25 22 0.0019221
25 23 0.000924521
25 24 0.000436391
25 25 0.00020242
25 26 9.23756e-05
25 27 4.15187e-05
25 28 1.8396e-05
25 29 8.04222e-06
25 30 3.47178e-06
25 31 1.48109e-06
25 32 6.24835e-07
25 33 2.60849e-07
25 34 1.07826e-07
25 35 4.4158e-08
25 36 1.7926e-08
25 37 7.21705e-09
25 38 2.88298e-09
25 39 1.14319e-09
25 40 4.50159e-10
25 41 1.76095e-10
25 42 6.84572e-11
25 43 2.6456e-11
25 44 1.01671e-11
25 45 3.88656e-12
25 46 1.47824e-12
25 47 5.59575e-13
25 48 2.10854e-13
25 49 7.91145e-14
25 50 2.95652e-14
25 51 1.21014e-14

26 1 0.797063
26 2 0.792594
26 3 0.781386
26 4 0.76176
26 5 0.732342
26 6 0.691387
26 7 0.637214
26 8 0.569045
26 9 0.488219
26 10 0.399147
26 11 0.309017
26 12 0.225812
26 13 0.155729
26 14 0.101617
26 15 0.0630319
26 16 0.0373846
26 17 0.021328
26 18 0.0117655
26 19 0.00630246
26 20 0.00328896
26 21 0.00167624
26 22 0.000835955
26 23 0.000408592
26 24 0.000195994
26 25 9.23756e-05
26 26 4.2825e-05
26 27 1.95475e-05
26 28 8.79296e-06
26 29 3.90122e-06
26 30 1.70858e-06
26 31 7.39201e-07
26 32 3.16145e-07
26 33 1.3375e-07
26 34 5.60078e-08
26 35 2.32275e-08
26 36 9.54531e-09
26 37 3.88893e-09
26 38 1.57155e-09
26 39 6.30195e-10
26 40 2.50872e-10
26 41 9.91808e-11
26 42 3.89546e-11
26 43 1.52053e-11
26 44 5.90029e-12
26 45 2.2768e-12
26 46 8.73923e-13
26 47 3.33755e-13
26 48 1.26854e-13
26 49 4.79949e-14
26 50 1.80855e-14
26 51 7.4496e-15

27 1 0.559292
27 2 0.552844
27 3 0.536632
27 4 0.509573
27 5 0.471889
27 6 0.424424
27 7 0.369022
27 8 0.308711
27 9 0.247465
27 10 0.189509
27 11 0.138428
27 12 0.0964515
27 13 0.0642088
27 14 0.0409583
27 15 0.0251261
27 16 0.0148788
27 17 0.0085342
27 18 0.00475538
27 19 0.00258045
27 20 0.00136638
27 21 0.000707213
27 22 0.000358316
27 23 0.000177946
27 24 8.67205e-05
27 25 4.15187e-05
27 26 1.95475e-05
27 27 9.05886e-06
27 28 4.13597e-06
27 29 1.86195e-06
27 30 8.2715e-07
27 31 3.62869e-07
27 32 1.57313e-07
27 33 6.74398e-08
27 34 2.86067e-08
27 35 1.20136e-08
27 36 4.99765e-09
27 37 2.06049e-09
27 38 8.42345e-10
27 39 3.41604e-10
27 40 1.37483e-10
27 41 5.49344e-11
27 42 2.18005e-11
27 43 8.5954e-12
27 44 3.36813e-12
27 45 1.31209e-12
27 46 5.08293e-13
27 47 1.95877e-13
27 48 7.50955e-14
27 49 2.86549e-14
27 50 1.08913e-14
27 51 4.51861e-15

28 1 0.291871
28 2 0.286909
28 3 0.27455
28 4 0.254793
28 5 0.228919
28 6 0.198691
28 7 0.166231
28 8 0.133789
28 9 0.103435
28 10 0.0767624
28 11 0.0546969
28 12 0.0374621
28 13 0.0247073
28 14 0.0157262
28 15 0.00968312
28 16 0.00578075
28 17 0.00335304
28 18 0.00189317
28 19 0.00104223
28 20 0.000560277
28 21 0.000294509
28 22 0.000151563
28 23 7.64512e-05
28 24 3.78396e-05
28 25 1.8396e-05
28 26 8.79296e-06
28 27 4.13597e-06
28 28 1.91615e-06
28 29 8.7507e-07
28 30 3.94236e-07
28 31 1.75343e-07
28 32 7.70434e-08
28 33 3.34644e-08
28 34 1.43779e-08
28 35 6.11397e-09
28 36 2.57457e-09
28 37 1.07414e-09
28 38 4.44224e-10
28 39 1.8219e-10
28 40 7.41332e-11
28 41 2.99393e-11
28 42 1.20053e-11
28 43 4.78151e-12
28 44 1.89218e-12
28 45 7.44205e-13
28 46 2.91001e-13
28 47 1.13165e-13
28 48 4.37761e-14
28 49 1.68421e-14
28 50 6.4504e-15
28 51 2.69784e-15

29 1 0.121138
29 2 0.11874
29 3 0.112783
29 4 0.103457
29 5 0.0915871
29 6 0.0781862
29 7 0.0643194
29 8 0.0509655
29 9 0.0388961
29 10 0.0286022
29 11 0.0202824
29 12 0.0138863
29 13 0.00919245
29 14 0.00589298
29 15 0.00366431
29 16 0.00221353
29 17 0.00130095
29 18 0.000744955
29 19 0.000416169
29 20 0.000227103
29 21 0.000121201
29 22 6.33297e-05
29 23 3.24335e-05
29 24 1.6297e-05
29 25 8.04222e-06
29 26 3.90122e-06
29 27 1.86195e-06
29 28 8.7507e-07
29 29 4.05297e-07
29 30 1.85136e-07
29 31 8.34656e-08
29 32 3.71637e-08
29 33 1.63533e-08
29 34 7.11593e-09
29 35 3.06371e-09
29 36 1.30584e-09
29 37 5.51291e-10
29 38 2.30637e-10
29 39 9.56614e-11
29 40 3.93539e-11
29 41 1.60642e-11
29 42 6.509e-12
29 43 2.61887e-12
29 44 1.04665e-12
29 45 4.15645e-13
29 46 1.64047e-13
29 47 6.43929e-14
29 48 2.51354e-14
29 49 9.74776e-15
29 50 3.76366e-15
29 51 1.58762e-15

30 1 0.0443321
30 2 0.0434139
30 3 0.0411291
30 4 0.0375814
30 5 0.0331172
30 6 0.028143
30 7 0.0230651
30 8 0.0182357
30 9 0.0139147
30 10 0.0102546
30 11 0.00730533
30 12 0.00503619
30 13 0.00336364
30 14 0.00217919
30 15 0.0013712
30 16 0.000839016
30 17 0.000499842
30 18 0.000290275
30 19 0.000164514
30 20 9.10965e-05
30 21 4.93378e-05
30 22 2.61633e-05
30 23 1.35981e-05
30 24 6.93368e-06
30 25 3.47178e-06
30 26 1.70858e-06
30 27 8.2715e-07
30 28 3.94236e-07
30 29 1.85136e-07
30 30 8.57258e-08
30 31 3.91675e-08
30 32 1.76695e-08
30 33 7.87565e-09
30 34 3.47034e-09
30 35 1.51262e-09
30 36 6.52524e-10
30 37 2.78736e-10
30 38 1.17959e-10
30 39 4.94778e-11
30 40 2.05786e-11
30 41 8.4904e-12
30 42 3.47626e-12
30 43 1.41296e-12
30 44 5.70333e-13
30 45 2.28684e-13
30 46 9.11271e-14
30 47 3.60934e-14
30 48 1.4222e-14
30 49 5.56222e-15
30 50 2.16493e-15
30 51 9.21485e-16

31 1 0.0153068
31 2 0.0149906
31 3 0.0142022
31 4 0.0129804
31 5 0.0114468
31 6 0.00974201
31 7 0.00800452
31 8 0.00635263
31 9 0.00487272
31 10 0.00361502
31 11 0.00259621
31 12 0.00180662
31 13 0.00121936
31 14 0.000799073
31 15 0.000508981
31 16 0.000315463
31 17 0.000190458
31 18 0.000112129
31 19 6.44421e-05
31 20 3.61914e-05
31 21 1.98823e-05
31 22 1.06951e-05
31 23 5.63864e-06
31 24 2.91637e-06
31 25 1.48109e-06
31 26 7.39201e-07
31 27 3.62869e-07
31 28 1.75343e-07
31 29 8.34656e-08
31 30 3.91675e-08
31 31 1.81319e-08
31 32 8.28607e-09
31 33 3.74035e-09
31 34 1.66876e-09
31 35 7.36281e-10
31 36 3.21433e-10
31 37 1.38918e-10
31 38 5.94645e-11
31 39 2.52225e-11
31 40 1.06056e-11
31 41 4.42262e-12
31 42 1.82975e-12
31 43 7.51321e-13
31 44 3.06288e-13
31 45 1.24023e-13
31 46 4.98823e-14
31 47 1.99507e-14
31 48 7.92699e-15
31 49 3.13083e-15
31 50 1.23235e-15
31 51 5.32907e-16

32 1 0.00516576
32 2 0.0050613
32 3 0.00480048
32 4 0.00439596
32 5 0.00388748
32 6 0.003321
32 7 0.00274182
32 8 0.00218881
32 9 0.00169062
32 10 0.00126433
32 11 0.000916207
32 12 0.0006439
32 13 0.000439265
32 14 0.000291158
32 15 0.000187693
32 16 0.000117791
32 17 7.20367e-05
32 18 4.29738e-05
32 19 2.50318e-05
32 20 1.42509e-05
32 21 7.93725e-06
32 22 4.32896e-06
32 23 2.3141e-06
32 24 1.21353e-06
32 25 6.24835e-07
32 26 3.16145e-07
32 27 1.57313e-07
32 28 7.70434e-08
32 29 3.71637e-08
32 30 1.76695e-08
32 31 8.28607e-09
32 32 3.83505e-09
32 33 1.75291e-09
32 34 7.91722e-10
32 35 3.53551e-10
32 36 1.56182e-10
32 37 6.82852e-11
32 38 2.95633e-11
32 39 1.26795e-11
32 40 5.38979e-12
32 41 2.27161e-12
32 42 9.49651e-13
32 43 3.93929e-13
32 44 1.62204e-13
32 45 6.63136e-14
32 46 2.69451e-14
32 47 1.08691e-14
32 48 4.36318e-15
32 49 1.74305e-15
32 50 6.88338e-16
32 51 2.9976e-16

33 1 0.00172925
33 2 0.00169523
33 3 0.0016102
33 4 0.00147809
33 5 0.00131157
33 6 0.00112537
33 7 0.000934115
33 8 0.00075045
33 9 0.00058387
33 10 0.000440223
33 11 0.000321889
33 12 0.000228433
33 13 0.000157467
33 14 0.00010553
33 15 6.88188e-05
33 16 4.37096e-05
33 17 2.70637e-05
33 18 1.63508e-05
33 19 9.64803e-06
33 20 5.56522e-06
33 21 3.14097e-06
33 22 1.73609e-06
33 23 9.40553e-07
33 24 4.99885e-07
33 25 2.60849e-07
33 26 1.3375e-07
33 27 6.74398e-08
33 28 3.34644e-08
33 29 1.63533e-08
33 30 7.87565e-09
33 31 3.74035e-09
33 32 1.75291e-09
33 33 8.11134e-10
33 34 3.70819e-10
33 35 1.67574e-10
33 36 7.48963e-11
33 37 3.31236e-11
33 38 1.45026e-11
33 39 6.2891e-12
33 40 2.70239e-12
33 41 1.15109e-12
33 42 4.86222e-13
33 43 2.03759e-13
33 44 8.47322e-14
33 45 3.49831e-14
33 46 1.43441e-14
33 47 5.85088e-15
33 48 2.36478e-15
33 49 9.4369e-16
33 50 3.77476e-16
33 51 1.55431e-16

34 1 0.000577267
34 2 0.000566239
34 3 0.00053864
34 4 0.000495673
34 5 0.000441355
34 6 0.000380374
34 7 0.000317423
34 8 0.00025661
34 9 0.000201073
34 10 0.000152809
34 11 0.000112706
34 12 8.07353e-05
34 13 5.62122e-05
34 14 3.80713e-05
34 15 2.51029e-05
34 16 1.61278e-05
34 17 1.01048e-05
34 18 6.17961e-06
34 19 3.6919e-06
34 20 2.15661e-06
34 21 1.23282e-06
34 22 6.90243e-07
34 23 3.78825e-07
34 24 2.03969e-07
34 25 1.07826e-07
34 26 5.60078e-08
34 27 2.86067e-08
34 28 1.43779e-08
34 29 7.11593e-09
34 30 3.47034e-09
34 31 1.66876e-09
34 32 7.91722e-10
34 33 3.70819e-10
34 34 1.71557e-10
34 35 7.84428e-11
34 36 3.54666e-11
34 37 1.58644e-11
34 38 7.02381e-12
34 39 3.07938e-12
34 40 1.33747e-12
34 41 5.75717e-13
34 42 2.45715e-13
34 43 1.04006e-13
34 44 4.36873e-14
34 45 1.82077e-14
34 46 7.53841e-15
34 47 3.09752e-15
34 48 1.26565e-15
34 49 5.10703e-16
34 50 1.9984e-16
34 51 8.88178e-17

35 1 0.000192527
35 2 0.000188955
35 3 0.000180005
35 4 0.000166045
35 5 0.000148343
35 6 0.000128393
35 7 0.000107696
35 8 8.75869e-05
35 9 6.90995e-05
35 10 5.29119e-05
35 11 3.93499e-05
35 12 2.84405e-05
35 13 1.99913e-05
35 14 1.36766e-05
35 15 9.11347e-06
35 16 5.91972e-06
35 17 3.75128e-06
35 18 2.321e-06
35 19 1.40327e-06
35 20 8.29727e-07
35 21 4.80186e-07
35 22 2.72216e-07
35 23 1.51283e-07
35 24 8.24857e-08
35 25 4.4158e-08
35 26 2.32275e-08
35 27 1.20136e-08
35 28 6.11397e-09
35 29 3.06371e-09
35 30 1.51262e-09
35 31 7.36281e-10
35 32 3.53551e-10
35 33 1.67574e-10
35 34 7.84428e-11
35 35 3.62845e-11
35 36 1.65934e-11
35 37 7.50604e-12
35 38 3.36006e-12
35 39 1.48916e-12
35 40 6.53699e-13
35 41 2.8435e-13
35 42 1.22602e-13
35 43 5.24247e-14
35 44 2.22378e-14
35 45 9.35918e-15
35 46 3.90799e-15
35 47 1.62093e-15
35 48 6.66134e-16
35 49 2.77556e-16
35 50 1.22125e-16
35 51 5.55112e-17

36 1 6.41901e-05
36 2 6.30328e-05
36 3 6.01301e-05
36 4 5.55938e-05
36 5 4.98255e-05
36 6 4.32996e-05
36 7 3.6498e-05
36 8 2.98526e-05
36 9 2.37042e-05
36 10 1.82821e-05
36 11 1.37036e-05
36 12 9.98892e-06
36 13 7.08538e-06
36 14 4.89406e-06
36 15 3.29419e-06
36 16 2.16233e-06
36 17 1.38522e-06
36 18 8.66699e-07
36 19 5.30041e-07
36 20 3.17086e-07
36 21 1.85697e-07
36 22 1.06543e-07
36 23 5.99325e-08
36 24 3.30783e-08
36 25 1.7926e-08
36 26 9.54531e-09
36 27 4.99765e-09
36 28 2.57457e-09
36 29 1.30584e-09
36 30 6.52524e-10
36 31 3.21433e-10
36 32 1.56182e-10
36 33 7.48963e-11
36 34 3.54666e-11
36 35 1.65934e-11
36 36 7.67416e-12
36 37 3.51004e-12
36 38 1.58848e-12
36 39 7.11586e-13
36 40 3.15692e-13
36 41 1.38733e-13
36 42 6.04405e-14
36 43 2.60902e-14
36 44 1.11799e-14
36 45 4.75175e-15
36 46 2.0095e-15
36 47 8.32667e-16
36 48 3.55271e-16
36 49 1.44329e-16
36 50 5.55112e-17
36 51 2.22045e-17

37 1 2.13992e-05
37 2 2.1024e-05
37 3 2.00822e-05
37 4 1.86075e-05
37 5 1.67272e-05
37 6 1.45922e-05
37 7 1.23573e-05
37 8 1.01621e-05
37 9 8.11883e-06
37 10 6.30467e-06
37 11 4.76124e-06
37 12 3.49877e-06
37 13 2.50331e-06
37 14 1.74501e-06
37 15 1.18592e-06
37 16 7.863e-07
37 17 5.08983e-07
37 18 3.21894e-07
37 19 1.99037e-07
37 20 1.20416e-07
37 21 7.13312e-08
37 22 4.14033e-08
37 23 2.35647e-08
37 24 1.31604e-08
37 25 7.21705e-09
37 26 3.88893e-09
37 27 2.06049e-09
37 28 1.07414e-09
37 29 5.51291e-10
37 30 2.78736e-10
37 31 1.38918e-10
37 32 6.82852e-11
37 33 3.31236e-11
37 34 1.58644e-11
37 35 7.50604e-12
37 36 3.51004e-12
37 37 1.62307e-12
37 38 7.42462e-13
37 39 3.36153e-13
37 40 1.50679e-13
37 41 6.69131e-14
37 42 2.94431e-14
37 43 1.28342e-14
37 44 5.54001e-15
37 45 2.38698e-15
37 46 1.0103e-15
37 47 4.32987e-16
37 48 1.77636e-16
37 49 7.77156e-17
37 50 2.22045e-17
37 51 0

38 1 7.13366e-06
38 2 7.01194e-06
38 3 6.70611e-06
38 4 6.22644e-06
38 5 5.61327e-06
38 6 4.91469e-06
38 7 4.1803e-06
38 8 3.4554e-06
38 9 2.77677e-06
38 10 2.17035e-06
38 11 1.65074e-06
38 12 1.22242e-06
38 13 8.81859e-07
38 14 6.20125e-07
38 15 4.25334e-07
38 16 2.84731e-07
38 17 1.86158e-07
38 18 1.1895e-07
38 19 7.43331e-08
38 20 4.54604e-08
38 21 2.72281e-08
38 22 1.59821e-08
38 23 9.19989e-09
38 24 5.19702e-09
38 25 2.88298e-09
38 26 1.57155e-09
38 27 8.42345e-10
38 28 4.44224e-10
38 29 2.30637e-10
38 30 1.17959e-10
38 31 5.94645e-11
38 32 2.95633e-11
38 33 1.45026e-11
38 34 7.02381e-12
38 35 3.36006e-12
38 36 1.58848e-12
38 37 7.42462e-13
38 38 3.43259e-13
38 39 1.57041e-13
38 40 7.11209e-14
38 41 3.18967e-14
38 42 1.41775e-14
38 43 6.23945e-15
38 44 2.72005e-15
38 45 1.16573e-15
38 46 5.10703e-16
38 47 2.10942e-16
38 48 9.99201e-17
38 49 3.33067e-17
38 50 1.11022e-17
38 51 0

39 1 2.37805e-06
39 2 2.33853e-06
39 3 2.23916e-06
39 4 2.08305e-06
39 5 1.88301e-06
39 6 1.65438e-06
39 7 1.41306e-06
39 8 1.17373e-06
39 9 9.48455e-07
39 10 7.45914e-07
39 11 5.71192e-07
39 12 4.261e-07
39 13 3.09819e-07
39 14 2.19693e-07
39 15 1.52015e-07
39 16 1.02704e-07
39 17 6.77938e-08
39 18 4.3749e-08
39 19 2.76187e-08
39 20 1.70679e-08
39 21 1.0332e-08
39 22 6.13054e-09
39 23 3.56784e-09
39 24 2.03791e-09
39 25 1.14319e-09
39 26 6.30195e-10
39 27 3.41604e-10
39 28 1.8219e-10
39 29 9.56614e-11
39 30 4.94778e-11
39 31 2.52225e-11
39 32 1.26795e-11
39 33 6.2891e-12
39 34 3.07938e-12
39 35 1.48916e-12
39 36 7.11586e-13
39 37 3.36153e-13
39 38 1.57041e-13
39 39 7.25864e-14
39 40 3.32179e-14
39 41 1.50324e-14
39 42 6.75016e-15
39 43 2.9976e-15
39 44 1.31006e-15
39 45 5.77316e-16
39 46 2.55351e-16
39 47 1.22125e-16
39 48 4.44089e-17
39 49 2.22045e-17
39 50 0
39 51 0

40 1 7.92732e-07
40 2 7.79894e-07
40 3 7.47586e-07
40 4 6.96754e-07
40 5 6.31465e-07
40 6 5.56615e-07
40 7 4.77315e-07
40 8 3.98313e-07
40 9 3.23568e-07
40 10 2.55972e-07
40 11 1.97284e-07
40 12 1.48205e-07
40 13 1.08573e-07
40 14 7.76067e-08
40 15 5.41537e-08
40 16 3.69113e-08
40 17 2.45894e-08
40 18 1.60196e-08
40 19 1.02127e-08
40 20 6.37495e-09
40 21 3.89885e-09
40 22 2.33768e-09
40 23 1.37498e-09
40 24 7.93841e-10
40 25 4.50159e-10
40 26 2.50872e-10
40 27 1.37483e-10
40 28 7.41332e-11
40 29 3.93539e-11
40 30 2.05786e-11
40 31 1.06056e-11
40 32 5.38979e-12
40 33 2.70239e-12
40 34 1.33747e-12
40 35 6.53699e-13
40 36 3.15692e-13
40 37 1.50679e-13
40 38 7.11209e-14
40 39 3.32179e-14
40 40 1.53433e-14
40 41 7.02771e-15
40 42 3.17524e-15
40 43 1.43219e-15
40 44 6.32827e-16
40 45 2.77556e-16
40 46 1.33227e-16
40 47 5.55112e-17
40 48 2.22045e-17
40 49 0
40 50 0
40 51 0

41 1 2.64259e-07
41 2 2.60086e-07
41 3 2.49575e-07
41 4 2.33014e-07
41 5 2.11697e-07
41 6 1.87187e-07
41 7 1.61126e-07
41 8 1.35052e-07
41 9 1.10261e-07
41 10 8.77175e-08
41 11 6.80242e-08
41 12 5.14447e-08
41 13 3.79595e-08
41 14 2.7341e-08
41 15 1.9233e-08
41 16 1.32206e-08
41 17 8.88517e-09
41 18 5.84168e-09
41 19 3.75938e-09
41 20 2.3695e-09
41 21 1.46357e-09
41 22 8.86434e-10
41 23 5.26756e-10
41 24 3.07298e-10
41 25 1.76095e-10
41 26 9.91808e-11
41 27 5.49344e-11
41 28 2.99393e-11
41 29 1.60642e-11
41 30 8.4904e-12
41 31 4.42262e-12
41 32 2.27161e-12
41 33 1.15109e-12
41 34 5.75717e-13
41 35 2.8435e-13
41 36 1.38733e-13
41 37 6.69131e-14
41 38 3.18967e-14
41 39 1.50324e-14
41 40 7.02771e-15
41 41 3.23075e-15
41 42 1.4877e-15
41 43 6.77236e-16
41 44 2.9976e-16
41 45 1.33227e-16
41 46 5.55112e-17
41 47 2.22045e-17
41 48 0
41 49 0
41 50 0
41 51 0

42 1 8.80908e-08
42 2 8.67334e-08
42 3 8.33123e-08
42 4 7.79141e-08
42 5 7.0951e-08
42 6 6.29231e-08
42 7 5.43577e-08
42 8 4.57535e-08
42 9 3.75342e-08
42 10 3.00202e-08
42 11 2.34179e-08
42 12 1.78239e-08
42 13 1.32424e-08
42 14 9.60812e-09
42 15 6.81129e-09
42 16 4.72018e-09
42 17 3.19926e-09
42 18 2.12196e-09
42 19 1.37802e-09
42 20 8.76693e-10
42 21 5.46706e-10
42 22 3.34365e-10
42 23 2.00674e-10
42 24 1.18252e-10
42 25 6.84572e-11
42 26 3.89546e-11
42 27 2.18005e-11
42 28 1.20053e-11
42 29 6.509e-12
42 30 3.47626e-12
42 31 1.82975e-12
42 32 9.49651e-13
42 33 4.86222e-13
42 34 2.45715e-13
42 35 1.22602e-13
42 36 6.04405e-14
42 37 2.94431e-14
42 38 1.41775e-14
42 39 6.75016e-15
42 40 3.17524e-15
42 41 1.4877e-15
42 42 6.88338e-16
42 43 3.21965e-16
42 44 1.44329e-16
42 45 5.55112e-17
42 46 2.22045e-17
42 47 0
42 48 0
42 49 0
42 50 0
42 51 0

43 1 2.9365e-08
43 2 2.89233e-08
43 3 2.7809e-08
43 4 2.60486e-08
43 5 2.37734e-08
43 6 2.11432e-08
43 7 1.83279e-08
43 8 1.54888e-08
43 9 1.27646e-08
43 10 1.02616e-08
43 11 8.04994e-09
43 12 6.16459e-09
43 13 4.61026e-09
43 14 3.36855e-09
43 15 2.40578e-09
43 16 1.68023e-09
43 17 1.14814e-09
43 18 7.67985e-10
43 19 5.03114e-10
43 20 3.22972e-10
43 21 2.03272e-10
43 22 1.25498e-10
43 23 7.6046e-11
43 24 4.5251e-11
43 25 2.6456e-11
43 26 1.52053e-11
43 27 8.5954e-12
43 28 4.78151e-12
43 29 2.61887e-12
43 30 1.41296e-12
43 31 7.51321e-13
43 32 3.93929e-13
43 33 2.03759e-13
43 34 1.04006e-13
43 35 5.24247e-14
43 36 2.60902e-14
43 37 1.28342e-14
43 38 6.23945e-15
43 39 2.9976e-15
43 40 1.43219e-15
43 41 6.77236e-16
43 42 3.21965e-16
43 43 1.55431e-16
43 44 5.55112e-17
43 45 2.22045e-17
43 46 0
43 47 0
43 48 0
43 49 0
43 50 0
43 51 0

44 1 9.78881e-09
44 2 9.64493e-09
44 3 9.28188e-09
44 4 8.7075e-09
44 5 7.96376e-09
44 6 7.10186e-09
44 7 6.17639e-09
44 8 5.23967e-09
44 9 4.33701e-09
44 10 3.50366e-09
44 11 2.76337e-09
44 12 2.1286e-09
44 13 1.60197e-09
44 14 1.1784e-09
44 15 8.47614e-10
44 16 5.96435e-10
44 17 4.1076e-10
44 18 2.77e-10
44 19 1.83e-10
44 20 1.185e-10
44 21 7.52489e-11
44 22 4.68832e-11
44 23 2.86741e-11
44 24 1.72244e-11
44 25 1.01671e-11
44 26 5.90029e-12
44 27 3.36813e-12
44 28 1.89218e-12
44 29 1.04665e-12
44 30 5.70333e-13
44 31 3.06288e-13
44 32 1.62204e-13
44 33 8.47322e-14
44 34 4.36873e-14
44 35 2.22378e-14
44 36 1.11799e-14
44 37 5.54001e-15
44 38 2.72005e-15
44 39 1.31006e-15
44 40 6.32827e-16
44 41 2.9976e-16
44 42 1.44329e-16
44 43 5.55112e-17
44 44 2.22045e-17
44 45 0
44 46 0
44 47 0
44 48 0
44 49 0
44 50 0
44 51 0

45 1 3.26308e-09
45 2 3.21621e-09
45 3 3.09784e-09
45 4 2.91036e-09
45 5 2.66715e-09
45 6 2.38464e-09
45 7 2.08039e-09
45 8 1.77135e-09
45 9 1.47233e-09
45 10 1.19501e-09
45 11 9.47385e-10
45 12 7.3387e-10
45 13 5.55655e-10
45 14 4.11385e-10
45 15 2.97936e-10
45 16 2.11162e-10
45 17 1.46525e-10
45 18 9.95882e-11
45 19 6.63293e-11
45 20 4.33122e-11
45 21 2.77414e-11
45 22 1.7437e-11
45 23 1.07609e-11
45 24 6.52346e-12
45 25 3.88656e-12
45 26 2.2768e-12
45 27 1.31209e-12
45 28 7.44205e-13
45 29 4.15645e-13
45 30 2.28684e-13
45 31 1.24023e-13
45 32 6.63136e-14
45 33 3.49831e-14
45 34 1.82077e-14
45 35 9.35918e-15
45 36 4.75175e-15
45 37 2.38698e-15
45 38 1.16573e-15
45 39 5.77316e-16
45 40 2.77556e-16
45 41 1.33227e-16
45 42 5.55112e-17
45 43 2.22045e-17
45 44 0
45 45 0
45 46 0
45 47 0
45 48 0
45 49 0
45 50 0
45 51 0

46 1 1.08774e-09
46 2 1.07246e-09
46 3 1.03385e-09
46 4 9.72629e-10
46 5 8.93074e-10
46 6 8.00448e-10
46 7 7.00415e-10
46 8 5.98463e-10
46 9 4.99432e-10
46 10 4.0718e-10
46 11 3.24406e-10
46 12 2.52651e-10
46 13 1.9241e-10
46 14 1.43339e-10
46 15 1.04495e-10
46 16 7.45748e-11
46 17 5.21241e-11
46 18 3.56956e-11
46 19 2.39615e-11
46 20 1.57736e-11
46 21 1.01873e-11
46 22 6.45811e-12
46 23 4.02037e-12
46 24 2.45893e-12
46 25 1.47824e-12
46 26 8.73923e-13
46 27 5.08293e-13
46 28 2.91001e-13
46 29 1.64047e-13
46 30 9.11271e-14
46 31 4.98823e-14
46 32 2.69451e-14
46 33 1.43441e-14
46 34 7.53841e-15
46 35 3.90799e-15
46 36 2.0095e-15
46 37 1.0103e-15
46 38 5.10703e-16
46 39 2.55351e-16
46 40 1.33227e-16
46 41 5.55112e-17
46 42 2.22045e-17
46 43 0
46 44 0
46 45 0
46 46 0
46 47 0
46 48 0
46 49 0
46 50 0
46 51 0

47 1 3.62595e-10
47 2 3.57611e-10
47 3 3.45013e-10
47 4 3.25013e-10
47 5 2.9898e-10
47 6 2.68605e-10
47 7 2.35711e-10
47 8 2.02078e-10
47 9 1.69287e-10
47 10 1.38612e-10
47 11 1.10959e-10
47 12 8.68635e-11
47 13 6.65219e-11
47 14 4.98527e-11
47 15 3.65734e-11
47 16 2.6276e-11
47 17 1.84944e-11
47 18 1.27579e-11
47 19 8.62901e-12
47 20 5.72491e-12
47 21 3.72726e-12
47 22 2.38241e-12
47 23 1.49568e-12
47 24 9.22684e-13
47 25 5.59575e-13
47 26 3.33755e-13
47 27 1.95877e-13
47 28 1.13165e-13
47 29 6.43929e-14
47 30 3.60934e-14
47 31 1.99507e-14
47 32 1.08691e-14
47 33 5.85088e-15
47 34 3.09752e-15
47 35 1.62093e-15
47 36 8.32667e-16
47 37 4.32987e-16
47 38 2.10942e-16
47 39 1.22125e-16
47 40 5.55112e-17
47 41 2.22045e-17
47 42 0
47 43 0
47 44 0
47 45 0
47 46 0
47 47 0
47 48 0
47 49 0
47 50 0
47 51 0

48 1 1.2087e-10
48 2 1.19244e-10
48 3 1.15131e-10
48 4 1.08594e-10
48 5 1.00073e-10
48 6 9.01096e-11
48 7 7.92921e-11
48 8 6.81973e-11
48 9 5.73415e-11
48 10 4.71449e-11
48 11 3.79117e-11
48 12 2.98266e-11
48 13 2.29646e-11
48 14 1.7309e-11
48 15 1.27759e-11
48 16 9.23792e-12
48 17 6.54603e-12
48 18 4.54747e-12
48 19 3.09828e-12
48 20 2.07112e-12
48 21 1.35895e-12
48 22 8.75566e-13
48 23 5.5419e-13
48 24 3.44746e-13
48 25 2.10854e-13
48 26 1.26854e-13
48 27 7.50955e-14
48 28 4.37761e-14
48 29 2.51354e-14
48 30 1.4222e-14
48 31 7.92699e-15
48 32 4.36318e-15
48 33 2.36478e-15
48 34 1.26565e-15
48 35 6.66134e-16
48 36 3.55271e-16
48 37 1.77636e-16
48 38 9.99201e-17
48 39 4.44089e-17
48 40 2.22045e-17
48 41 0
48 42 0
48 43 0
48 44 0
48 45 0
48 46 0
48 47 0
48 48 0
48 49 0
48 50 0
48 51 0

49 1 4.02915e-11
49 2 3.97606e-11
49 3 3.84173e-11
49 4 3.62803e-11
49 5 3.34902e-11
49 6 3.02213e-11
49 7 2.66634e-11
49 8 2.30035e-11
49 9 1.94102e-11
49 10 1.60219e-11
49 11 1.29405e-11
49 12 1.02295e-11
49 13 7.91672e-12
49 14 6.00007e-12
49 15 4.45474e-12
49 16 3.24109e-12
49 17 2.31161e-12
49 18 1.61677e-12
49 19 1.10933e-12
49 20 7.46991e-13
49 21 4.93827e-13
49 22 3.20644e-13
49 23 2.04559e-13
49 24 1.28286e-13
49 25 7.91145e-14
49 26 4.79949e-14
49 27 2.86549e-14
49 28 1.68421e-14
49 29 9.74776e-15
49 30 5.56222e-15
49 31 3.13083e-15
49 32 1.74305e-15
49 33 9.4369e-16
49 34 5.10703e-16
49 35 2.77556e-16
49 36 1.44329e-16
49 37 7.77156e-17
49 38 3.33067e-17
49 39 2.22045e-17
49 40 0
49 41 0
49 42 0
49 43 0
49 44 0
49 45 0
49 46 0
49 47 0
49 48 0
49 49 0
49 50 0
49 51 0

50 1 1.3431e-11
50 2 1.32576e-11
50 3 1.28187e-11
50 4 1.21198e-11
50 5 1.12059e-11
50 6 1.01332e-11
50 7 8.96289e-12
50 8 7.75557e-12
50 9 6.56631e-12
50 10 5.44075e-12
