#x #y #phase
1 1 1
1 2 1
1 3 1
1 4 1
1 5 1
1 6 1
1 7 1
1 8 1
1 9 1
1 10 1
1 11 1
1 12 1
1 13 1
1 14 1
1 15 1
1 16 1
1 17 1
1 18 1
1 19 1
1 20 1
1 21 1
1 22 1
1 23 1
1 24 0.999999
1 25 0.999998
1 26 0.999995
1 27 0.999986
1 28 0.999957
1 29 0.999868
1 30 0.999597
1 31 0.998773
1 32 0.996267
1 33 0.988674
1 34 0.965989
1 35 0.90118
1 36 0.739043
1 37 0.456782
1 38 0.20979
1 39 0.0820423
1 40 0.0300508
1 41 0.0107434
1 42 0.00380701
1 43 0.00134426
1 44 0.000473708
1 45 0.000166614
1 46 5.84634e-05
1 47 2.04529e-05
1 48 7.13134e-06
1 49 2.48457e-06
1 50 8.88011e-07
1 51 3.93615e-07

2 1 1
2 2 1
2 3 1
2 4 1
2 5 1
2 6 1
2 7 1
2 8 1
2 9 1
2 10 1
2 11 1
2 12 1
2 13 1
2 14 1
2 15 1
2 16 1
2 17 1
2 18 1
2 19 1
2 20 1
2 21 1
2 22 1
2 23 1
2 24 1
2 25 0.999998
2 26 0.999995
2 27 0.999985
2 28 0.999955
2 29 0.999863
2 30 0.999583
2 31 0.998732
2 32 0.996145
2 33 0.988317
2 34 0.964964
2 35 0.898419
2 36 0.732987
2 37 0.449359
2 38 0.205298
2 39 0.080122
2 40 0.0293321
2 41 0.0104871
2 42 0.00371712
2 43 0.00131294
2 44 0.000462826
2 45 0.00016284
2 46 5.71576e-05
2 47 2.00023e-05
2 48 6.97633e-06
2 49 2.43129e-06
2 50 8.69244e-07
2 51 3.85425e-07

3 1 1
3 2 1
3 3 1
3 4 1
3 5 1
3 6 1
3 7 1
3 8 1
3 9 1
3 10 1
3 11 1
3 12 1
3 13 1
3 14 1
3 15 1
3 16 1
3 17 1
3 18 1
3 19 1
3 20 1
3 21 1
3 22 1
3 23 1
3 24 0.999999
3 25 0.999998
3 26 0.999995
3 27 0.999984
3 28 0.999952
3 29 0.999853
3 30 0.999554
3 31 0.998645
3 32 0.99589
3 33 0.98757
3 34 0.962822
3 35 0.892682
3 36 0.720573
3 37 0.434606
3 38 0.196535
3 39 0.0764015
3 40 0.0279428
3 41 0.00999169
3 42 0.00354339
3 43 0.00125239
3 44 0.000441776
3 45 0.000155537
3 46 5.46295e-05
3 47 1.91294e-05
3 48 6.67593e-06
3 49 2.328e-06
3 50 8.32844e-07
3 51 3.69531e-07

4 1 1
4 2 1
4 3 1
4 4 1
4 5 1
4 6 1
4 7 1
4 8 1
4 9 1
4 10 1
4 11 1
4 12 1
4 13 1
4 14 1
4 15 1
4 16 1
4 17 1
4 18 1
4 19 1
4 20 1
4 21 1
4 22 1
4 23 1
4 24 0.999999
4 25 0.999998
4 26 0.999994
4 27 0.999982
4 28 0.999946
4 29 0.999837
4 30 0.999506
4 31 0.998504
4 32 0.995474
4 33 0.986355
4 34 0.95936
4 35 0.883514
4 36 0.701218
4 37 0.412763
4 38 0.183938
4 39 0.0711125
4 40 0.0259743
4 41 0.0092903
4 42 0.00329733
4 43 0.00116656
4 44 0.00041192
4 45 0.000145171
4 46 5.1038e-05
4 47 1.78886e-05
4 48 6.24855e-06
4 49 2.18093e-06
4 50 7.80976e-07
4 51 3.46865e-07

5 1 1
5 2 1
5 3 1
5 4 1
5 5 1
5 6 1
5 7 1
5 8 1
5 9 1
5 10 1
5 11 1
5 12 1
5 13 1
5 14 1
5 15 1
5 16 1
5 17 1
5 18 1
5 19 1
5 20 1
5 21 1
5 22 1
5 23 1
5 24 0.999999
5 25 0.999998
5 26 0.999993
5 27 0.999979
5 28 0.999938
5 29 0.999812
5 30 0.999434
5 31 0.998292
5 32 0.994851
5 33 0.984544
5 34 0.95424
5 35 0.870182
5 36 0.674127
5 37 0.384302
5 38 0.168153
5 39 0.0645786
5 40 0.0235531
5 41 0.00842822
5 42 0.00299474
5 43 0.00106092
5 44 0.00037513
5 45 0.000132383
5 46 4.66027e-05
5 47 1.63545e-05
5 48 5.71963e-06
5 49 1.99872e-06
5 50 7.16646e-07
5 51 3.1872e-07

6 1 1
6 2 1
6 3 1
6 4 1
6 5 1
6 6 1
6 7 1
6 8 1
6 9 1
6 10 1
6 11 1
6 12 1
6 13 1
6 14 1
6 15 1
6 16 1
6 17 1
6 18 1
6 19 1
6 20 1
6 21 1
6 22 1
6 23 1
6 24 0.999999
6 25 0.999997
6 26 0.999992
6 27 0.999975
6 28 0.999925
6 29 0.999776
6 30 0.999328
6 31 0.997982
6 32 0.993948
6 33 0.981935
6 34 0.946938
6 35 0.851613
6 36 0.638434
6 37 0.350036
6 38 0.150001
6 39 0.0571886
6 40 0.0208281
6 41 0.00745863
6 42 0.00265415
6 43 0.00094186
6 44 0.000333608
6 45 0.000117929
6 46 4.15825e-05
6 47 1.46157e-05
6 48 5.11932e-06
6 49 1.79165e-06
6 50 6.43435e-07
6 51 2.86642e-07

7 1 1
7 2 1
7 3 1
7 4 1
7 5 1
7 6 1
7 7 1
7 8 1
7 9 1
7 10 1
7 11 1
7 12 1
7 13 1
7 14 1
7 15 1
7 16 1
7 17 1
7 18 1
7 19 1
7 20 1
7 21 1
7 22 1
7 23 1
7 24 0.999999
7 25 0.999997
7 26 0.999989
7 27 0.999969
7 28 0.999907
7 29 0.999723
7 30 0.999174
7 31 0.997535
7 32 0.99265
7 33 0.978213
7 34 0.936664
7 35 0.826317
7 36 0.593481
7 37 0.311193
7 38 0.13043
7 39 0.0493612
7 40 0.0179564
7 41 0.00643733
7 42 0.00229499
7 43 0.000816107
7 44 0.000289674
7 45 0.000102609
7 46 3.62519e-05
7 47 1.27662e-05
7 48 4.47977e-06
7 49 1.57069e-06
7 50 5.65174e-07
7 51 2.52289e-07

8 1 1
8 2 1
8 3 1
8 4 1
8 5 1
8 6 1
8 7 1
8 8 1
8 9 1
8 10 1
8 11 1
8 12 1
8 13 1
8 14 1
8 15 1
8 16 0.999999
8 17 1
8 18 0.999999
8 19 1
8 20 0.999999
8 21 1
8 22 1
8 23 1
8 24 0.999998
8 25 0.999995
8 26 0.999986
8 27 0.999959
8 28 0.99988
8 29 0.999645
8 30 0.99895
8 31 0.996886
8 32 0.990781
8 33 0.972901
8 34 0.922255
8 35 0.792329
8 36 0.539219
8 37 0.269418
8 38 0.110439
8 39 0.0415065
8 40 0.0150883
8 41 0.00541748
8 42 0.00193582
8 43 0.000690095
8 44 0.000245555
8 45 8.7191e-05
8 46 3.08762e-05
8 47 1.08974e-05
8 48 3.83225e-06
8 49 1.34654e-06
8 50 4.85626e-07
8 51 2.17297e-07

9 1 1
9 2 1
9 3 1
9 4 1
9 5 1
9 6 1
9 7 1
9 8 1
9 9 1
9 10 1
9 11 1
9 12 1
9 13 0.999999
9 14 1
9 15 0.999999
9 16 1
9 17 0.999999
9 18 1
9 19 0.999999
9 20 1
9 21 0.999999
9 22 1
9 23 0.999999
9 24 0.999998
9 25 0.999993
9 26 0.999981
9 27 0.999945
9 28 0.999839
9 29 0.999529
9 30 0.998617
9 31 0.995933
9 32 0.988061
9 33 0.96527
9 34 0.902037
9 35 0.74729
9 36 0.476656
9 37 0.226674
9 38 0.0909833
9 39 0.0339892
9 40 0.0123548
9 41 0.00444511
9 42 0.00159271
9 43 0.000569428
9 44 0.000203202
9 45 7.23531e-05
9 46 2.56903e-05
9 47 9.09038e-06
9 48 3.20472e-06
9 49 1.12882e-06
9 50 4.08177e-07
9 51 1.83144e-07

10 1 1
10 2 1
10 3 1
10 4 1
10 5 1
10 6 1
10 7 1
10 8 1
10 9 1
10 10 1
10 11 1
10 12 0.999999
10 13 1
10 14 0.999999
10 15 1
10 16 0.999998
10 17 1
10 18 0.999998
10 19 1
10 20 0.999998
10 21 1
10 22 0.999998
10 23 1
10 24 0.999996
10 25 0.999991
10 26 0.999973
10 27 0.999923
10 28 0.999777
10 29 0.999352
10 30 0.998115
10 31 0.994509
10 32 0.984044
10 33 0.954196
10 34 0.873673
10 35 0.688879
10 36 0.408146
10 37 0.185022
10 38 0.0728833
10 39 0.0270993
10 40 0.00985733
10 41 0.00355582
10 42 0.00127817
10 43 0.000458494
10 44 0.00016415
10 45 5.86329e-05
10 46 2.08817e-05
10 47 7.41036e-06
10 48 2.6198e-06
10 49 9.25378e-07
10 50 3.35611e-07
10 51 1.51055e-07

11 1 1
11 2 1
11 3 1
11 4 1
11 5 1
11 6 1
11 7 1
11 8 1
11 9 1
11 10 1
11 11 0.999999
11 12 1
11 13 0.999998
11 14 1
11 15 0.999997
11 16 1
11 17 0.999996
11 18 1
11 19 0.999996
11 20 1
11 21 0.999997
11 22 1
11 23 0.999997
11 24 0.999996
11 25 0.999985
11 26 0.999961
11 27 0.999887
11 28 0.999679
11 29 0.999077
11 30 0.997343
11 31 0.992343
11 32 0.978015
11 33 0.937948
11 34 0.834027
11 35 0.615874
11 36 0.337285
11 37 0.146351
11 38 0.05675
11 39 0.0210341
11 40 0.00766322
11 41 0.00277324
11 42 0.00100055
11 43 0.000360262
11 44 0.000129456
11 45 4.64041e-05
11 46 1.65824e-05
11 47 5.90379e-06
11 48 2.09376e-06
11 49 7.41887e-07
11 50 2.69965e-07
11 51 1.21933e-07

12 1 1
12 2 1
12 3 1
12 4 1
12 5 1
12 6 1
12 7 1
12 8 1
12 9 1
12 10 0.999999
12 11 1
12 12 0.999998
12 13 1
12 14 0.999996
12 15 1
12 16 0.999995
12 17 1.00001
12 18 0.999994
12 19 1.00001
12 20 0.999995
12 21 1
12 22 0.999996
12 23 0.999999
12 24 0.999991
12 25 0.999979
12 26 0.999939
12 27 0.999831
12 28 0.999521
12 29 0.998641
12 30 0.996132
12 31 0.988983
12 32 0.968815
12 33 0.913889
12 34 0.779195
12 35 0.529658
12 36 0.268319
12 37 0.11212
12 38 0.0429478
12 39 0.015895
12 40 0.00580544
12 41 0.00210899
12 42 0.000764098
12 43 0.000276282
12 44 9.96846e-05
12 45 3.58724e-05
12 46 1.2867e-05
12 47 4.59747e-06
12 48 1.63617e-06
12 49 5.81766e-07
12 50 2.12486e-07
12 51 9.63451e-08

13 1 1
13 2 1
13 3 1
13 4 1
13 5 1
13 6 1
13 7 1
13 8 1
13 9 0.999999
13 10 1
13 11 0.999998
13 12 1
13 13 0.999996
13 14 1
13 15 0.999994
13 16 1.00001
13 17 0.999993
13 18 1.00001
13 19 0.999993
13 20 1.00001
13 21 0.999994
13 22 1
13 23 0.999992
13 24 0.999989
13 25 0.999964
13 26 0.999905
13 27 0.999735
13 28 0.999262
13 29 0.997932
13 30 0.994187
13 31 0.983668
13 32 0.954574
13 33 0.878171
13 34 0.705251
13 35 0.435171
13 36 0.205247
13 37 0.0831929
13 38 0.0315956
13 39 0.0116965
13 40 0.00428663
13 41 0.0015642
13 42 0.000569385
13 43 0.000206836
13 44 7.49633e-05
13 45 2.70923e-05
13 46 9.75759e-06
13 47 3.50021e-06
13 48 1.25044e-06
13 49 4.46319e-07
13 50 1.63683e-07
13 51 7.45341e-08

14 1 1
14 2 1
14 3 1
14 4 1
14 5 1
14 6 1
14 7 1
14 8 1
14 9 1
14 10 0.999999
14 11 1
14 12 0.999996
14 13 1
14 14 0.999994
14 15 1.00001
14 16 0.999991
14 17 1.00001
14 18 0.99999
14 19 1.00001
14 20 0.999991
14 21 1.00001
14 22 0.999992
14 23 0.999996
14 24 0.999976
14 25 0.999944
14 26 0.999842
14 27 0.999573
14 28 0.998824
14 29 0.996752
14 30 0.990996
14 31 0.975101
14 32 0.932293
14 33 0.825633
14 34 0.610613
14 35 0.34013
14 36 0.150987
14 37 0.0598176
14 38 0.0226043
14 39 0.00838379
14 40 0.0030859
14 41 0.00113178
14 42 0.000414124
14 43 0.000151202
14 44 5.50684e-05
14 45 1.99952e-05
14 46 7.23369e-06
14 47 2.60599e-06
14 48 9.34874e-07
14 49 3.35078e-07
14 50 1.23437e-07
14 51 5.64704e-08

15 1 1
15 2 1
15 3 1
15 4 1
15 5 1
15 6 1
15 7 1
15 8 1
15 9 0.999999
15 10 1
15 11 0.999997
15 12 1
15 13 0.999994
15 14 1.00001
15 15 0.99999
15 16 1.00001
15 17 0.999988
15 18 1.00001
15 19 0.999989
15 20 1.00001
15 21 0.99999
15 22 1
15 23 0.999981
15 24 0.999965
15 25 0.999898
15 26 0.999736
15 27 0.999286
15 28 0.998069
15 29 0.99474
15 30 0.985646
15 31 0.961067
15 32 0.897296
15 33 0.750361
15 34 0.499597
15 35 0.252638
15 36 0.106947
15 37 0.0417144
15 38 0.0157352
15 39 0.00585603
15 40 0.00216668
15 41 0.000799164
15 42 0.000294084
15 43 0.000107968
15 44 3.95306e-05
15 45 1.4426e-05
15 46 5.24408e-06
15 47 1.89798e-06
15 48 6.83963e-07
15 49 2.46258e-07
15 50 9.11591e-08
15 51 4.19148e-08

16 1 1
16 2 1
16 3 1
16 4 1
16 5 1
16 6 1
16 7 1
16 8 0.999999
16 9 1
16 10 0.999998
16 11 1
16 12 0.999995
16 13 1.00001
16 14 0.999991
16 15 1.00001
16 16 0.999988
16 17 1.00001
16 18 0.999986
16 19 1.00001
16 20 0.999987
16 21 1
16 22 0.999982
16 23 0.999978
16 24 0.999928
16 25 0.999825
16 26 0.999535
16 27 0.998774
16 28 0.99673
16 29 0.991237
16 30 0.976512
16 31 0.937844
16 32 0.842864
16 33 0.648278
16 34 0.383375
16 35 0.178642
16 36 0.0730801
16 37 0.0282445
16 38 0.0106652
16 39 0.0039881
16 40 0.0014844
16 41 0.000550936
16 42 0.00020399
16 43 7.5337e-05
16 44 2.77402e-05
16 45 1.01781e-05
16 46 3.71906e-06
16 47 1.35274e-06
16 48 4.8985e-07
16 49 1.77231e-07
16 50 6.59514e-08
16 51 3.04898e-08

17 1 1
17 2 1
17 3 1
17 4 1
17 5 1
17 6 1
17 7 1
17 8 1
17 9 0.999999
17 10 1
17 11 0.999996
17 12 1.00001
17 13 0.999993
17 14 1.00001
17 15 0.999988
17 16 1.00001
17 17 0.999986
17 18 1.00001
17 19 0.999985
17 20 1.00001
17 21 0.999982
17 22 0.999987
17 23 0.999944
17 24 0.999876
17 25 0.999673
17 26 0.999166
17 27 0.997828
17 28 0.994307
17 29 0.985009
17 30 0.960685
17 31 0.8994
17 32 0.76101
17 33 0.522995
17 34 0.275637
17 35 0.120689
17 36 0.0482861
17 37 0.0185912
17 38 0.00704393
17 39 0.00264965
17 40 0.000992837
17 41 0.000370997
17 42 0.000138276
17 43 5.13923e-05
17 44 1.9038e-05
17 45 7.02551e-06
17 46 2.58126e-06
17 47 9.43882e-07
17 48 3.43575e-07
17 49 1.24959e-07
17 50 4.67622e-08
17 51 2.17447e-08

18 1 1
18 2 1
18 3 1
18 4 1
18 5 1
18 6 1
18 7 1
18 8 0.999999
18 9 1
18 10 0.999998
18 11 1
18 12 0.999994
18 13 1.00001
18 14 0.99999
18 15 1.00001
18 16 0.999986
18 17 1.00001
18 18 0.999985
18 19 1.00001
18 20 0.999981
18 21 0.999992
18 22 0.999952
18 23 0.999906
18 24 0.999752
18 25 0.999391
18 26 0.998453
18 27 0.996049
18 28 0.989824
18 29 0.97375
18 30 0.933082
18 31 0.836864
18 32 0.646273
18 33 0.389619
18 34 0.186499
18 35 0.0782494
18 36 0.0309218
18 37 0.0119112
18 38 0.00453702
18 39 0.00171853
18 40 0.000648682
18 41 0.000244165
18 42 9.16457e-05
18 43 3.42911e-05
18 44 1.27845e-05
18 45 4.7466e-06
18 46 1.75415e-06
18 47 6.45058e-07
18 48 2.36103e-07
18 49 8.6351e-08
18 50 3.25088e-08
18 51 1.52108e-08

19 1 1
19 2 1
19 3 1
19 4 1
19 5 1
19 6 1
19 7 1
19 8 1
19 9 0.999999
19 10 1
19 11 0.999996
19 12 1.00001
19 13 0.999993
19 14 1.00001
19 15 0.999989
19 16 1.00001
19 17 0.999985
19 18 1.00001
19 19 0.999981
19 20 0.999995
19 21 0.999956
19 22 0.999922
19 23 0.999796
19 24 0.99952
19 25 0.998815
19 26 0.997062
19 27 0.992624
19 28 0.981384
19 29 0.953187
19 30 0.885327
19 31 0.740076
19 32 0.504472
19 33 0.268064
19 34 0.119624
19 35 0.0489079
19 36 0.0192359
19 37 0.00743765
19 38 0.00285244
19 39 0.00108888
19 40 0.000414279
19 41 0.000157145
19 42 5.94231e-05
19 43 2.23923e-05
19 44 8.40466e-06
19 45 3.14052e-06
19 46 1.16776e-06
19 47 4.31984e-07
19 48 1.59041e-07
19 49 5.85116e-08
19 50 2.21688e-08
19 51 1.04409e-08

20 1 1
20 2 1
20 3 1
20 4 1
20 5 1
20 6 1
20 7 1
20 8 0.999999
20 9 1
20 10 0.999998
20 11 1
20 12 0.999995
20 13 1.00001
20 14 0.999991
20 15 1.00001
20 16 0.999987
20 17 1.00001
20 18 0.999981
20 19 0.999995
20 20 0.999957
20 21 0.99993
20 22 0.999818
20 23 0.999592
20 24 0.999022
20 25 0.997653
20 26 0.994275
20 27 0.98592
20 28 0.965302
20 29 0.91571
20 30 0.805504
20 31 0.604608
20 32 0.357671
20 33 0.171834
20 34 0.0733175
20 35 0.0295902
20 36 0.0116483
20 37 0.0045319
20 38 0.00175205
20 39 0.000674521
20 40 0.0002588
20 41 9.89715e-05
20 42 3.77177e-05
20 43 1.43187e-05
20 44 5.41226e-06
20 45 2.03597e-06
20 46 7.61936e-07
20 47 2.83627e-07
20 48 1.05067e-07
20 49 3.88961e-08
20 50 1.48363e-08
20 51 7.03593e-09

21 1 1
21 2 1
21 3 1
21 4 1
21 5 1
21 6 1
21 7 1
21 8 1
21 9 0.999999
21 10 1
21 11 0.999997
21 12 1
21 13 0.999994
21 14 1.00001
21 15 0.99999
21 16 1
21 17 0.999982
21 18 0.999992
21 19 0.999956
21 20 0.99993
21 21 0.999825
21 22 0.999624
21 23 0.999129
21 24 0.997981
21 25 0.99523
21 26 0.988608
21 27 0.972621
21 28 0.934616
21 29 0.849095
21 30 0.682516
21 31 0.444695
21 32 0.231489
21 33 0.103885
21 34 0.0432488
21 35 0.0173906
21 36 0.00687912
21 37 0.00269782
21 38 0.00105236
21 39 0.00040884
21 40 0.000158259
21 41 6.10394e-05
21 42 2.34512e-05
21 43 8.97148e-06
21 44 3.41597e-06
21 45 1.29401e-06
21 46 4.8753e-07
21 47 1.82671e-07
21 48 6.81073e-08
21 49 2.53794e-08
21 50 9.74922e-09
21 51 4.65696e-09

22 1 1
22 2 1
22 3 1
22 4 1
22 5 1
22 6 1
22 7 1
22 8 1
22 9 1
22 10 0.999998
22 11 1
22 12 0.999996
22 13 1
22 14 0.999992
22 15 1
22 16 0.999982
22 17 0.999987
22 18 0.999952
22 19 0.999922
22 20 0.999818
22 21 0.999624
22 22 0.999162
22 23 0.998129
22 24 0.995728
22 25 0.99012
22 26 0.976929
22 27 0.946169
22 28 0.877194
22 29 0.738436
22 30 0.519962
22 31 0.292805
22 32 0.138903
22 33 0.0599318
22 34 0.0246992
22 35 0.00995745
22 36 0.00396864
22 37 0.00157087
22 38 0.000618707
22 39 0.000242673
22 40 9.4808e-05
22 41 3.68906e-05
22 42 1.42926e-05
22 43 5.5114e-06
22 44 2.11443e-06
22 45 8.06778e-07
22 46 3.06089e-07
22 47 1.15472e-07
22 48 4.33442e-08
22 49 1.62628e-08
22 50 6.2935e-09
22 51 3.02894e-09

23 1 1
23 2 1
23 3 1
23 4 1
23 5 1
23 6 1
23 7 1
23 8 1
23 9 0.999999
23 10 1
23 11 0.999997
23 12 0.999999
23 13 0.999992
23 14 0.999996
23 15 0.999981
23 16 0.999978
23 17 0.999944
23 18 0.999906
23 19 0.999796
23 20 0.999592
23 21 0.999129
23 22 0.998129
23 23 0.995882
23 24 0.990802
23 25 0.979197
23 26 0.952795
23 27 0.89443
23 28 0.775928
23 29 0.578521
23 30 0.349229
23 31 0.17526
23 32 0.0786234
23 33 0.0333095
23 34 0.0137194
23 35 0.00556793
23 36 0.00224
23 37 0.00089568
23 38 0.000356391
23 39 0.000141181
23 40 5.5685e-05
23 41 2.1865e-05
23 42 8.54444e-06
23 43 3.32185e-06
23 44 1.28436e-06
23 45 4.93723e-07
23 46 1.88674e-07
23 47 7.1682e-08
23 48 2.70965e-08
23 49 1.02395e-08
23 50 3.99313e-09
23 51 1.93685e-09

24 1 0.999999
24 2 1
24 3 0.999999
24 4 0.999999
24 5 0.999999
24 6 0.999999
24 7 0.999999
24 8 0.999998
24 9 0.999998
24 10 0.999996
24 11 0.999996
24 12 0.999991
24 13 0.999989
24 14 0.999976
24 15 0.999965
24 16 0.999928
24 17 0.999876
24 18 0.999752
24 19 0.99952
24 20 0.999022
24 21 0.997981
24 22 0.995728
24 23 0.990802
24 24 0.979905
24 25 0.955817
24 26 0.90373
24 27 0.798706
24 28 0.619266
24 29 0.395259
24 30 0.209014
24 31 0.0975845
24 32 0.0425936
24 33 0.0179629
24 34 0.00743809
24 35 0.00304665
24 36 0.00123865
24 37 0.000500652
24 38 0.000201331
24 39 8.05745e-05
24 40 3.20922e-05
24 41 1.27186e-05
24 42 5.01405e-06
24 43 1.96565e-06
24 44 7.66069e-07
24 45 2.96748e-07
24 46 1.14248e-07
24 47 4.37242e-08
24 48 1.66488e-08
24 49 6.33811e-09
24 50 2.49147e-09
24 51 1.21822e-09

25 1 0.999998
25 2 0.999998
25 3 0.999998
25 4 0.999998
25 5 0.999998
25 6 0.999997
25 7 0.999997
25 8 0.999995
25 9 0.999993
25 10 0.999991
25 11 0.999985
25 12 0.999979
25 13 0.999964
25 14 0.999944
25 15 0.999898
25 16 0.999825
25 17 0.999673
25 18 0.999391
25 19 0.998815
25 20 0.997653
25 21 0.99523
25 22 0.99012
25 23 0.979197
25 24 0.955817
25 25 0.906666
25 26 0.809428
25 27 0.642995
25 28 0.427346
25 29 0.236265
25 30 0.114613
25 31 0.0515929
25 32 0.0223187
25 33 0.00944709
25 34 0.00394672
25 35 0.00163409
25 36 0.000671896
25 37 0.000274635
25 38 0.000111648
25 39 4.5151e-05
25 40 1.81627e-05
25 41 7.26616e-06
25 42 2.89019e-06
25 43 1.14268e-06
25 44 4.48963e-07
25 45 1.7528e-07
25 46 6.80006e-08
25 47 2.62216e-08
25 48 1.00596e-08
25 49 3.85899e-09
25 50 1.52946e-09
25 51 7.54024e-10

26 1 0.999995
26 2 0.999995
26 3 0.999995
26 4 0.999994
26 5 0.999993
26 6 0.999992
26 7 0.999989
26 8 0.999986
26 9 0.999981
26 10 0.999973
26 11 0.999961
26 12 0.999939
26 13 0.999905
26 14 0.999842
26 15 0.999736
26 16 0.999535
26 17 0.999166
26 18 0.998453
26 19 0.997062
26 20 0.994275
26 21 0.988608
26 22 0.976929
26 23 0.952795
26 24 0.90373
26 25 0.809428
26 26 0.650761
26 27 0.443715
26 28 0.2539
26 29 0.127482
26 30 0.0591684
26 31 0.0262875
26 32 0.0113933
26 33 0.00486313
26 34 0.00205393
26 35 0.000860407
26 36 0.000357956
26 37 0.000148001
26 38 6.08358e-05
26 39 2.4863e-05
26 40 1.01022e-05
26 41 4.08003e-06
26 42 1.63755e-06
26 43 6.53012e-07
26 44 2.58693e-07
26 45 1.01808e-07
26 46 3.98072e-08
26 47 1.54692e-08
26 48 5.98056e-09
26 49 2.31231e-09
26 50 9.24215e-10
26 51 4.59491e-10

27 1 0.999986
27 2 0.999985
27 3 0.999984
27 4 0.999982
27 5 0.999979
27 6 0.999975
27 7 0.999969
27 8 0.999959
27 9 0.999945
27 10 0.999923
27 11 0.999887
27 12 0.999831
27 13 0.999735
27 14 0.999573
27 15 0.999286
27 16 0.998774
27 17 0.997828
27 18 0.996049
27 19 0.992624
27 20 0.98592
27 21 0.972621
27 22 0.946169
27 23 0.89443
27 24 0.798706
27 25 0.642995
27 26 0.443715
27 27 0.259993
27 28 0.134408
27 29 0.0642365
27 30 0.0293288
27 31 0.013034
27 32 0.00569345
27 33 0.00245687
27 34 0.00105019
27 35 0.000445331
27 36 0.000187507
27 37 7.84323e-05
27 38 3.26001e-05
27 39 1.34652e-05
27 40 5.52632e-06
27 41 2.25329e-06
27 42 9.12599e-07
27 43 3.67084e-07
27 44 1.46642e-07
27 45 5.81821e-08
27 46 2.29322e-08
27 47 8.98244e-09
27 48 3.50027e-09
27 49 1.36427e-09
27 50 5.50012e-10
27 51 2.75801e-10

28 1 0.999957
28 2 0.999955
28 3 0.999952
28 4 0.999946
28 5 0.999938
28 6 0.999925
28 7 0.999907
28 8 0.99988
28 9 0.999839
28 10 0.999777
28 11 0.999679
28 12 0.999521
28 13 0.999262
28 14 0.998824
28 15 0.998069
28 16 0.99673
28 17 0.994307
28 18 0.989824
28 19 0.981384
28 20 0.965302
28 21 0.934616
28 22 0.877194
28 23 0.775928
28 24 0.619266
28 25 0.427346
28 26 0.2539
28 27 0.134408
28 28 0.0660199
28 29 0.0309821
28 30 0.0141338
28 31 0.00632753
28 32 0.00279422
28 33 0.00122061
28 34 0.000528341
28 35 0.000226847
28 36 9.66765e-05
28 37 4.09119e-05
28 38 1.71948e-05
28 39 7.17754e-06
28 40 2.97541e-06
28 41 1.22477e-06
28 42 5.0056e-07
28 43 2.03108e-07
28 44 8.18257e-08
28 45 3.27351e-08
28 46 1.3008e-08
28 47 5.13658e-09
28 48 2.01784e-09
28 49 7.92955e-10
28 50 3.22507e-10
28 51 1.6313e-10

29 1 0.999868
29 2 0.999863
29 3 0.999853
29 4 0.999837
29 5 0.999812
29 6 0.999776
29 7 0.999723
29 8 0.999645
29 9 0.999529
29 10 0.999352
29 11 0.999077
29 12 0.998641
29 13 0.997932
29 14 0.996752
29 15 0.99474
29 16 0.991237
29 17 0.985009
29 18 0.97375
29 19 0.953187
29 20 0.91571
29 21 0.849095
29 22 0.738436
29 23 0.578521
29 24 0.395259
29 25 0.236265
29 26 0.127482
29 27 0.0642365
29 28 0.0309821
29 29 0.0145213
29 30 0.00667161
29 31 0.00301935
29 32 0.00134992
29 33 0.000597296
29 34 0.000261866
29 35 0.000113847
29 36 4.91077e-05
29 37 2.10232e-05
29 38 8.9337e-06
29 39 3.76835e-06
29 40 1.57774e-06
29 41 6.5562e-07
29 42 2.70389e-07
29 43 1.10678e-07
29 44 4.4971e-08
29 45 1.81426e-08
29 46 7.26944e-09
29 47 2.89427e-09
29 48 1.14635e-09
29 49 4.54259e-10
29 50 1.8641e-10
29 51 9.5121e-11

30 1 0.999597
30 2 0.999583
30 3 0.999554
30 4 0.999506
30 5 0.999434
30 6 0.999328
30 7 0.999174
30 8 0.99895
30 9 0.998617
30 10 0.998115
30 11 0.997343
30 12 0.996132
30 13 0.994187
30 14 0.990996
30 15 0.985646
30 16 0.976512
30 17 0.960685
30 18 0.933082
30 19 0.885327
30 20 0.805504
30 21 0.682516
30 22 0.519962
30 23 0.349229
30 24 0.209014
30 25 0.114613
30 26 0.0591684
30 27 0.0293288
30 28 0.0141338
30 29 0.00667161
30 30 0.0030985
30 31 0.00141981
30 32 0.000643072
30 33 0.000288267
30 34 0.000128007
30 35 5.63462e-05
30 36 2.45965e-05
30 37 1.06506e-05
30 38 4.57531e-06
30 39 1.94993e-06
30 40 8.24455e-07
30 41 3.4583e-07
30 42 1.43922e-07
30 43 5.94321e-08
30 44 2.43575e-08
30 45 9.91038e-09
30 46 4.00448e-09
30 47 1.60772e-09
30 48 6.42108e-10
30 49 2.56604e-10
30 50 1.06256e-10
30 51 5.47015e-11

31 1 0.998773
31 2 0.998732
31 3 0.998645
31 4 0.998504
31 5 0.998292
31 6 0.997982
31 7 0.997535
31 8 0.996886
31 9 0.995933
31 10 0.994509
31 11 0.992343
31 12 0.988983
31 13 0.983668
31 14 0.975101
31 15 0.961067
31 16 0.937844
31 17 0.8994
31 18 0.836864
31 19 0.740076
31 20 0.604608
31 21 0.444695
31 22 0.292805
31 23 0.17526
31 24 0.0975845
31 25 0.0515929
31 26 0.0262875
31 27 0.013034
31 28 0.00632753
31 29 0.00301935
31 30 0.00141981
31 31 0.000659124
31 32 0.000302482
31 33 0.000137361
31 34 6.1772e-05
31 35 2.75246e-05
31 36 1.21567e-05
31 37 5.32316e-06
31 38 2.31118e-06
31 39 9.95024e-07
31 40 4.24803e-07
31 41 1.79858e-07
31 42 7.55298e-08
31 43 3.14662e-08
31 44 1.30086e-08
31 45 5.33847e-09
31 46 2.17556e-09
31 47 8.8086e-10
31 48 3.54781e-10
31 49 1.42996e-10
31 50 5.9755e-11
31 51 3.10368e-11

32 1 0.996267
32 2 0.996145
32 3 0.99589
32 4 0.995474
32 5 0.994851
32 6 0.993948
32 7 0.99265
32 8 0.990781
32 9 0.988061
32 10 0.984044
32 11 0.978015
32 12 0.968815
32 13 0.954574
32 14 0.932293
32 15 0.897296
32 16 0.842864
32 17 0.76101
32 18 0.646273
32 19 0.504472
32 20 0.357671
32 21 0.231489
32 22 0.138903
32 23 0.0786234
32 24 0.0425936
32 25 0.0223187
32 26 0.0113933
32 27 0.00569345
32 28 0.00279422
32 29 0.00134992
32 30 0.000643072
32 31 0.000302482
32 32 0.000140633
32 33 6.46831e-05
32 34 2.94504e-05
32 35 1.328e-05
32 36 5.93262e-06
32 37 2.62622e-06
32 38 1.15215e-06
32 39 5.00986e-07
32 40 2.15938e-07
32 41 9.22754e-08
32 42 3.91014e-08
32 43 1.64349e-08
32 44 6.85413e-09
32 45 2.83729e-09
32 46 1.16625e-09
32 47 4.76244e-10
32 48 1.9345e-10
32 49 7.86444e-11
32 50 3.31669e-11
32 51 1.7381e-11

33 1 0.988674
33 2 0.988317
33 3 0.98757
33 4 0.986355
33 5 0.984544
33 6 0.981935
33 7 0.978213
33 8 0.972901
33 9 0.96527
33 10 0.954196
33 11 0.937948
33 12 0.913889
33 13 0.878171
33 14 0.825633
33 15 0.750361
33 16 0.648278
33 17 0.522995
33 18 0.389619
33 19 0.268064
33 20 0.171834
33 21 0.103885
33 22 0.0599318
33 23 0.0333095
33 24 0.0179629
33 25 0.00944709
33 26 0.00486313
33 27 0.00245687
33 28 0.00122061
33 29 0.000597296
33 30 0.000288267
33 31 0.000137361
33 32 6.46831e-05
33 33 3.01226e-05
33 34 1.38808e-05
33 35 6.33197e-06
33 36 2.8602e-06
33 37 1.27961e-06
33 38 5.671e-07
33 39 2.49005e-07
33 40 1.08344e-07
33 41 4.67255e-08
33 42 1.99791e-08
33 43 8.47253e-09
33 44 3.56469e-09
33 45 1.48856e-09
33 46 6.17179e-10
33 47 2.542e-10
33 48 1.0414e-10
33 49 4.27043e-11
33 50 1.81767e-11
33 51 9.61072e-12

34 1 0.965989
34 2 0.964964
34 3 0.962822
34 4 0.95936
34 5 0.95424
34 6 0.946938
34 7 0.936664
34 8 0.922255
34 9 0.902037
34 10 0.873673
34 11 0.834027
34 12 0.779195
34 13 0.705251
34 14 0.610613
34 15 0.499597
34 16 0.383375
34 17 0.275637
34 18 0.186499
34 19 0.119624
34 20 0.0733175
34 21 0.0432488
34 22 0.0246992
34 23 0.0137194
34 24 0.00743809
34 25 0.00394672
34 26 0.00205393
34 27 0.00105019
34 28 0.000528341
34 29 0.000261866
34 30 0.000128007
34 31 6.1772e-05
34 32 2.94504e-05
34 33 1.38808e-05
34 34 6.4711e-06
34 35 2.98503e-06
34 36 1.36287e-06
34 37 6.16027e-07
34 38 2.75725e-07
34 39 1.22231e-07
34 40 5.36822e-08
34 41 2.33641e-08
34 42 1.00806e-08
34 43 4.31321e-09
34 44 1.83085e-09
34 45 7.7127e-10
34 46 3.22572e-10
34 47 1.34008e-10
34 48 5.53715e-11
34 49 2.29037e-11
34 50 9.83939e-12
34 51 5.24898e-12

35 1 0.90118
35 2 0.898419
35 3 0.892682
35 4 0.883514
35 5 0.870182
35 6 0.851613
35 7 0.826317
35 8 0.792329
35 9 0.74729
35 10 0.688879
35 11 0.615874
35 12 0.529658
35 13 0.435171
35 14 0.34013
35 15 0.252638
35 16 0.178642
35 17 0.120689
35 18 0.0782494
35 19 0.0489079
35 20 0.0295902
35 21 0.0173906
35 22 0.00995745
35 23 0.00556793
35 24 0.00304665
35 25 0.00163409
35 26 0.000860407
35 27 0.000445331
35 28 0.000226847
35 29 0.000113847
35 30 5.63462e-05
35 31 2.75246e-05
35 32 1.328e-05
35 33 6.33197e-06
35 34 2.98503e-06
35 35 1.39183e-06
35 36 6.42074e-07
35 37 2.93132e-07
35 38 1.32477e-07
35 39 5.92845e-08
35 40 2.62788e-08
35 41 1.15421e-08
35 42 5.02506e-09
35 43 2.1694e-09
35 44 9.29067e-10
35 45 3.9484e-10
35 46 1.66581e-10
35 47 6.98023e-11
35 48 2.909e-11
35 49 1.21375e-11
35 50 5.26283e-12
35 51 2.8326e-12

36 1 0.739043
36 2 0.732987
36 3 0.720573
36 4 0.701218
36 5 0.674127
36 6 0.638434
36 7 0.593481
36 8 0.539219
36 9 0.476656
36 10 0.408146
36 11 0.337285
36 12 0.268319
36 13 0.205247
36 14 0.150987
36 15 0.106947
36 16 0.0730801
36 17 0.0482861
36 18 0.0309218
36 19 0.0192359
36 20 0.0116483
36 21 0.00687912
36 22 0.00396864
36 23 0.00224
36 24 0.00123865
36 25 0.000671896
36 26 0.000357956
36 27 0.000187507
36 28 9.66765e-05
36 29 4.91077e-05
36 30 2.45965e-05
36 31 1.21567e-05
36 32 5.93262e-06
36 33 2.8602e-06
36 34 1.36287e-06
36 35 6.42074e-07
36 36 2.99179e-07
36 37 1.37922e-07
36 38 6.29262e-08
36 39 2.84236e-08
36 40 1.27155e-08
36 41 5.63591e-09
36 42 2.47594e-09
36 43 1.07852e-09
36 44 4.66011e-10
36 45 1.99799e-10
36 46 8.50312e-11
36 47 3.59387e-11
36 48 1.5106e-11
36 49 6.35778e-12
36 50 2.78241e-12
36 51 1.51089e-12

37 1 0.456782
37 2 0.449359
37 3 0.434606
37 4 0.412763
37 5 0.384302
37 6 0.350036
37 7 0.311193
37 8 0.269418
37 9 0.226674
37 10 0.185022
37 11 0.146351
37 12 0.11212
37 13 0.0831929
37 14 0.0598176
37 15 0.0417144
37 16 0.0282445
37 17 0.0185912
37 18 0.0119112
37 19 0.00743765
37 20 0.0045319
37 21 0.00269782
37 22 0.00157087
37 23 0.00089568
37 24 0.000500652
37 25 0.000274635
37 26 0.000148001
37 27 7.84323e-05
37 28 4.09119e-05
37 29 2.10232e-05
37 30 1.06506e-05
37 31 5.32316e-06
37 32 2.62622e-06
37 33 1.27961e-06
37 34 6.16027e-07
37 35 2.93132e-07
37 36 1.37922e-07
37 37 6.41897e-08
37 38 2.95614e-08
37 39 1.34767e-08
37 40 6.08432e-09
37 41 2.72137e-09
37 42 1.20637e-09
37 43 5.30226e-10
37 44 2.31144e-10
37 45 9.99765e-11
37 46 4.29195e-11
37 47 1.82965e-11
37 48 7.75639e-12
37 49 3.29291e-12
37 50 1.45452e-12
37 51 7.96817e-13

38 1 0.20979
38 2 0.205298
38 3 0.196535
38 4 0.183938
38 5 0.168153
38 6 0.150001
38 7 0.13043
38 8 0.110439
38 9 0.0909833
38 10 0.0728833
38 11 0.05675
38 12 0.0429478
38 13 0.0315956
38 14 0.0226043
38 15 0.0157352
38 16 0.0106652
38 17 0.00704393
38 18 0.00453702
38 19 0.00285244
38 20 0.00175205
38 21 0.00105236
38 22 0.000618707
38 23 0.000356391
38 24 0.000201331
38 25 0.000111648
38 26 6.08358e-05
38 27 3.26001e-05
38 28 1.71948e-05
38 29 8.9337e-06
38 30 4.57531e-06
38 31 2.31118e-06
38 32 1.15215e-06
38 33 5.671e-07
38 34 2.75725e-07
38 35 1.32477e-07
38 36 6.29262e-08
38 37 2.95614e-08
38 38 1.37405e-08
38 39 6.32187e-09
38 40 2.88028e-09
38 41 1.30001e-09
38 42 5.81503e-10
38 43 2.57877e-10
38 44 1.13418e-10
38 45 4.94878e-11
38 46 2.14296e-11
38 47 9.21385e-12
38 48 3.93935e-12
38 49 1.68693e-12
38 50 7.52066e-13
38 51 4.15627e-13

39 1 0.0820423
39 2 0.080122
39 3 0.0764015
39 4 0.0711125
39 5 0.0645786
39 6 0.0571886
39 7 0.0493612
39 8 0.0415065
39 9 0.0339892
39 10 0.0270993
39 11 0.0210341
39 12 0.015895
39 13 0.0116965
39 14 0.00838379
39 15 0.00585603
39 16 0.0039881
39 17 0.00264965
39 18 0.00171853
39 19 0.00108888
39 20 0.000674521
39 21 0.00040884
39 22 0.000242673
39 23 0.000141181
39 24 8.05745e-05
39 25 4.5151e-05
39 26 2.4863e-05
39 27 1.34652e-05
39 28 7.17754e-06
39 29 3.76835e-06
39 30 1.94993e-06
39 31 9.95024e-07
39 32 5.00986e-07
39 33 2.49005e-07
39 34 1.22231e-07
39 35 5.92845e-08
39 36 2.84236e-08
39 37 1.34767e-08
39 38 6.32187e-09
39 39 2.93531e-09
39 40 1.34955e-09
39 41 6.14645e-10
39 42 2.77414e-10
39 43 1.24124e-10
39 44 5.50743e-11
39 45 2.4241e-11
39 46 1.05878e-11
39 47 4.59122e-12
39 48 1.97964e-12
39 49 8.55072e-13
39 50 3.84742e-13
39 51 2.14487e-13

40 1 0.0300508
40 2 0.0293321
40 3 0.0279428
40 4 0.0259743
40 5 0.0235531
40 6 0.0208281
40 7 0.0179564
40 8 0.0150883
40 9 0.0123548
40 10 0.00985733
40 11 0.00766322
40 12 0.00580544
40 13 0.00428663
40 14 0.0030859
40 15 0.00216668
40 16 0.0014844
40 17 0.000992837
40 18 0.000648682
40 19 0.000414279
40 20 0.0002588
40 21 0.000158259
40 22 9.4808e-05
40 23 5.5685e-05
40 24 3.20922e-05
40 25 1.81627e-05
40 26 1.01022e-05
40 27 5.52632e-06
40 28 2.97541e-06
40 29 1.57774e-06
40 30 8.24455e-07
40 31 4.24803e-07
40 32 2.15938e-07
40 33 1.08344e-07
40 34 5.36822e-08
40 35 2.62788e-08
40 36 1.27155e-08
40 37 6.08432e-09
40 38 2.88028e-09
40 39 1.34955e-09
40 40 6.26111e-10
40 41 2.87736e-10
40 42 1.31032e-10
40 43 5.91488e-11
40 44 2.64755e-11
40 45 1.17545e-11
40 46 5.17814e-12
40 47 2.26449e-12
40 48 9.84656e-13
40 49 4.28972e-13
40 50 1.94801e-13
40 51 1.09542e-13

41 1 0.0107434
41 2 0.0104871
41 3 0.00999169
41 4 0.0092903
41 5 0.00842822
41 6 0.00745863
41 7 0.00643733
41 8 0.00541748
41 9 0.00444511
41 10 0.00355582
41 11 0.00277324
41 12 0.00210899
41 13 0.0015642
41 14 0.00113178
41 15 0.000799164
41 16 0.000550936
41 17 0.000370997
41 18 0.000244165
41 19 0.000157145
41 20 9.89715e-05
41 21 6.10394e-05
41 22 3.68906e-05
41 23 2.1865e-05
41 24 1.27186e-05
41 25 7.26616e-06
41 26 4.08003e-06
41 27 2.25329e-06
41 28 1.22477e-06
41 29 6.5562e-07
41 30 3.4583e-07
41 31 1.79858e-07
41 32 9.22754e-08
41 33 4.67255e-08
41 34 2.33641e-08
41 35 1.15421e-08
41 36 5.63591e-09
41 37 2.72137e-09
41 38 1.30001e-09
41 39 6.14645e-10
41 40 2.87736e-10
41 41 1.33419e-10
41 42 6.12988e-11
41 43 2.7915e-11
41 44 1.2604e-11
41 45 5.64421e-12
41 46 2.5076e-12
41 47 1.10587e-12
41 48 4.849e-13
41 49 2.13063e-13
41 50 9.76452e-14
41 51 5.53817e-14

42 1 0.00380701
42 2 0.00371712
42 3 0.00354339
42 4 0.00329733
42 5 0.00299474
42 6 0.00265415
42 7 0.00229499
42 8 0.00193582
42 9 0.00159271
42 10 0.00127817
42 11 0.00100055
42 12 0.000764098
42 13 0.000569385
42 14 0.000414124
42 15 0.000294084
42 16 0.00020399
42 17 0.000138276
42 18 9.16457e-05
42 19 5.94231e-05
42 20 3.77177e-05
42 21 2.34512e-05
42 22 1.42926e-05
42 23 8.54444e-06
42 24 5.01405e-06
42 25 2.89019e-06
42 26 1.63755e-06
42 27 9.12599e-07
42 28 5.0056e-07
42 29 2.70389e-07
42 30 1.43922e-07
42 31 7.55298e-08
42 32 3.91014e-08
42 33 1.99791e-08
42 34 1.00806e-08
42 35 5.02506e-09
42 36 2.47594e-09
42 37 1.20637e-09
42 38 5.81503e-10
42 39 2.77414e-10
42 40 1.31032e-10
42 41 6.12988e-11
42 42 2.84122e-11
42 43 1.30518e-11
42 44 5.94411e-12
42 45 2.68461e-12
42 46 1.2028e-12
42 47 5.34885e-13
42 48 2.36494e-13
42 49 1.04801e-13
42 50 4.84698e-14
42 51 2.77255e-14

43 1 0.00134426
43 2 0.00131294
43 3 0.00125239
43 4 0.00116656
43 5 0.00106092
43 6 0.00094186
43 7 0.000816107
43 8 0.000690095
43 9 0.000569428
43 10 0.000458494
43 11 0.000360262
43 12 0.000276282
43 13 0.000206836
43 14 0.000151202
43 15 0.000107968
43 16 7.5337e-05
43 17 5.13923e-05
43 18 3.42911e-05
43 19 2.23923e-05
43 20 1.43187e-05
43 21 8.97148e-06
43 22 5.5114e-06
43 23 3.32185e-06
43 24 1.96565e-06
43 25 1.14268e-06
43 26 6.53012e-07
43 27 3.67084e-07
43 28 2.03108e-07
43 29 1.10678e-07
43 30 5.94321e-08
43 31 3.14662e-08
43 32 1.64349e-08
43 33 8.47253e-09
43 34 4.31321e-09
43 35 2.1694e-09
43 36 1.07852e-09
43 37 5.30226e-10
43 38 2.57877e-10
43 39 1.24124e-10
43 40 5.91488e-11
43 41 2.7915e-11
43 42 1.30518e-11
43 43 6.04762e-12
43 44 2.77784e-12
43 45 1.26523e-12
43 46 5.71621e-13
43 47 2.56311e-13
43 48 1.14264e-13
43 49 5.10653e-14
43 50 2.38325e-14
43 51 1.37478e-14

44 1 0.000473708
44 2 0.000462826
44 3 0.000441776
44 4 0.00041192
44 5 0.00037513
44 6 0.000333608
44 7 0.000289674
44 8 0.000245555
44 9 0.000203202
44 10 0.00016415
44 11 0.000129456
44 12 9.96846e-05
44 13 7.49633e-05
44 14 5.50684e-05
44 15 3.95306e-05
44 16 2.77402e-05
44 17 1.9038e-05
44 18 1.27845e-05
44 19 8.40466e-06
44 20 5.41226e-06
44 21 3.41597e-06
44 22 2.11443e-06
44 23 1.28436e-06
44 24 7.66069e-07
44 25 4.48963e-07
44 26 2.58693e-07
44 27 1.46642e-07
44 28 8.18257e-08
44 29 4.4971e-08
44 30 2.43575e-08
44 31 1.30086e-08
44 32 6.85413e-09
44 33 3.56469e-09
44 34 1.83085e-09
44 35 9.29067e-10
44 36 4.66011e-10
44 37 2.31144e-10
44 38 1.13418e-10
44 39 5.50743e-11
44 40 2.64755e-11
44 41 1.2604e-11
44 42 5.94411e-12
44 43 2.77784e-12
44 44 1.28677e-12
44 45 5.91007e-13
44 46 2.69232e-13
44 47 1.21716e-13
44 48 5.47074e-14
44 49 2.4655e-14
44 50 1.16107e-14
44 51 6.75357e-15

45 1 0.000166614
45 2 0.00016284
45 3 0.000155537
45 4 0.000145171
45 5 0.000132383
45 6 0.000117929
45 7 0.000102609
45 8 8.7191e-05
45 9 7.23531e-05
45 10 5.86329e-05
45 11 4.64041e-05
45 12 3.58724e-05
45 13 2.70923e-05
45 14 1.99952e-05
45 15 1.4426e-05
45 16 1.01781e-05
45 17 7.02551e-06
45 18 4.7466e-06
45 19 3.14052e-06
45 20 2.03597e-06
45 21 1.29401e-06
45 22 8.06778e-07
45 23 4.93723e-07
45 24 2.96748e-07
45 25 1.7528e-07
45 26 1.01808e-07
45 27 5.81821e-08
45 28 3.27351e-08
45 29 1.81426e-08
45 30 9.91038e-09
45 31 5.33847e-09
45 32 2.83729e-09
45 33 1.48856e-09
45 34 7.7127e-10
45 35 3.9484e-10
45 36 1.99799e-10
45 37 9.99765e-11
45 38 4.94878e-11
45 39 2.4241e-11
45 40 1.17545e-11
45 41 5.64421e-12
45 42 2.68461e-12
45 43 1.26523e-12
45 44 5.91007e-13
45 45 2.73703e-13
45 46 1.25711e-13
45 47 5.72956e-14
45 48 2.59625e-14
45 49 1.17983e-14
45 50 5.60593e-15
45 51 3.28762e-15

46 1 5.84634e-05
46 2 5.71576e-05
46 3 5.46295e-05
46 4 5.1038e-05
46 5 4.66027e-05
46 6 4.15825e-05
46 7 3.62519e-05
46 8 3.08762e-05
46 9 2.56903e-05
46 10 2.08817e-05
46 11 1.65824e-05
46 12 1.2867e-05
46 13 9.75759e-06
46 14 7.23369e-06
46 15 5.24408e-06
46 16 3.71906e-06
46 17 2.58126e-06
46 18 1.75415e-06
46 19 1.16776e-06
46 20 7.61936e-07
46 21 4.8753e-07
46 22 3.06089e-07
46 23 1.88674e-07
46 24 1.14248e-07
46 25 6.80006e-08
46 26 3.98072e-08
46 27 2.29322e-08
46 28 1.3008e-08
46 29 7.26944e-09
46 30 4.00448e-09
46 31 2.17556e-09
46 32 1.16625e-09
46 33 6.17179e-10
46 34 3.22572e-10
46 35 1.66581e-10
46 36 8.50312e-11
46 37 4.29195e-11
46 38 2.14296e-11
46 39 1.05878e-11
46 40 5.17814e-12
46 41 2.5076e-12
46 42 1.2028e-12
46 43 5.71621e-13
46 44 2.69232e-13
46 45 1.25711e-13
46 46 5.82091e-14
46 47 2.67445e-14
46 48 1.22167e-14
46 49 5.59765e-15
46 50 2.68327e-15
46 51 1.58632e-15

47 1 2.04529e-05
47 2 2.00023e-05
47 3 1.91294e-05
47 4 1.78886e-05
47 5 1.63545e-05
47 6 1.46157e-05
47 7 1.27662e-05
47 8 1.08974e-05
47 9 9.09038e-06
47 10 7.41036e-06
47 11 5.90379e-06
47 12 4.59747e-06
47 13 3.50021e-06
47 14 2.60599e-06
47 15 1.89798e-06
47 16 1.35274e-06
47 17 9.43882e-07
47 18 6.45058e-07
47 19 4.31984e-07
47 20 2.83627e-07
47 21 1.82671e-07
47 22 1.15472e-07
47 23 7.1682e-08
47 24 4.37242e-08
47 25 2.62216e-08
47 26 1.54692e-08
47 27 8.98244e-09
47 28 5.13658e-09
47 29 2.89427e-09
47 30 1.60772e-09
47 31 8.8086e-10
47 32 4.76244e-10
47 33 2.542e-10
47 34 1.34008e-10
47 35 6.98023e-11
47 36 3.59387e-11
47 37 1.82965e-11
47 38 9.21385e-12
47 39 4.59122e-12
47 40 2.26449e-12
47 41 1.10587e-12
47 42 5.34885e-13
47 43 2.56311e-13
47 44 1.21716e-13
47 45 5.72956e-14
47 46 2.67445e-14
47 47 1.23864e-14
47 48 5.7033e-15
47 49 2.63465e-15
47 50 1.27397e-15
47 51 7.59115e-16

48 1 7.13134e-06
48 2 6.97633e-06
48 3 6.67593e-06
48 4 6.24855e-06
48 5 5.71963e-06
48 6 5.11932e-06
48 7 4.47977e-06
48 8 3.83225e-06
48 9 3.20472e-06
48 10 2.6198e-06
48 11 2.09376e-06
48 12 1.63617e-06
48 13 1.25044e-06
48 14 9.34874e-07
48 15 6.83963e-07
48 16 4.8985e-07
48 17 3.43575e-07
48 18 2.36103e-07
48 19 1.59041e-07
48 20 1.05067e-07
48 21 6.81073e-08
48 22 4.33442e-08
48 23 2.70965e-08
48 24 1.66488e-08
48 25 1.00596e-08
48 26 5.98056e-09
48 27 3.50027e-09
48 28 2.01784e-09
48 29 1.14635e-09
48 30 6.42108e-10
48 31 3.54781e-10
48 32 1.9345e-10
48 33 1.0414e-10
48 34 5.53715e-11
48 35 2.909e-11
48 36 1.5106e-11
48 37 7.75639e-12
48 38 3.93935e-12
48 39 1.97964e-12
48 40 9.84656e-13
48 41 4.849e-13
48 42 2.36494e-13
48 43 1.14264e-13
48 44 5.47074e-14
48 45 2.59625e-14
48 46 1.22167e-14
48 47 5.7033e-15
48 48 2.64703e-15
48 49 1.23276e-15
48 50 6.01243e-16
48 51 3.6103e-16

49 1 2.48457e-06
49 2 2.43129e-06
49 3 2.328e-06
49 4 2.18093e-06
49 5 1.99872e-06
49 6 1.79165e-06
49 7 1.57069e-06
49 8 1.34654e-06
49 9 1.12882e-06
49 10 9.25378e-07
49 11 7.41887e-07
49 12 5.81766e-07
49 13 4.46319e-07
49 14 3.35078e-07
49 15 2.46258e-07
49 16 1.77231e-07
49 17 1.24959e-07
49 18 8.6351e-08
49 19 5.85116e-08
49 20 3.88961e-08
49 21 2.53794e-08
49 22 1.62628e-08
49 23 1.02395e-08
49 24 6.33811e-09
49 25 3.85899e-09
49 26 2.31231e-09
49 27 1.36427e-09
49 28 7.92955e-10
49 29 4.54259e-10
49 30 2.56604e-10
49 31 1.42996e-10
49 32 7.86444e-11
49 33 4.27043e-11
49 34 2.29037e-11
49 35 1.21375e-11
49 36 6.35778e-12
49 37 3.29291e-12
49 38 1.68693e-12
49 39 8.55072e-13
49 40 4.28972e-13
49 41 2.13063e-13
49 42 1.04801e-13
49 43 5.10653e-14
49 44 2.4655e-14
49 45 1.17983e-14
49 46 5.59765e-15
49 47 2.63465e-15
49 48 1.23276e-15
49 49 5.78863e-16
49 50 2.84771e-16
49 51 1.72306e-16

50 1 8.88011e-07
50 2 8.69244e-07
50 3 8.32844e-07
50 4 7.80976e-07
50 5 7.16646e-07
50 6 6.43435e-07
50 7 5.65174e-07
50 8 4.85626e-07
50 9 4.08177e-07
50 10 3.35611e-07
50 11 2.69965e-07
50 12 2.12486e-07
50 13 1.63683e-07
50 14 1.23437e-07
50 15 9.11591e-08
50 16 6.59514e-08
50 17 4.67622e-08
50 18 3.25088e-08
50 19 2.21688e-08
50 20 1.48363e-08
50 21 9.74922e-09
50 22 6.2935e-09
50 23 3.99313e-09
50 24 2.49147e-09
50 25 1.52946e-09
50 26 9.24215e-10
50 27 5.50012e-10
50 28 3.22507e-10
50 29 1.8641e-10
50 30 1.06256e-10
50 31 5.9755e-11
50 32 3.31669e-11
50 33 1.81767e-11
50 34 9.83939e-12
50 35 5.26283e-12
50 36 2.78241e-12
50 37 1.45452e-12
50 38 7.52066e-13
50 39 3.84742e-13
50 40 1.94801e-13
50 41 9.76452e-14
50 42 4.84698e-14
50 43 2.38325e-14
50 44 1.16107e-14
50 45 5.60593e-15
50 46 2.68327e-15
50 47 1.27397e-15
50 48 6.01243e-16
50 49 2.84771e-16
50 50 1.41345e-16
50 51 8.61864e-17

51 1 3.93615e-07
51 2 3.85425e-07
51 3 3.69531e-07
51 4 3.46865e-07
51 5 3.1872e-07
51 6 2.86642e-07
51 7 2.52289e-07
51 8 2.17297e-07
51 9 1.83144e-07
51 10 1.51055e-07
51 11 1.21933e-07
51 12 9.63451e-08
51 13 7.45341e-08
51 14 5.64704e-08
51 15 4.19148e-08
51 16 3.04898e-08
51 17 2.17447e-08
51 18 1.52108e-08
51 19 1.04409e-08
51 20 7.03593e-09
51 21 4.65696e-09
51 22 3.02894e-09
51 23 1.93685e-09
51 24 1.21822e-09
51 25 7.54024e-10
51 26 4.59491e-10
51 27 2.75801e-10
51 28 1.6313e-10
51 29 9.5121e-11
51 30 5.47015e-11
51 31 3.10368e-11
51 32 1.7381e-11
51 33 9.61072e-12
51 34 5.24898e-12
51 35 2.8326e-12
51 36 1.51089e-12
51 37 7.96817e-13
51 38 4.15627e-13
51 39 2.14487e-13
51 40 1.09542e-13
51 41 5.53817e-14
51 42 2.77255e-14
51 43 1.37478e-14
51 44 6.75357e-15
51 45 3.28762e-15
51 46 1.58632e-15
51 47 7.59115e-16
51 48 3.6103e-16
51 49 1.72306e-16
51 50 8.61864e-17
51 51 5.28983e-17

#x #y #phase
1 1 1
1 2 1
1 3 1
1 4 1
1 5 1
1 6 1
1 7 1
1 8 1
1 9 1
1 10 1
1 11 1
1 12 1
1 13 1
1 14 1
1 15 1
1 16 1
1 17 1
1 18 1
1 19 1
1 20 1
1 21 1
1 22 1
1 23 1
1 24 0.999999
1 25 0.999998
1 26 0.999995
1 27 0.999986
1 28 0.999957
1 29 0.999868
1 30 0.999597
1 31 0.998773
1 32 0.996267
1 33 0.988674
1 34 0.965989
1 35 0.90118
1 36 0.739043
1 37 0.456782
1 38 0.20979
1 39 0.0820423
1 40 0.0300508
1 41 0.0107434
1 42 0.00380701
1 43 0.00134426
1 44 0.000473708
1 45 0.000166614
1 46 5.84634e-05
1 47 2.04529e-05
1 48 7.13134e-06
1 49 2.48457e-06
1 50 8.88011e-07
1 51 3.93615e-07

2 1 1
2 2 1
2 3 1
2 4 1
2 5 1
2 6 1
2 7 1
2 8 1
2 9 1
2 10 1
2 11 1
2 12 1
2 13 1
2 14 1
2 15 1
2 16 1
2 17 1
2 18 1
2 19 1
