#x #y #phase
1 1 1
1 2 1
1 3 1
1 4 1
1 5 1
1 6 1
1 7 1
1 8 1
1 9 1
1 10 1
1 11 1
1 12 1
1 13 1
1 14 1
1 15 1
1 16 1
1 17 1
1 18 1
1 19 1
1 20 1
1 21 1
1 22 1
1 23 1
1 24 0.999999
1 25 0.999998
1 26 0.999994
1 27 0.999982
1 28 0.999946
1 29 0.999835
1 30 0.999496
1 31 0.998465
1 32 0.995332
1 33 0.985862
1 34 0.957726
1 35 0.878568
1 36 0.689524
1 37 0.398521
1 38 0.175284
1 39 0.0672849
1 40 0.0244733
1 41 0.00872701
1 42 0.00308931
1 43 0.0010902
1 44 0.000383957
1 45 0.000134942
1 46 4.73006e-05
1 47 1.65251e-05
1 48 5.75218e-06
1 49 2.00012e-06
1 50 7.1322e-07
1 51 3.15355e-07

2 1 1
2 2 1
2 3 1
2 4 1
2 5 1
2 6 1
2 7 1
2 8 1
2 9 1
2 10 1
2 11 1
2 12 1
2 13 1
2 14 1
2 15 1
2 16 1
2 17 1
2 18 1
2 19 1
2 20 1
2 21 1
2 22 1
2 23 1
2 24 0.999999
2 25 0.999998
2 26 0.999994
2 27 0.999982
2 28 0.999944
2 29 0.999829
2 30 0.999479
2 31 0.998414
2 32 0.99518
2 33 0.985417
2 34 0.956462
2 35 0.875254
2 36 0.682754
2 37 0.39147
2 38 0.17141
2 39 0.0656912
2 40 0.0238852
2 41 0.00851827
2 42 0.00301626
2 43 0.00106477
2 44 0.000375127
2 45 0.000131883
2 46 4.62431e-05
2 47 1.61607e-05
2 48 5.62702e-06
2 49 1.95719e-06
2 50 6.98136e-07
2 51 3.08791e-07

3 1 1
3 2 1
3 3 1
3 4 1
3 5 1
3 6 1
3 7 1
3 8 1
3 9 1
3 10 1
3 11 1
3 12 1
3 13 1
3 14 1
3 15 1
3 16 1
3 17 1
3 18 1
3 19 1
3 20 1
3 21 1
3 22 1
3 23 1
3 24 0.999999
3 25 0.999998
3 26 0.999993
3 27 0.99998
3 28 0.99994
3 29 0.999816
3 30 0.999442
3 31 0.998305
3 32 0.99486
3 33 0.984485
3 34 0.953817
3 35 0.868377
3 36 0.668955
3 37 0.377528
3 38 0.163869
3 39 0.0626058
3 40 0.0227485
3 41 0.00811496
3 42 0.00287509
3 43 0.00101561
3 44 0.000358049
3 45 0.000125962
3 46 4.41956e-05
3 47 1.54547e-05
3 48 5.38448e-06
3 49 1.87396e-06
3 50 6.68879e-07
3 51 2.96051e-07

4 1 1
4 2 1
4 3 1
4 4 1
4 5 1
4 6 1
4 7 1
4 8 1
4 9 1
4 10 1
4 11 1
4 12 1
4 13 1
4 14 1
4 15 1
4 16 1
4 17 1
4 18 1
4 19 1
4 20 1
4 21 1
4 22 1
4 23 1
4 24 0.999999
4 25 0.999998
4 26 0.999993
4 27 0.999978
4 28 0.999933
4 29 0.999796
4 30 0.999382
4 31 0.998129
4 32 0.99434
4 33 0.98297
4 34 0.949546
4 35 0.857419
4 36 0.647651
4 37 0.357052
4 38 0.153064
4 39 0.0582249
4 40 0.0211387
4 41 0.007544
4 42 0.00267514
4 43 0.000945928
4 44 0.000333824
4 45 0.000117558
4 46 4.12868e-05
4 47 1.44511e-05
4 48 5.03939e-06
4 49 1.75545e-06
4 50 6.27187e-07
4 51 2.77882e-07

5 1 1
5 2 1
5 3 1
5 4 1
5 5 1
5 6 1
5 7 1
5 8 1
5 9 1
5 10 1
5 11 1
5 12 1
5 13 1
5 14 1
5 15 1
5 16 1
5 17 1
5 18 1
5 19 1
5 20 1
5 21 1
5 22 1
5 23 1
5 24 0.999999
5 25 0.999997
5 26 0.999991
5 27 0.999974
5 28 0.999922
5 29 0.999765
5 30 0.999292
5 31 0.997863
5 32 0.993562
5 33 0.980713
5 34 0.943236
5 35 0.841549
5 36 0.618259
5 37 0.330661
5 38 0.139585
5 39 0.0528216
5 40 0.0191597
5 41 0.00684238
5 42 0.00242927
5 43 0.000860157
5 44 0.000303973
5 45 0.00010719
5 46 3.76945e-05
5 47 1.32102e-05
5 48 4.61229e-06
5 49 1.60863e-06
5 50 5.75476e-07
5 51 2.5532e-07

6 1 1
6 2 1
6 3 1
6 4 1
6 5 1
6 6 1
6 7 1
6 8 1
6 9 1
6 10 1
6 11 1
6 12 1
6 13 1
6 14 1
6 15 1
6 16 1
6 17 1
6 18 1
6 19 1
6 20 1
6 21 1
6 22 1
6 23 1
6 24 0.999999
6 25 0.999997
6 26 0.999989
6 27 0.999969
6 28 0.999906
6 29 0.99972
6 30 0.999159
6 31 0.997476
6 32 0.992434
6 33 0.977463
6 34 0.93425
6 35 0.819569
6 36 0.580282
6 37 0.299298
6 38 0.124166
6 39 0.0467223
6 40 0.0169341
6 41 0.00605347
6 42 0.00215255
6 43 0.000763495
6 44 0.000270284
6 45 9.54717e-05
6 46 3.36284e-05
6 47 1.18038e-05
6 48 4.12755e-06
6 49 1.44176e-06
6 50 5.16622e-07
6 51 2.29602e-07

7 1 1
7 2 1
7 3 1
7 4 1
7 5 1
7 6 1
7 7 1
7 8 1
7 9 1
7 10 1
7 11 1
7 12 1
7 13 1
7 14 1
7 15 1
7 16 1
7 17 1
7 18 1
7 19 1
7 20 1
7 21 1
7 22 1
7 23 0.999999
7 24 0.999999
7 25 0.999995
7 26 0.999987
7 27 0.999961
7 28 0.999884
7 29 0.999654
7 30 0.998967
7 31 0.996917
7 32 0.990815
7 33 0.972836
7 34 0.921646
7 35 0.789864
7 36 0.533603
7 37 0.264258
7 38 0.107637
7 39 0.0402759
7 40 0.0145905
7 41 0.00522277
7 42 0.0018608
7 43 0.000661411
7 44 0.00023464
7 45 8.30513e-05
7 46 2.93113e-05
7 47 1.0308e-05
7 48 3.61115e-06
7 49 1.2637e-06
7 50 4.53712e-07
7 51 2.02062e-07

8 1 1
8 2 1
8 3 1
8 4 1
8 5 1
8 6 1
8 7 1
8 8 1
8 9 1
8 10 1
8 11 1
8 12 1
8 13 1
8 14 1
8 15 1
8 16 1
8 17 0.999999
8 18 1
8 19 0.999999
8 20 1
8 21 1
8 22 1
8 23 0.999999
8 24 0.999998
8 25 0.999994
8 26 0.999983
8 27 0.999949
8 28 0.99985
8 29 0.999556
8 30 0.998686
8 31 0.996106
8 32 0.988483
8 33 0.966248
8 34 0.904065
8 35 0.750438
8 36 0.478837
8 37 0.227144
8 38 0.0908554
8 39 0.0338218
8 40 0.0122521
8 41 0.0043936
8 42 0.0015691
8 43 0.000559134
8 44 0.000198851
8 45 7.05537e-05
8 46 2.49582e-05
8 47 8.79673e-06
8 48 3.08839e-06
8 49 1.08311e-06
8 50 3.89772e-07
8 51 1.74009e-07

9 1 1
9 2 1
9 3 1
9 4 1
9 5 1
9 6 1
9 7 1
9 8 1
9 9 1
9 10 1
9 11 1
9 12 1
9 13 1
9 14 0.999999
9 15 1
9 16 0.999999
9 17 1
9 18 0.999999
9 19 1
9 20 0.999999
9 21 1
9 22 0.999999
9 23 0.999999
9 24 0.999997
9 25 0.999992
9 26 0.999976
9 27 0.999931
9 28 0.999799
9 29 0.99941
9 30 0.998269
9 31 0.994913
9 32 0.98509
9 33 0.956809
9 34 0.879601
9 35 0.699189
9 36 0.417625
9 37 0.189742
9 38 0.0746201
9 39 0.0276593
9 40 0.0100256
9 41 0.00360341
9 42 0.00129054
9 43 0.00046122
9 44 0.000164502
9 45 5.85288e-05
9 46 2.07597e-05
9 47 7.33569e-06
9 48 2.58187e-06
9 49 9.07724e-07
9 50 3.2753e-07
9 51 1.46633e-07

10 1 1
10 2 1
10 3 1
10 4 1
10 5 1
10 6 1
10 7 1
10 8 1
10 9 1
10 10 1
10 11 1
10 12 1
10 13 0.999999
10 14 1
10 15 0.999998
10 16 1
10 17 0.999998
10 18 1
10 19 0.999998
10 20 1
10 21 0.999998
10 22 1
10 23 0.999998
10 24 0.999996
10 25 0.999988
10 26 0.999967
10 27 0.999903
10 28 0.99972
10 29 0.999189
10 30 0.99764
10 31 0.993132
10 32 0.980084
10 33 0.943155
10 34 0.84566
10 35 0.634621
10 36 0.3527
10 37 0.153822
10 38 0.0596015
10 39 0.0220237
10 40 0.00799338
10 41 0.00288115
10 42 0.00103527
10 43 0.000371231
10 44 0.000132841
10 45 4.7413e-05
10 46 1.68678e-05
10 47 5.97778e-06
10 48 2.10989e-06
10 49 7.43884e-07
10 50 2.69227e-07
10 51 1.20916e-07

11 1 1
11 2 1
11 3 1
11 4 1
11 5 1
11 6 1
11 7 1
11 8 1
11 9 1
11 10 1
11 11 1
11 12 0.999999
11 13 1
11 14 0.999998
11 15 1
11 16 0.999997
11 17 1
11 18 0.999997
11 19 1
11 20 0.999997
11 21 1
11 22 0.999997
11 23 0.999999
11 24 0.999993
11 25 0.999983
11 26 0.99995
11 27 0.999859
11 28 0.999597
11 29 0.998844
11 30 0.996674
11 31 0.990424
11 32 0.972581
11 33 0.923211
11 34 0.798896
11 35 0.557011
11 36 0.287587
11 37 0.120914
11 38 0.0462847
11 39 0.0170734
11 40 0.00620981
11 41 0.00224593
11 42 0.000810062
11 43 0.000291578
11 44 0.000104722
11 45 3.75091e-05
11 46 1.33895e-05
11 47 4.76052e-06
11 48 1.68557e-06
11 49 5.96166e-07
11 50 2.165e-07
11 51 9.75825e-08

12 1 1
12 2 1
12 3 1
12 4 1
12 5 1
12 6 1
12 7 1
12 8 1
12 9 1
12 10 1
12 11 0.999999
12 12 1
12 13 0.999998
12 14 1
12 15 0.999996
12 16 1
12 17 0.999995
12 18 1.00001
12 19 0.999995
12 20 1
12 21 0.999996
12 22 1
12 23 0.999994
12 24 0.999992
12 25 0.999972
12 26 0.999925
12 27 0.999787
12 28 0.9994
12 29 0.998298
12 30 0.995158
12 31 0.986229
12 32 0.961168
12 33 0.893912
12 34 0.735528
12 35 0.469483
12 36 0.225981
12 37 0.0921232
12 38 0.0349446
12 39 0.0128872
12 40 0.00470112
12 41 0.0017071
12 42 0.000618344
12 43 0.000223512
12 44 8.06037e-05
12 45 2.89834e-05
12 46 1.03848e-05
12 47 3.70553e-06
12 48 1.31663e-06
12 49 4.67316e-07
12 50 1.70349e-07
12 51 7.70862e-08

13 1 1
13 2 1
13 3 1
13 4 1
13 5 1
13 6 1
13 7 1
13 8 1
13 9 1
13 10 0.999999
13 11 1
13 12 0.999998
13 13 1
13 14 0.999995
13 15 1.00001
13 16 0.999994
13 17 1.00001
13 18 0.999993
13 19 1.00001
13 20 0.999994
13 21 1
13 22 0.999994
13 23 0.999997
13 24 0.999982
13 25 0.999958
13 26 0.999879
13 27 0.999668
13 28 0.999075
13 29 0.99741
13 30 0.992725
13 31 0.979602
13 32 0.943587
13 33 0.850992
13 34 0.652777
13 35 0.378022
13 36 0.171007
13 37 0.0680357
13 38 0.0256549
13 39 0.00947313
13 40 0.0034689
13 41 0.00126545
13 42 0.000460554
13 43 0.000167253
13 44 6.05863e-05
13 45 2.18791e-05
13 46 7.87151e-06
13 47 2.81982e-06
13 48 1.00579e-06
13 49 3.5837e-07
13 50 1.31181e-07
13 51 5.96211e-08

14 1 1
14 2 1
14 3 1
14 4 1
14 5 1
14 6 1
14 7 1
14 8 1
14 9 0.999999
14 10 1
14 11 0.999998
14 12 1
14 13 0.999995
14 14 1.00001
14 15 0.999993
14 16 1.00001
14 17 0.999991
14 18 1.00001
14 19 0.999991
14 20 1.00001
14 21 0.999992
14 22 1
14 23 0.999986
14 24 0.999975
14 25 0.999926
14 26 0.999804
14 27 0.999463
14 28 0.998527
14 29 0.995931
14 30 0.988735
14 31 0.968946
14 32 0.916275
14 33 0.789105
14 34 0.551779
14 35 0.290015
14 36 0.124671
14 37 0.0487301
14 38 0.0183218
14 39 0.0067837
14 40 0.00249561
14 41 0.000915137
14 42 0.000334807
14 43 0.000122208
14 44 4.44855e-05
14 45 1.61397e-05
14 46 5.83256e-06
14 47 2.09839e-06
14 48 7.51614e-07
14 49 2.6894e-07
14 50 9.88939e-08
14 51 4.51614e-08

15 1 1
15 2 1
15 3 1
15 4 1
15 5 1
15 6 1
15 7 1
15 8 1
15 9 1
15 10 0.999998
15 11 1
15 12 0.999996
15 13 1.00001
15 14 0.999993
15 15 1.00001
15 16 0.99999
15 17 1.00001
15 18 0.999989
15 19 1.00001
15 20 0.99999
15 21 1
15 22 0.999987
15 23 0.999986
15 24 0.99995
15 25 0.999877
15 26 0.999666
15 27 0.999106
15 28 0.997579
15 29 0.993413
15 30 0.982057
15 31 0.951569
15 32 0.873875
15 33 0.703017
15 34 0.439974
15 35 0.212013
15 36 0.0876717
15 37 0.0338767
15 38 0.0127353
15 39 0.00473434
15 40 0.00175116
15 41 0.000645855
15 42 0.000237642
15 43 8.72216e-05
15 44 3.19179e-05
15 45 1.16385e-05
15 46 4.22617e-06
15 47 1.52753e-06
15 48 5.49633e-07
15 49 1.97571e-07
15 50 7.30105e-08
15 51 3.35139e-08

16 1 1
16 2 1
16 3 1
16 4 1
16 5 1
16 6 1
16 7 1
16 8 1
16 9 0.999999
16 10 1
16 11 0.999997
16 12 1
16 13 0.999994
16 14 1.00001
16 15 0.99999
16 16 1.00001
16 17 0.999987
16 18 1.00001
16 19 0.999987
16 20 1.00001
16 21 0.999986
16 22 0.999993
16 23 0.999962
16 24 0.999917
16 25 0.999776
16 26 0.999419
16 27 0.998461
16 28 0.995902
16 29 0.989031
16 30 0.970685
16 31 0.923031
16 32 0.809244
16 33 0.591526
16 34 0.329516
16 35 0.148016
16 36 0.0595755
16 37 0.0228815
16 38 0.00862131
16 39 0.00322177
16 40 0.00119904
16 41 0.000445022
16 42 0.00016476
16 43 6.08312e-05
16 44 2.23869e-05
16 45 8.2072e-06
16 46 2.99562e-06
16 47 1.08817e-06
16 48 3.93463e-07
16 49 1.42135e-07
16 50 5.28057e-08
16 51 2.43743e-08

17 1 1
17 2 1
17 3 1
17 4 1
17 5 1
17 6 1
17 7 1
17 8 0.999999
17 9 1
17 10 0.999998
17 11 1
17 12 0.999995
17 13 1.00001
17 14 0.999991
17 15 1.00001
17 16 0.999987
17 17 1.00001
17 18 0.999986
17 19 1.00001
17 20 0.999985
17 21 0.999998
17 22 0.999967
17 23 0.999941
17 24 0.999837
17 25 0.999595
17 26 0.998951
17 27 0.997277
17 28 0.992866
17 29 0.981254
17 30 0.951079
17 31 0.876395
17 32 0.715095
17 33 0.463078
17 34 0.232108
17 35 0.0990338
17 36 0.0391991
17 37 0.0150325
17 38 0.00568826
17 39 0.00213908
17 40 0.000801545
17 41 0.000299531
17 42 0.00011163
17 43 4.1477e-05
17 44 1.53564e-05
17 45 5.66218e-06
17 46 2.07809e-06
17 47 7.58904e-07
17 48 2.75848e-07
17 49 1.00177e-07
17 50 3.74312e-08
17 51 1.73807e-08

18 1 1
18 2 1
18 3 1
18 4 1
18 5 1
18 6 1
18 7 1
18 8 1
18 9 0.999999
18 10 1
18 11 0.999997
18 12 1.00001
18 13 0.999993
18 14 1.00001
18 15 0.999989
18 16 1.00001
18 17 0.999986
18 18 1.00001
18 19 0.999984
18 20 1
18 21 0.99997
18 22 0.999955
18 23 0.999871
18 24 0.999696
18 25 0.999231
18 26 0.998061
18 27 0.995045
18 28 0.987259
18 29 0.967243
18 30 0.917194
18 31 0.80223
18 32 0.589559
18 33 0.335239
18 34 0.154586
18 35 0.0637588
18 36 0.025026
18 37 0.00961724
18 38 0.00366079
18 39 0.00138657
18 40 0.000523444
18 41 0.000197041
18 42 7.39521e-05
18 43 2.76622e-05
18 44 1.03071e-05
18 45 3.82357e-06
18 46 1.4115e-06
18 47 5.18396e-07
18 48 1.89482e-07
18 49 6.92025e-08
18 50 2.60158e-08
18 51 1.21567e-08

19 1 1
19 2 1
19 3 1
19 4 1
19 5 1
19 6 1
19 7 1
19 8 0.999999
19 9 1
19 10 0.999998
19 11 1
19 12 0.999995
19 13 1.00001
19 14 0.999991
19 15 1.00001
19 16 0.999987
19 17 1.00001
19 18 0.999984
19 19 1
19 20 0.999971
19 21 0.999963
19 22 0.999889
19 23 0.999753
19 24 0.999392
19 25 0.998517
19 26 0.996313
19 27 0.990758
19 28 0.976728
19 29 0.941821
19 30 0.859512
19 31 0.691702
19 32 0.444875
19 33 0.225295
19 34 0.0980344
19 35 0.0396551
19 36 0.0155341
19 37 0.00599859
19 38 0.0023
19 39 0.000878107
19 40 0.00033415
19 41 0.000126763
19 42 4.79299e-05
19 43 1.80553e-05
19 44 6.77278e-06
19 45 2.52857e-06
19 46 9.39199e-07
19 47 3.47004e-07
19 48 1.27587e-07
19 49 4.68775e-08
19 50 1.77376e-08
19 51 8.34394e-09

20 1 1
20 2 1
20 3 1
20 4 1
20 5 1
20 6 1
20 7 1
20 8 1
20 9 0.999999
20 10 1
20 11 0.999997
20 12 1
20 13 0.999994
20 14 1.00001
20 15 0.99999
20 16 1.00001
20 17 0.999985
20 18 1
20 19 0.999971
20 20 0.999965
20 21 0.999897
20 22 0.999783
20 23 0.99948
20 24 0.998777
20 25 0.997052
20 26 0.992823
20 27 0.982378
20 28 0.956762
20 29 0.89606
20 30 0.765875
20 31 0.545995
20 32 0.305724
20 33 0.141956
20 34 0.0596226
20 35 0.0239118
20 36 0.00939216
20 37 0.00365203
20 38 0.00141196
20 39 0.000543722
20 40 0.000208662
20 41 7.98053e-05
20 42 3.04102e-05
20 43 1.15404e-05
20 44 4.35938e-06
20 45 1.63847e-06
20 46 6.12521e-07
20 47 2.27735e-07
20 48 8.4257e-08
20 49 3.1154e-08
20 50 1.1869e-08
20 51 5.62262e-09

21 1 1
21 2 1
21 3 1
21 4 1
21 5 1
21 6 1
21 7 1
21 8 1
21 9 1
21 10 0.999998
21 11 1
21 12 0.999996
21 13 1
21 14 0.999992
21 15 1
21 16 0.999986
21 17 0.999998
21 18 0.99997
21 19 0.999963
21 20 0.999897
21 21 0.999792
21 22 0.999519
21 23 0.998912
21 24 0.997463
21 25 0.99402
21 26 0.985732
21 27 0.965825
21 28 0.91904
21 29 0.816579
21 30 0.628578
21 31 0.387037
21 32 0.193161
21 33 0.0848326
21 34 0.0349932
21 35 0.0140221
21 36 0.00554073
21 37 0.0021727
21 38 0.000847726
21 39 0.000329444
21 40 0.000127557
21 41 4.92017e-05
21 42 1.89005e-05
21 43 7.22773e-06
21 44 2.75022e-06
21 45 1.0409e-06
21 46 3.91755e-07
21 47 1.46617e-07
21 48 5.46007e-08
21 49 2.03233e-08
21 50 7.79847e-09
21 51 3.72153e-09

22 1 1
22 2 1
22 3 1
22 4 1
22 5 1
22 6 1
22 7 1
22 8 1
22 9 0.999999
22 10 1
22 11 0.999997
22 12 1
22 13 0.999994
22 14 1
22 15 0.999987
22 16 0.999993
22 17 0.999967
22 18 0.999955
22 19 0.999889
22 20 0.999783
22 21 0.999519
22 22 0.998954
22 23 0.997648
22 24 0.994643
22 25 0.98762
22 26 0.971174
22 27 0.933176
22 28 0.849806
22 29 0.689987
22 30 0.460263
22 31 0.24706
22 32 0.114022
22 33 0.0485819
22 34 0.0199209
22 35 0.00801718
22 36 0.00319418
22 37 0.00126455
22 38 0.000498238
22 39 0.000195491
22 40 7.63932e-05
22 41 2.97269e-05
22 42 1.15151e-05
22 43 4.43841e-06
22 44 1.70162e-06
22 45 6.48692e-07
22 46 2.45859e-07
22 47 9.26482e-08
22 48 3.4739e-08
22 49 1.30206e-08
22 50 5.03389e-09
22 51 2.42063e-09

23 1 1
23 2 1
23 3 1
23 4 1
23 5 1
23 6 1
23 7 0.999999
23 8 0.999999
23 9 0.999999
23 10 0.999998
23 11 0.999999
23 12 0.999994
23 13 0.999997
23 14 0.999986
23 15 0.999986
23 16 0.999962
23 17 0.999941
23 18 0.999871
23 19 0.999753
23 20 0.99948
23 21 0.998912
23 22 0.997648
23 23 0.994837
23 24 0.988472
23 25 0.973994
23 26 0.941314
23 27 0.870398
23 28 0.732135
23 29 0.519273
23 30 0.29792
23 31 0.144706
23 32 0.063884
23 33 0.0268814
23 34 0.0110438
23 35 0.00447895
23 36 0.00180202
23 37 0.000720811
23 38 0.000286932
23 39 0.000113707
23 40 4.48584e-05
23 41 1.76142e-05
23 42 6.88169e-06
23 43 2.67413e-06
23 44 1.03319e-06
23 45 3.9682e-07
23 46 1.51492e-07
23 47 5.74961e-08
23 48 2.17122e-08
23 49 8.19709e-09
23 50 3.19387e-09
23 51 1.54799e-09

24 1 0.999999
24 2 0.999999
24 3 0.999999
24 4 0.999999
24 5 0.999999
24 6 0.999999
24 7 0.999999
24 8 0.999998
24 9 0.999997
24 10 0.999996
24 11 0.999993
24 12 0.999992
24 13 0.999982
24 14 0.999975
24 15 0.99995
24 16 0.999917
24 17 0.999837
24 18 0.999696
24 19 0.999392
24 20 0.998777
24 21 0.997463
24 22 0.994643
24 23 0.988472
24 24 0.974874
24 25 0.945034
24 26 0.881574
24 27 0.758116
24 28 0.561439
24 29 0.340389
24 30 0.173566
24 31 0.0794971
24 32 0.0344023
24 33 0.0144591
24 34 0.00598072
24 35 0.00244949
24 36 0.000996188
24 37 0.000402836
24 38 0.000162069
24 39 6.48843e-05
24 40 2.58476e-05
24 41 1.02433e-05
24 42 4.03705e-06
24 43 1.58181e-06
24 44 6.16024e-07
24 45 2.38417e-07
24 46 9.17025e-08
24 47 3.50619e-08
24 48 1.33382e-08
24 49 5.07351e-09
24 50 1.99282e-09
24 51 9.73746e-10

25 1 0.999998
25 2 0.999998
25 3 0.999998
25 4 0.999998
25 5 0.999997
25 6 0.999997
25 7 0.999995
25 8 0.999994
25 9 0.999992
25 10 0.999988
25 11 0.999983
25 12 0.999972
25 13 0.999958
25 14 0.999926
25 15 0.999877
25 16 0.999776
25 17 0.999595
25 18 0.999231
25 19 0.998517
25 20 0.997052
25 21 0.99402
25 22 0.98762
25 23 0.973994
25 24 0.945034
25 25 0.885112
25 26 0.770444
25 27 0.586424
25 28 0.370551
25 29 0.197144
25 30 0.0936013
25 31 0.0417097
25 32 0.0179668
25 33 0.00759361
25 34 0.00317151
25 35 0.00131346
25 36 0.00054031
25 37 0.000220962
25 38 8.9869e-05
25 39 3.63547e-05
25 40 1.4626e-05
25 41 5.85063e-06
25 42 2.32634e-06
25 43 9.19232e-07
25 44 3.60899e-07
25 45 1.40778e-07
25 46 5.45658e-08
25 47 2.10222e-08
25 48 8.05822e-09
25 49 3.08893e-09
25 50 1.22341e-09
25 51 6.02787e-10

26 1 0.999994
26 2 0.999994
26 3 0.999993
26 4 0.999993
26 5 0.999991
26 6 0.999989
26 7 0.999987
26 8 0.999983
26 9 0.999976
26 10 0.999967
26 11 0.99995
26 12 0.999925
26 13 0.999879
26 14 0.999804
26 15 0.999666
26 16 0.999419
26 17 0.998951
26 18 0.998061
26 19 0.996313
26 20 0.992823
26 21 0.985732
26 22 0.971174
26 23 0.941314
26 24 0.881574
26 25 0.770444
26 26 0.594669
26 27 0.386122
26 28 0.212542
26 29 0.104315
26 30 0.0478751
26 31 0.0211652
26 32 0.00915598
26 33 0.00390628
26 34 0.00165008
26 35 0.000691536
26 36 0.000287854
26 37 0.000119078
26 38 4.89675e-05
26 39 2.00177e-05
26 40 8.13384e-06
26 41 3.28445e-06
26 42 1.3177e-06
26 43 5.25142e-07
26 44 2.07881e-07
26 45 8.17427e-08
26 46 3.19346e-08
26 47 1.23998e-08
26 48 4.79032e-09
26 49 1.85089e-09
26 50 7.39342e-10
26 51 3.67386e-10

27 1 0.999982
27 2 0.999982
27 3 0.99998
27 4 0.999978
27 5 0.999974
27 6 0.999969
27 7 0.999961
27 8 0.999949
27 9 0.999931
27 10 0.999903
27 11 0.999859
27 12 0.999787
27 13 0.999668
27 14 0.999463
27 15 0.999106
27 16 0.998461
27 17 0.997277
27 18 0.995045
27 19 0.990758
27 20 0.982378
27 21 0.965825
27 22 0.933176
27 23 0.870398
27 24 0.758116
27 25 0.586424
27 26 0.386122
27 27 0.217888
27 28 0.110101
27 29 0.0520073
27 30 0.0236178
27 31 0.0104731
27 32 0.0045718
27 33 0.00197298
27 34 0.000843682
27 35 0.000357954
27 36 0.000150801
27 37 6.31094e-05
27 38 2.62407e-05
27 39 1.08404e-05
27 40 4.44888e-06
27 41 1.8135e-06
27 42 7.34133e-07
27 43 2.9511e-07
27 44 1.17802e-07
27 45 4.67025e-08
27 46 1.83931e-08
27 47 7.19923e-09
27 48 2.80354e-09
27 49 1.09207e-09
27 50 4.4004e-10
27 51 2.20553e-10

28 1 0.999946
28 2 0.999944
28 3 0.99994
28 4 0.999933
28 5 0.999922
28 6 0.999906
28 7 0.999884
28 8 0.99985
28 9 0.999799
28 10 0.99972
28 11 0.999597
28 12 0.9994
28 13 0.999075
28 14 0.998527
28 15 0.997579
28 16 0.995902
28 17 0.992866
28 18 0.987259
28 19 0.976728
28 20 0.956762
28 21 0.91904
28 22 0.849806
28 23 0.732135
28 24 0.561439
28 25 0.370551
28 26 0.212542
28 27 0.110101
28 28 0.0534628
28 29 0.0249518
28 30 0.011356
28 31 0.00507992
28 32 0.0022432
28 33 0.000980239
28 34 0.000424514
28 35 0.000182371
28 36 7.77639e-05
28 37 3.29228e-05
28 38 1.3841e-05
28 39 5.77803e-06
28 40 2.39493e-06
28 41 9.85491e-07
28 42 4.02556e-07
28 43 1.63235e-07
28 44 6.57144e-08
28 45 2.62701e-08
28 46 1.04316e-08
28 47 4.11651e-09
28 48 1.61618e-09
28 49 6.34788e-10
28 50 2.58056e-10
28 51 1.30475e-10

29 1 0.999835
29 2 0.999829
29 3 0.999816
29 4 0.999796
29 5 0.999765
29 6 0.99972
29 7 0.999654
29 8 0.999556
29 9 0.99941
29 10 0.999189
29 11 0.998844
29 12 0.998298
29 13 0.99741
29 14 0.995931
29 15 0.993413
29 16 0.989031
29 17 0.981254
29 18 0.967243
29 19 0.941821
29 20 0.89606
29 21 0.816579
29 22 0.689987
29 23 0.519273
29 24 0.340389
29 25 0.197144
29 26 0.104315
29 27 0.0520073
29 28 0.0249518
29 29 0.0116672
29 30 0.0053556
29 31 0.00242349
29 32 0.00108381
29 33 0.000479781
29 34 0.000210461
29 35 9.15495e-05
29 36 3.95088e-05
29 37 1.69199e-05
29 38 7.1913e-06
29 39 3.03331e-06
29 40 1.2697e-06
29 41 5.27399e-07
29 42 2.17386e-07
29 43 8.89247e-08
29 44 3.61071e-08
29 45 1.45567e-08
29 46 5.82889e-09
29 47 2.31938e-09
29 48 9.18188e-10
29 49 3.63681e-10
29 50 1.49177e-10
29 51 7.6093e-11

30 1 0.999496
30 2 0.999479
30 3 0.999442
30 4 0.999382
30 5 0.999292
30 6 0.999159
30 7 0.998967
30 8 0.998686
30 9 0.998269
30 10 0.99764
30 11 0.996674
30 12 0.995158
30 13 0.992725
30 14 0.988735
30 15 0.982057
30 16 0.970685
30 17 0.951079
30 18 0.917194
30 19 0.859512
30 20 0.765875
30 21 0.628578
30 22 0.460263
30 23 0.29792
30 24 0.173566
30 25 0.0936013
30 26 0.0478751
30 27 0.0236178
30 28 0.011356
30 29 0.0053556
30 30 0.00248687
30 31 0.00113979
30 32 0.000516458
30 33 0.000231631
30 34 0.000102914
30 35 4.53234e-05
30 36 1.97927e-05
30 37 8.57267e-06
30 38 3.68289e-06
30 39 1.56939e-06
30 40 6.63348e-07
30 41 2.7812e-07
30 42 1.15677e-07
30 43 4.77379e-08
30 44 1.95522e-08
30 45 7.95029e-09
30 46 3.21064e-09
30 47 1.28836e-09
30 48 5.14331e-10
30 49 2.05459e-10
30 50 8.5045e-11
30 51 4.37666e-11

31 1 0.998465
31 2 0.998414
31 3 0.998305
31 4 0.998129
31 5 0.997863
31 6 0.997476
31 7 0.996917
31 8 0.996106
31 9 0.994913
31 10 0.993132
31 11 0.990424
31 12 0.986229
31 13 0.979602
31 14 0.968946
31 15 0.951569
31 16 0.923031
31 17 0.876395
31 18 0.80223
31 19 0.691702
31 20 0.545995
31 21 0.387037
31 22 0.24706
31 23 0.144706
31 24 0.0794971
31 25 0.0417097
31 26 0.0211652
31 27 0.0104731
31 28 0.00507992
31 29 0.00242349
31 30 0.00113979
31 31 0.000529318
31 32 0.000243027
31 33 0.000110419
31 34 4.96807e-05
31 35 2.21462e-05
31 36 9.7841e-06
31 37 4.28481e-06
31 38 1.86026e-06
31 39 8.00704e-07
31 40 3.41709e-07
31 41 1.44603e-07
31 42 6.06897e-08
31 43 2.52685e-08
31 44 1.04402e-08
31 45 4.28208e-09
31 46 1.74419e-09
31 47 7.05892e-10
31 48 2.84199e-10
31 49 1.14507e-10
31 50 4.78332e-11
31 51 2.48366e-11

32 1 0.995332
32 2 0.99518
32 3 0.99486
32 4 0.99434
32 5 0.993562
32 6 0.992434
32 7 0.990815
32 8 0.988483
32 9 0.98509
32 10 0.980084
32 11 0.972581
32 12 0.961168
32 13 0.943587
32 14 0.916275
32 15 0.873875
32 16 0.809244
32 17 0.715095
32 18 0.589559
32 19 0.444875
32 20 0.305724
32 21 0.193161
32 22 0.114022
32 23 0.063884
32 24 0.0344023
32 25 0.0179668
32 26 0.00915598
32 27 0.0045718
32 28 0.0022432
32 29 0.00108381
32 30 0.000516458
32 31 0.000243027
32 32 0.000113044
32 33 5.20182e-05
32 34 2.36939e-05
32 35 1.06875e-05
32 36 4.77527e-06
32 37 2.1139e-06
32 38 9.27237e-07
32 39 4.03058e-07
32 40 1.73652e-07
32 41 7.41667e-08
32 42 3.14103e-08
32 43 1.31948e-08
32 44 5.49996e-09
32 45 2.27563e-09
32 46 9.34976e-10
32 47 3.81657e-10
32 48 1.54975e-10
32 49 6.29829e-11
32 50 2.65534e-11
32 51 1.3911e-11

33 1 0.985862
33 2 0.985417
33 3 0.984485
33 4 0.98297
33 5 0.980713
33 6 0.977463
33 7 0.972836
33 8 0.966248
33 9 0.956809
33 10 0.943155
33 11 0.923211
33 12 0.893912
33 13 0.850992
33 14 0.789105
33 15 0.703017
33 16 0.591526
33 17 0.463078
33 18 0.335239
33 19 0.225295
33 20 0.141956
33 21 0.0848326
33 22 0.0485819
33 23 0.0268814
33 24 0.0144591
33 25 0.00759361
33 26 0.00390628
33 27 0.00197298
33 28 0.000980239
33 29 0.000479781
33 30 0.000231631
33 31 0.000110419
33 32 5.20182e-05
33 33 2.4234e-05
33 34 1.11707e-05
33 35 5.09663e-06
33 36 2.30227e-06
33 37 1.02988e-06
33 38 4.56303e-07
33 39 2.00279e-07
33 40 8.7102e-08
33 41 3.7545e-08
33 42 1.60452e-08
33 43 6.80088e-09
33 44 2.86004e-09
33 45 1.19381e-09
33 46 4.94786e-10
33 47 2.03721e-10
33 48 8.34345e-11
33 49 3.42037e-11
33 50 1.45541e-11
33 51 7.69312e-12

34 1 0.957726
34 2 0.956462
34 3 0.953817
34 4 0.949546
34 5 0.943236
34 6 0.93425
34 7 0.921646
34 8 0.904065
34 9 0.879601
34 10 0.84566
34 11 0.798896
34 12 0.735528
34 13 0.652777
34 14 0.551779
34 15 0.439974
34 16 0.329516
34 17 0.232108
34 18 0.154586
34 19 0.0980344
34 20 0.0596226
34 21 0.0349932
34 22 0.0199209
34 23 0.0110438
34 24 0.00598072
34 25 0.00317151
34 26 0.00165008
34 27 0.000843682
34 28 0.000424514
34 29 0.000210461
34 30 0.000102914
34 31 4.96807e-05
34 32 2.36939e-05
34 33 1.11707e-05
34 34 5.20857e-06
34 35 2.40277e-06
34 36 1.09693e-06
34 37 4.95708e-07
34 38 2.21797e-07
34 39 9.82827e-08
34 40 4.3144e-08
34 41 1.87684e-08
34 42 8.09393e-09
34 43 3.46163e-09
34 44 1.46878e-09
34 45 6.18522e-10
34 46 2.58604e-10
34 47 1.07402e-10
34 48 4.43657e-11
34 49 1.83463e-11
34 50 7.87934e-12
34 51 4.20223e-12

35 1 0.878568
35 2 0.875254
35 3 0.868377
35 4 0.857419
35 5 0.841549
35 6 0.819569
35 7 0.789864
35 8 0.750438
35 9 0.699189
35 10 0.634621
35 11 0.557011
35 12 0.469483
35 13 0.378022
35 14 0.290015
35 15 0.212013
35 16 0.148016
35 17 0.0990338
35 18 0.0637588
35 19 0.0396551
35 20 0.0239118
35 21 0.0140221
35 22 0.00801718
35 23 0.00447895
35 24 0.00244949
35 25 0.00131346
35 26 0.000691536
35 27 0.000357954
35 28 0.000182371
35 29 9.15495e-05
35 30 4.53234e-05
35 31 2.21462e-05
35 32 1.06875e-05
35 33 5.09663e-06
35 34 2.40277e-06
35 35 1.12025e-06
35 36 5.16687e-07
35 37 2.35816e-07
35 38 1.06533e-07
35 39 4.76537e-08
35 40 2.11137e-08
35 41 9.26937e-09
35 42 4.0339e-09
35 43 1.74084e-09
35 44 7.45275e-10
35 45 3.16634e-10
35 46 1.33548e-10
35 47 5.59461e-11
35 48 2.33096e-11
35 49 9.72332e-12
35 50 4.2149e-12
35 51 2.268e-12

36 1 0.689524
36 2 0.682754
36 3 0.668955
36 4 0.647651
36 5 0.618259
36 6 0.580282
36 7 0.533603
36 8 0.478837
36 9 0.417625
36 10 0.3527
36 11 0.287587
36 12 0.225981
36 13 0.171007
36 14 0.124671
36 15 0.0876717
36 16 0.0595755
36 17 0.0391991
36 18 0.025026
36 19 0.0155341
36 20 0.00939216
36 21 0.00554073
36 22 0.00319418
36 23 0.00180202
36 24 0.000996188
36 25 0.00054031
36 26 0.000287854
36 27 0.000150801
36 28 7.77639e-05
36 29 3.95088e-05
36 30 1.97927e-05
36 31 9.7841e-06
36 32 4.77527e-06
36 33 2.30227e-06
36 34 1.09693e-06
36 35 5.16687e-07
36 36 2.40686e-07
36 37 1.10917e-07
36 38 5.05854e-08
36 39 2.28397e-08
36 40 1.02133e-08
36 41 4.52509e-09
36 42 1.98723e-09
36 43 8.65363e-10
36 44 3.73799e-10
36 45 1.60221e-10
36 46 6.81708e-11
36 47 2.88058e-11
36 48 1.21051e-11
36 49 5.09358e-12
36 50 2.22859e-12
36 51 1.20986e-12

37 1 0.398521
37 2 0.39147
37 3 0.377528
37 4 0.357052
37 5 0.330661
37 6 0.299298
37 7 0.264258
37 8 0.227144
37 9 0.189742
37 10 0.153822
37 11 0.120914
37 12 0.0921232
37 13 0.0680357
37 14 0.0487301
37 15 0.0338767
37 16 0.0228815
37 17 0.0150325
37 18 0.00961724
37 19 0.00599859
37 20 0.00365203
37 21 0.0021727
37 22 0.00126455
37 23 0.000720811
37 24 0.000402836
37 25 0.000220962
37 26 0.000119078
37 27 6.31094e-05
37 28 3.29228e-05
37 29 1.69199e-05
37 30 8.57267e-06
37 31 4.28481e-06
37 32 2.1139e-06
37 33 1.02988e-06
37 34 4.95708e-07
37 35 2.35816e-07
37 36 1.10917e-07
37 37 5.16026e-08
37 38 2.37555e-08
37 39 1.08257e-08
37 40 4.88572e-09
37 41 2.18454e-09
37 42 9.68109e-10
37 43 4.2539e-10
37 44 1.85397e-10
37 45 8.0171e-11
37 46 3.44096e-11
37 47 1.46656e-11
37 48 6.21586e-12
37 49 2.63832e-12
37 50 1.1651e-12
37 51 6.38122e-13

38 1 0.175284
38 2 0.17141
38 3 0.163869
38 4 0.153064
38 5 0.139585
38 6 0.124166
38 7 0.107637
38 8 0.0908554
38 9 0.0746201
38 10 0.0596015
38 11 0.0462847
38 12 0.0349446
38 13 0.0256549
38 14 0.0183218
38 15 0.0127353
38 16 0.00862131
38 17 0.00568826
38 18 0.00366079
38 19 0.0023
38 20 0.00141196
38 21 0.000847726
38 22 0.000498238
38 23 0.000286932
38 24 0.000162069
38 25 8.9869e-05
38 26 4.89675e-05
38 27 2.62407e-05
38 28 1.3841e-05
38 29 7.1913e-06
38 30 3.68289e-06
38 31 1.86026e-06
38 32 9.27237e-07
38 33 4.56303e-07
38 34 2.21797e-07
38 35 1.06533e-07
38 36 5.05854e-08
38 37 2.37555e-08
38 38 1.1038e-08
38 39 5.07679e-09
38 40 2.31231e-09
38 41 1.04337e-09
38 42 4.66593e-10
38 43 2.06872e-10
38 44 9.09658e-11
38 45 3.96835e-11
38 46 1.71807e-11
38 47 7.38558e-12
38 48 3.15707e-12
38 49 1.35167e-12
38 50 6.02463e-13
38 51 3.32877e-13

39 1 0.0672849
39 2 0.0656912
39 3 0.0626058
39 4 0.0582249
39 5 0.0528216
39 6 0.0467223
39 7 0.0402759
39 8 0.0338218
39 9 0.0276593
39 10 0.0220237
39 11 0.0170734
39 12 0.0128872
39 13 0.00947313
39 14 0.0067837
39 15 0.00473434
39 16 0.00322177
39 17 0.00213908
39 18 0.00138657
39 19 0.000878107
39 20 0.000543722
39 21 0.000329444
39 22 0.000195491
39 23 0.000113707
39 24 6.48843e-05
39 25 3.63547e-05
39 26 2.00177e-05
39 27 1.08404e-05
39 28 5.77803e-06
39 29 3.03331e-06
39 30 1.56939e-06
39 31 8.00704e-07
39 32 4.03058e-07
39 33 2.00279e-07
39 34 9.82827e-08
39 35 4.76537e-08
39 36 2.28397e-08
39 37 1.08257e-08
39 38 5.07679e-09
39 39 2.35656e-09
39 40 1.08319e-09
39 41 4.93227e-10
39 42 2.22568e-10
39 43 9.95655e-11
39 44 4.41699e-11
39 45 1.9438e-11
39 46 8.4885e-12
39 47 3.68025e-12
39 48 1.58657e-12
39 49 6.85161e-13
39 50 3.08225e-13
39 51 1.71795e-13

40 1 0.0244733
40 2 0.0238852
40 3 0.0227485
40 4 0.0211387
40 5 0.0191597
40 6 0.0169341
40 7 0.0145905
40 8 0.0122521
40 9 0.0100256
40 10 0.00799338
40 11 0.00620981
40 12 0.00470112
40 13 0.0034689
40 14 0.00249561
40 15 0.00175116
40 16 0.00119904
40 17 0.000801545
40 18 0.000523444
40 19 0.00033415
40 20 0.000208662
40 21 0.000127557
40 22 7.63932e-05
40 23 4.48584e-05
40 24 2.58476e-05
40 25 1.4626e-05
40 26 8.13384e-06
40 27 4.44888e-06
40 28 2.39493e-06
40 29 1.2697e-06
40 30 6.63348e-07
40 31 3.41709e-07
40 32 1.73652e-07
40 33 8.7102e-08
40 34 4.3144e-08
40 35 2.11137e-08
40 36 1.02133e-08
40 37 4.88572e-09
40 38 2.31231e-09
40 39 1.08319e-09
40 40 5.02442e-10
40 41 2.30862e-10
40 42 1.05115e-10
40 43 4.74424e-11
40 44 2.12324e-11
40 45 9.42527e-12
40 46 4.1514e-12
40 47 1.81519e-12
40 48 7.89158e-13
40 49 3.43741e-13
40 50 1.56066e-13
40 51 8.7743e-14

41 1 0.00872701
41 2 0.00851827
41 3 0.00811496
41 4 0.007544
41 5 0.00684238
41 6 0.00605347
41 7 0.00522277
41 8 0.0043936
41 9 0.00360341
41 10 0.00288115
41 11 0.00224593
41 12 0.0017071
41 13 0.00126545
41 14 0.000915137
41 15 0.000645855
41 16 0.000445022
41 17 0.000299531
41 18 0.000197041
41 19 0.000126763
41 20 7.98053e-05
41 21 4.92017e-05
41 22 2.97269e-05
41 23 1.76142e-05
41 24 1.02433e-05
41 25 5.85063e-06
41 26 3.28445e-06
41 27 1.8135e-06
41 28 9.85491e-07
41 29 5.27399e-07
41 30 2.7812e-07
41 31 1.44603e-07
41 32 7.41667e-08
41 33 3.7545e-08
41 34 1.87684e-08
41 35 9.26937e-09
41 36 4.52509e-09
41 37 2.18454e-09
41 38 1.04337e-09
41 39 4.93227e-10
41 40 2.30862e-10
41 41 1.07033e-10
41 42 4.91695e-11
41 43 2.23885e-11
41 44 1.01074e-11
41 45 4.52559e-12
41 46 2.01034e-12
41 47 8.86444e-13
41 48 3.88628e-13
41 49 1.70733e-13
41 50 7.82312e-14
41 51 4.43625e-14

42 1 0.00308931
42 2 0.00301626
42 3 0.00287509
42 4 0.00267514
42 5 0.00242927
42 6 0.00215255
42 7 0.0018608
42 8 0.0015691
42 9 0.00129054
42 10 0.00103527
42 11 0.000810062
42 12 0.000618344
42 13 0.000460554
42 14 0.000334807
42 15 0.000237642
42 16 0.00016476
42 17 0.00011163
42 18 7.39521e-05
42 19 4.79299e-05
42 20 3.04102e-05
42 21 1.89005e-05
42 22 1.15151e-05
42 23 6.88169e-06
42 24 4.03705e-06
42 25 2.32634e-06
42 26 1.3177e-06
42 27 7.34133e-07
42 28 4.02556e-07
42 29 2.17386e-07
42 30 1.15677e-07
42 31 6.06897e-08
42 32 3.14103e-08
42 33 1.60452e-08
42 34 8.09393e-09
42 35 4.0339e-09
42 36 1.98723e-09
42 37 9.68109e-10
42 38 4.66593e-10
42 39 2.22568e-10
42 40 1.05115e-10
42 41 4.91695e-11
42 42 2.27878e-11
42 43 1.0467e-11
42 44 4.76639e-12
42 45 2.15244e-12
42 46 9.64252e-13
42 47 4.28745e-13
42 48 1.89539e-13
42 49 8.39804e-14
42 50 3.88334e-14
42 51 2.22095e-14

43 1 0.0010902
43 2 0.00106477
43 3 0.00101561
43 4 0.000945928
43 5 0.000860157
43 6 0.000763495
43 7 0.000661411
43 8 0.000559134
43 9 0.00046122
43 10 0.000371231
43 11 0.000291578
43 12 0.000223512
43 13 0.000167253
43 14 0.000122208
43 15 8.72216e-05
43 16 6.08312e-05
43 17 4.1477e-05
43 18 2.76622e-05
43 19 1.80553e-05
43 20 1.15404e-05
43 21 7.22773e-06
43 22 4.43841e-06
43 23 2.67413e-06
43 24 1.58181e-06
43 25 9.19232e-07
43 26 5.25142e-07
43 27 2.9511e-07
43 28 1.63235e-07
43 29 8.89247e-08
43 30 4.77379e-08
43 31 2.52685e-08
43 32 1.31948e-08
43 33 6.80088e-09
43 34 3.46163e-09
43 35 1.74084e-09
43 36 8.65363e-10
43 37 4.2539e-10
43 38 2.06872e-10
43 39 9.95655e-11
43 40 4.74424e-11
43 41 2.23885e-11
43 42 1.0467e-11
43 43 4.8495e-12
43 44 2.2273e-12
43 45 1.01436e-12
43 46 4.58233e-13
43 47 2.05444e-13
43 48 9.15758e-14
43 49 4.09198e-14
43 50 1.90943e-14
43 51 1.10127e-14

44 1 0.000383957
44 2 0.000375127
44 3 0.000358049
44 4 0.000333824
44 5 0.000303973
44 6 0.000270284
44 7 0.00023464
44 8 0.000198851
44 9 0.000164502
44 10 0.000132841
44 11 0.000104722
44 12 8.06037e-05
44 13 6.05863e-05
44 14 4.44855e-05
44 15 3.19179e-05
44 16 2.23869e-05
44 17 1.53564e-05
44 18 1.03071e-05
44 19 6.77278e-06
44 20 4.35938e-06
44 21 2.75022e-06
44 22 1.70162e-06
44 23 1.03319e-06
44 24 6.16024e-07
44 25 3.60899e-07
44 26 2.07881e-07
44 27 1.17802e-07
44 28 6.57144e-08
44 29 3.61071e-08
44 30 1.95522e-08
44 31 1.04402e-08
44 32 5.49996e-09
44 33 2.86004e-09
44 34 1.46878e-09
44 35 7.45275e-10
44 36 3.73799e-10
44 37 1.85397e-10
44 38 9.09658e-11
44 39 4.41699e-11
44 40 2.12324e-11
44 41 1.01074e-11
44 42 4.76639e-12
44 43 2.2273e-12
44 44 1.03166e-12
44 45 4.73793e-13
44 46 2.15814e-13
44 47 9.7556e-14
44 48 4.38432e-14
44 49 1.97561e-14
44 50 9.30215e-15
44 51 5.40984e-15

45 1 0.000134942
45 2 0.000131883
45 3 0.000125962
45 4 0.000117558
45 5 0.00010719
45 6 9.54717e-05
45 7 8.30513e-05
45 8 7.05537e-05
45 9 5.85288e-05
45 10 4.7413e-05
45 11 3.75091e-05
45 12 2.89834e-05
45 13 2.18791e-05
45 14 1.61397e-05
45 15 1.16385e-05
45 16 8.2072e-06
45 17 5.66218e-06
45 18 3.82357e-06
45 19 2.52857e-06
45 20 1.63847e-06
45 21 1.0409e-06
45 22 6.48692e-07
45 23 3.9682e-07
45 24 2.38417e-07
45 25 1.40778e-07
45 26 8.17427e-08
45 27 4.67025e-08
45 28 2.62701e-08
45 29 1.45567e-08
45 30 7.95029e-09
45 31 4.28208e-09
45 32 2.27563e-09
45 33 1.19381e-09
45 34 6.18522e-10
45 35 3.16634e-10
45 36 1.60221e-10
45 37 8.0171e-11
45 38 3.96835e-11
45 39 1.9438e-11
45 40 9.42527e-12
45 41 4.52559e-12
45 42 2.15244e-12
45 43 1.01436e-12
45 44 4.73793e-13
45 45 2.19403e-13
45 46 1.00763e-13
45 47 4.59204e-14
45 48 2.08057e-14
45 49 9.45362e-15
45 50 4.49109e-15
45 51 2.63334e-15

46 1 4.73006e-05
46 2 4.62431e-05
46 3 4.41956e-05
46 4 4.12868e-05
46 5 3.76945e-05
46 6 3.36284e-05
46 7 2.93113e-05
46 8 2.49582e-05
46 9 2.07597e-05
46 10 1.68678e-05
46 11 1.33895e-05
46 12 1.03848e-05
46 13 7.87151e-06
46 14 5.83256e-06
46 15 4.22617e-06
46 16 2.99562e-06
46 17 2.07809e-06
46 18 1.4115e-06
46 19 9.39199e-07
46 20 6.12521e-07
46 21 3.91755e-07
46 22 2.45859e-07
46 23 1.51492e-07
46 24 9.17025e-08
46 25 5.45658e-08
46 26 3.19346e-08
46 27 1.83931e-08
46 28 1.04316e-08
46 29 5.82889e-09
46 30 3.21064e-09
46 31 1.74419e-09
46 32 9.34976e-10
46 33 4.94786e-10
46 34 2.58604e-10
46 35 1.33548e-10
46 36 6.81708e-11
46 37 3.44096e-11
46 38 1.71807e-11
46 39 8.4885e-12
46 40 4.1514e-12
46 41 2.01034e-12
46 42 9.64252e-13
46 43 4.58233e-13
46 44 2.15814e-13
46 45 1.00763e-13
46 46 4.66535e-14
46 47 2.14334e-14
46 48 9.78953e-15
46 49 4.48492e-15
46 50 2.14947e-15
46 51 1.27048e-15

47 1 1.65251e-05
47 2 1.61607e-05
47 3 1.54547e-05
47 4 1.44511e-05
47 5 1.32102e-05
47 6 1.18038e-05
47 7 1.0308e-05
47 8 8.79673e-06
47 9 7.33569e-06
47 10 5.97778e-06
47 11 4.76052e-06
47 12 3.70553e-06
47 13 2.81982e-06
47 14 2.09839e-06
47 15 1.52753e-06
47 16 1.08817e-06
47 17 7.58904e-07
47 18 5.18396e-07
47 19 3.47004e-07
47 20 2.27735e-07
47 21 1.46617e-07
47 22 9.26482e-08
47 23 5.74961e-08
47 24 3.50619e-08
47 25 2.10222e-08
47 26 1.23998e-08
47 27 7.19923e-09
47 28 4.11651e-09
47 29 2.31938e-09
47 30 1.28836e-09
47 31 7.05892e-10
47 32 3.81657e-10
47 33 2.03721e-10
47 34 1.07402e-10
47 35 5.59461e-11
47 36 2.88058e-11
47 37 1.46656e-11
47 38 7.38558e-12
47 39 3.68025e-12
47 40 1.81519e-12
47 41 8.86444e-13
47 42 4.28745e-13
47 43 2.05444e-13
47 44 9.7556e-14
47 45 4.59204e-14
47 46 2.14334e-14
47 47 9.92578e-15
47 48 4.56979e-15
47 49 2.1107e-15
47 50 1.02038e-15
47 51 6.07855e-16

48 1 5.75218e-06
48 2 5.62702e-06
48 3 5.38448e-06
48 4 5.03939e-06
48 5 4.61229e-06
48 6 4.12755e-06
48 7 3.61115e-06
48 8 3.08839e-06
48 9 2.58187e-06
48 10 2.10989e-06
48 11 1.68557e-06
48 12 1.31663e-06
48 13 1.00579e-06
48 14 7.51614e-07
48 15 5.49633e-07
48 16 3.93463e-07
48 17 2.75848e-07
48 18 1.89482e-07
48 19 1.27587e-07
48 20 8.4257e-08
48 21 5.46007e-08
48 22 3.4739e-08
48 23 2.17122e-08
48 24 1.33382e-08
48 25 8.05822e-09
48 26 4.79032e-09
48 27 2.80354e-09
48 28 1.61618e-09
48 29 9.18188e-10
48 30 5.14331e-10
48 31 2.84199e-10
48 32 1.54975e-10
48 33 8.34345e-11
48 34 4.43657e-11
48 35 2.33096e-11
48 36 1.21051e-11
48 37 6.21586e-12
48 38 3.15707e-12
48 39 1.58657e-12
48 40 7.89158e-13
48 41 3.88628e-13
48 42 1.89539e-13
48 43 9.15758e-14
48 44 4.38432e-14
48 45 2.08057e-14
48 46 9.78953e-15
48 47 4.56979e-15
48 48 2.12068e-15
48 49 9.87442e-16
48 50 4.81451e-16
48 51 2.88997e-16

49 1 2.00012e-06
49 2 1.95719e-06
49 3 1.87396e-06
49 4 1.75545e-06
49 5 1.60863e-06
49 6 1.44176e-06
49 7 1.2637e-06
49 8 1.08311e-06
49 9 9.07724e-07
49 10 7.43884e-07
49 11 5.96166e-07
49 12 4.67316e-07
49 13 3.5837e-07
49 14 2.6894e-07
49 15 1.97571e-07
49 16 1.42135e-07
49 17 1.00177e-07
49 18 6.92025e-08
49 19 4.68775e-08
49 20 3.1154e-08
49 21 2.03233e-08
49 22 1.30206e-08
49 23 8.19709e-09
49 24 5.07351e-09
49 25 3.08893e-09
49 26 1.85089e-09
49 27 1.09207e-09
49 28 6.34788e-10
49 29 3.63681e-10
49 30 2.05459e-10
49 31 1.14507e-10
49 32 6.29829e-11
49 33 3.42037e-11
49 34 1.83463e-11
49 35 9.72332e-12
49 36 5.09358e-12
49 37 2.63832e-12
49 38 1.35167e-12
49 39 6.85161e-13
49 40 3.43741e-13
49 41 1.70733e-13
49 42 8.39804e-14
49 43 4.09198e-14
49 44 1.97561e-14
49 45 9.45362e-15
49 46 4.48492e-15
49 47 2.1107e-15
49 48 9.87442e-16
49 49 4.63545e-16
49 50 2.27942e-16
49 51 1.37851e-16

50 1 7.1322e-07
50 2 6.98136e-07
50 3 6.68879e-07
50 4 6.27187e-07
50 5 5.75476e-07
50 6 5.16622e-07
50 7 4.53712e-07
50 8 3.89772e-07
50 9 3.2753e-07
50 10 2.69227e-07
50 11 2.165e-07
50 12 1.70349e-07
50 13 1.31181e-07
50 14 9.88939e-08
50 15 7.30105e-08
50 16 5.28057e-08
50 17 3.74312e-08
50 18 2.60158e-08
50 19 1.77376e-08
50 20 1.1869e-08
50 21 7.79847e-09
50 22 5.03389e-09
50 23 3.19387e-09
50 24 1.99282e-09
50 25 1.22341e-09
50 26 7.39342e-10
50 27 4.4004e-10
50 28 2.58056e-10
50 29 1.49177e-10
50 30 8.5045e-11
50 31 4.78332e-11
50 32 2.65534e-11
50 33 1.45541e-11
50 34 7.87934e-12
50 35 4.2149e-12
50 36 2.22859e-12
50 37 1.1651e-12
50 38 6.02463e-13
50 39 3.08225e-13
50 40 1.56066e-13
50 41 7.82312e-14
50 42 3.88334e-14
50 43 1.90943e-14
50 44 9.30215e-15
50 45 4.49109e-15
50 46 2.14947e-15
50 47 1.02038e-15
50 48 4.81451e-16
50 49 2.27942e-16
50 50 1.13065e-16
50 51 6.88895e-17

51 1 3.15355e-07
51 2 3.08791e-07
51 3 2.96051e-07
51 4 2.77882e-07
51 5 2.5532e-07
51 6 2.29602e-07
51 7 2.02062e-07
51 8 1.74009e-07
51 9 1.46633e-07
51 10 1.20916e-07
51 11 9.75825e-08
51 12 7.70862e-08
51 13 5.96211e-08
51 14 4.51614e-08
51 15 3.35139e-08
51 16 2.43743e-08
51 17 1.73807e-08
51 18 1.21567e-08
51 19 8.34394e-09
51 20 5.62262e-09
51 21 3.72153e-09
51 22 2.42063e-09
51 23 1.54799e-09
51 24 9.73746e-10
51 25 6.02787e-10
51 26 3.67386e-10
51 27 2.20553e-10
51 28 1.30475e-10
51 29 7.6093e-11
51 30 4.37666e-11
51 31 2.48366e-11
51 32 1.3911e-11
51 33 7.69312e-12
51 34 4.20223e-12
51 35 2.268e-12
51 36 1.20986e-12
51 37 6.38122e-13
51 38 3.32877e-13
51 39 1.71795e-13
51 40 8.7743e-14
51 41 4.43625e-14
51 42 2.22095e-14
51 43 1.10127e-14
51 44 5.40984e-15
51 45 2.63334e-15
51 46 1.27048e-15
51 47 6.07855e-16
51 48 2.88997e-16
51 49 1.37851e-16
51 50 6.88895e-17
51 51 4.22375e-17

#x #y #phase
1 1 1
1 2 1
1 3 1
1 4 1
1 5 1
1 6 1
1 7 1
1 8 1
1 9 1
1 10 1
1 11 1
1 12 1
1 13 1
1 14 1
1 15 1
1 16 1
1 17 1
1 18 1
1 19 1
1 20 1
1 21 1
1 22 1
1 23 1
1 24 0.999999
1 25 0.999998
1 26 0.999994
1 27 0.999982
1 28 0.999946
1 29 0.999835
1 30 0.999496
1 31 0.998465
1 32 0.995332
1 33 0.985862
1 34 0.957726
1 35 0.878568
1 36 0.689524
1 37 0.398521
1 38 0.175284
1 39 0.0672849
1 40 0.0244733
1 41 0.00872701
1 42 0.00308931
1 43 0.0010902
1 44 0.000383957
1 45 0.000134942
1 46 4.73006e-05
1 47 1.65251e-05
1 48 5.75218e-06
1 49 2.00012e-06
1 50 7.1322e-07
1 51 3.15355e-07

2 1 1
2 2 1
2 3 1
2 4 1
2 5 1
2 6 1
2 7 1
2 8 1
2 9 1
2 10 1
