#x #y #phase
1 1 1
1 2 1
1 3 1
1 4 1
1 5 1
1 6 1
1 7 1
1 8 1
1 9 0.999999
1 10 1
1 11 0.999999
1 12 1
1 13 0.999999
1 14 1
1 15 0.999998
1 16 1
1 17 0.999998
1 18 1
1 19 0.999998
1 20 1
1 21 0.999999
1 22 1
1 23 0.999999
1 24 1
1 25 0.999999
1 26 1
1 27 1
1 28 1
1 29 1
1 30 1
1 31 1
1 32 1
1 33 1
1 34 0.999999
1 35 0.999998
1 36 0.999993
1 37 0.999979
1 38 0.999937
1 39 0.999808
1 40 0.999415
1 41 0.998217
1 42 0.994571
1 43 0.983563
1 44 0.950991
1 45 0.860481
1 46 0.652137
1 47 0.360009
1 48 0.154215
1 49 0.0588199
1 50 0.0221398
1 51 0.0102352

2 1 1
2 2 1
2 3 1
2 4 1
2 5 1
2 6 0.999999
2 7 1
2 8 0.999999
2 9 1
2 10 0.999998
2 11 1
2 12 0.999996
2 13 1
2 14 0.999995
2 15 1.00001
2 16 0.999994
2 17 1.00001
2 18 0.999994
2 19 1.00001
2 20 0.999995
2 21 1
2 22 0.999996
2 23 1
2 24 0.999998
2 25 1
2 26 0.999999
2 27 1
2 28 0.999999
2 29 1
2 30 1
2 31 1
2 32 1
2 33 1
2 34 0.999999
2 35 0.999998
2 36 0.999993
2 37 0.999979
2 38 0.999935
2 39 0.999803
2 40 0.9994
2 41 0.99817
2 42 0.994433
2 43 0.983158
2 44 0.949838
2 45 0.857506
2 46 0.646374
2 47 0.354594
2 48 0.151393
2 49 0.0576749
2 50 0.0217028
2 51 0.0100337

3 1 1
3 2 1
3 3 1
3 4 1
3 5 0.999999
3 6 1
3 7 0.999998
3 8 1
3 9 0.999996
3 10 1
3 11 0.999994
3 12 1.00001
3 13 0.999992
3 14 1.00001
3 15 0.99999
3 16 1.00001
3 17 0.999989
3 18 1.00001
3 19 0.99999
3 20 1.00001
3 21 0.999992
3 22 1.00001
3 23 0.999994
3 24 1
3 25 0.999996
3 26 1
3 27 0.999998
3 28 1
3 29 0.999999
3 30 1
3 31 1
3 32 1
3 33 1
3 34 0.999999
3 35 0.999998
3 36 0.999993
3 37 0.999978
3 38 0.999932
3 39 0.999792
3 40 0.999368
3 41 0.998074
3 42 0.994147
3 43 0.982316
3 44 0.947451
3 45 0.851391
3 46 0.634723
3 47 0.343898
3 48 0.145882
3 49 0.0554479
3 50 0.0208538
3 51 0.00964228

4 1 1
4 2 1
4 3 1
4 4 0.999999
4 5 1
4 6 0.999998
4 7 1
4 8 0.999996
4 9 1.00001
4 10 0.999992
4 11 1.00001
4 12 0.999989
4 13 1.00001
4 14 0.999985
4 15 1.00002
4 16 0.999983
4 17 1.00002
4 18 0.999982
4 19 1.00002
4 20 0.999984
4 21 1.00001
4 22 0.999988
4 23 1.00001
4 24 0.999992
4 25 1.00001
4 26 0.999995
4 27 1
4 28 0.999998
4 29 1
4 30 0.999999
4 31 1
4 32 1
4 33 1
4 34 0.999999
4 35 0.999997
4 36 0.999992
4 37 0.999976
4 38 0.999926
4 39 0.999775
4 40 0.999316
4 41 0.99792
4 42 0.99369
4 43 0.980975
4 44 0.943663
4 45 0.841796
4 46 0.616957
4 47 0.328208
4 48 0.137942
4 49 0.05226
4 50 0.019641
4 51 0.0090834

5 1 1
5 2 1
5 3 0.999999
5 4 1
5 5 0.999998
5 6 1
5 7 0.999995
5 8 1.00001
5 9 0.999991
5 10 1.00001
5 11 0.999986
5 12 1.00002
5 13 0.99998
5 14 1.00002
5 15 0.999975
5 16 1.00003
5 17 0.999973
5 18 1.00003
5 19 0.999974
5 20 1.00002
5 21 0.999978
5 22 1.00002
5 23 0.999984
5 24 1.00001
5 25 0.99999
5 26 1.00001
5 27 0.999994
5 28 1
5 29 0.999997
5 30 1
5 31 0.999999
5 32 1
5 33 0.999999
5 34 0.999999
5 35 0.999997
5 36 0.999991
5 37 0.999973
5 38 0.999917
5 39 0.99975
5 40 0.99924
5 41 0.997696
5 42 0.993026
5 43 0.97903
5 44 0.9382
5 45 0.828184
5 46 0.592814
5 47 0.307977
5 48 0.127946
5 49 0.0482805
5 50 0.0181309
5 51 0.00838785

6 1 1
6 2 0.999999
6 3 1
6 4 0.999998
6 5 1
6 6 0.999995
6 7 1.00001
6 8 0.99999
6 9 1.00001
6 10 0.999983
6 11 1.00002
6 12 0.999975
6 13 1.00003
6 14 0.999967
6 15 1.00004
6 16 0.999961
6 17 1.00004
6 18 0.99996
6 19 1.00004
6 20 0.999964
6 21 1.00003
6 22 0.999972
6 23 1.00002
6 24 0.99998
6 25 1.00002
6 26 0.999988
6 27 1.00001
6 28 0.999994
6 29 1
6 30 0.999997
6 31 1
6 32 0.999999
6 33 1
6 34 0.999999
6 35 0.999997
6 36 0.99999
6 37 0.999969
6 38 0.999905
6 39 0.999714
6 40 0.999134
6 41 0.997381
6 42 0.992096
6 43 0.976322
6 44 0.930655
6 45 0.809801
6 46 0.562097
6 47 0.283846
6 48 0.116358
6 49 0.0437129
6 50 0.0164027
6 51 0.00759224

7 1 1
7 2 1
7 3 0.999998
7 4 1
7 5 0.999995
7 6 1.00001
7 7 0.99999
7 8 1.00001
7 9 0.999982
7 10 1.00002
7 11 0.999971
7 12 1.00004
7 13 0.999959
7 14 1.00005
7 15 0.999949
7 16 1.00005
7 17 0.999944
7 18 1.00006
7 19 0.999946
7 20 1.00005
7 21 0.999954
7 22 1.00004
7 23 0.999965
7 24 1.00003
7 25 0.999977
7 26 1.00002
7 27 0.999987
7 28 1.00001
7 29 0.999994
7 30 1
7 31 0.999997
7 32 1
7 33 0.999999
7 34 0.999999
7 35 0.999996
7 36 0.999988
7 37 0.999963
7 38 0.999888
7 39 0.999664
7 40 0.998987
7 41 0.996947
7 42 0.990818
7 43 0.972618
7 44 0.920448
7 45 0.78565
7 46 0.52481
7 47 0.256648
7 48 0.103703
7 49 0.0387788
7 50 0.0145417
7 51 0.00673582

8 1 1
8 2 0.999999
8 3 1
8 4 0.999996
8 5 1.00001
8 6 0.99999
8 7 1.00001
8 8 0.999981
8 9 1.00003
8 10 0.999968
8 11 1.00004
8 12 0.999952
8 13 1.00006
8 14 0.999936
8 15 1.00007
8 16 0.999926
8 17 1.00008
8 18 0.999923
8 19 1.00007
8 20 0.99993
8 21 1.00006
8 22 0.999944
8 23 1.00005
8 24 0.99996
8 25 1.00003
8 26 0.999976
8 27 1.00002
8 28 0.999987
8 29 1.00001
8 30 0.999994
8 31 1
8 32 0.999997
8 33 1
8 34 0.999997
8 35 0.999995
8 36 0.999985
8 37 0.999955
8 38 0.999865
8 39 0.999595
8 40 0.998783
8 41 0.996348
8 42 0.989066
8 43 0.967582
8 44 0.906777
8 45 0.754514
8 46 0.481322
8 47 0.227385
8 48 0.0905318
8 49 0.0337009
8 50 0.0126322
8 51 0.00585727

9 1 0.999999
9 2 1
9 3 0.999996
9 4 1.00001
9 5 0.999991
9 6 1.00001
9 7 0.999982
9 8 1.00003
9 9 0.999967
9 10 1.00004
9 11 0.999947
9 12 1.00006
9 13 0.999926
9 14 1.00008
9 15 0.999908
9 16 1.0001
9 17 0.999899
9 18 1.0001
9 19 0.999902
9 20 1.00009
9 21 0.999916
9 22 1.00007
9 23 0.999936
9 24 1.00005
9 25 0.999958
9 26 1.00003
9 27 0.999975
9 28 1.00002
9 29 0.999987
9 30 1.00001
9 31 0.999994
9 32 1
9 33 0.999997
9 34 0.999999
9 35 0.999993
9 36 0.999981
9 37 0.999943
9 38 0.999832
9 39 0.999498
9 40 0.998499
9 41 0.995518
9 42 0.986657
9 43 0.960728
9 44 0.888555
9 45 0.715059
9 46 0.432513
9 47 0.197179
9 48 0.0773803
9 49 0.0286861
9 50 0.0107516
9 51 0.00499199

10 1 1
10 2 0.999998
10 3 1
10 4 0.999992
10 5 1.00001
10 6 0.999983
10 7 1.00002
10 8 0.999968
10 9 1.00004
10 10 0.999946
10 11 1.00007
10 12 0.999919
10 13 1.00009
10 14 0.999893
10 15 1.00012
10 16 0.999875
10 17 1.00013
10 18 0.999871
10 19 1.00013
10 20 0.999882
10 21 1.00011
10 22 0.999905
10 23 1.00008
10 24 0.999932
10 25 1.00005
10 26 0.999958
10 27 1.00003
10 28 0.999977
10 29 1.00002
10 30 0.999989
10 31 1.00001
10 32 0.999995
10 33 1
10 34 0.999996
10 35 0.999993
10 36 0.999975
10 37 0.999928
10 38 0.999785
10 39 0.999361
10 40 0.998101
10 41 0.994359
10 42 0.983315
10 43 0.951352
10 44 0.864338
10 45 0.666116
10 46 0.379846
10 47 0.167188
10 48 0.0647315
10 49 0.0239124
10 50 0.00896562
10 51 0.00416983

11 1 0.999999
11 2 1
11 3 0.999994
11 4 1.00001
11 5 0.999986
11 6 1.00002
11 7 0.999971
11 8 1.00004
11 9 0.999947
11 10 1.00007
11 11 0.999916
11 12 1.0001
11 13 0.999883
11 14 1.00013
11 15 0.999854
11 16 1.00015
11 17 0.99984
11 18 1.00016
11 19 0.999845
11 20 1.00015
11 21 0.999867
11 22 1.00012
11 23 0.999899
11 24 1.00008
11 25 0.999932
11 26 1.00005
11 27 0.99996
11 28 1.00003
11 29 0.99998
11 30 1.00001
11 31 0.999991
11 32 1.00001
11 33 0.999995
11 34 0.999998
11 35 0.999988
11 36 0.999968
11 37 0.999904
11 38 0.999717
11 39 0.999165
11 40 0.997534
11 41 0.992721
11 42 0.978631
11 43 0.938427
11 44 0.832251
11 45 0.607164
11 46 0.325309
11 47 0.138498
11 48 0.0529826
11 49 0.0195187
11 50 0.00732458
11 51 0.00341373

12 1 1
12 2 0.999996
12 3 1.00001
12 4 0.999989
12 5 1.00002
12 6 0.999975
12 7 1.00004
12 8 0.999952
12 9 1.00006
12 10 0.999919
12 11 1.0001
12 12 0.999879
12 13 1.00014
12 14 0.999841
12 15 1.00017
12 16 0.999814
12 17 1.00019
12 18 0.999808
12 19 1.00019
12 20 0.999825
12 21 1.00016
12 22 0.999859
12 23 1.00012
12 24 0.999899
12 25 1.00008
12 26 0.999937
12 27 1.00005
12 28 0.999965
12 29 1.00002
12 30 0.999983
12 31 1.00001
12 32 0.999992
12 33 1
12 34 0.999992
12 35 0.999986
12 36 0.999955
12 37 0.99987
12 38 0.999618
12 39 0.998881
12 40 0.996716
12 41 0.990374
12 42 0.971988
12 43 0.920479
12 44 0.789975
12 45 0.538927
12 46 0.271204
12 47 0.112032
12 48 0.0424236
12 49 0.0156003
12 50 0.00586245
12 51 0.00273915

13 1 0.999999
13 2 1
13 3 0.999992
13 4 1.00001
13 5 0.99998
13 6 1.00003
13 7 0.999959
13 8 1.00006
13 9 0.999926
13 10 1.00009
13 11 0.999883
13 12 1.00014
13 13 0.999836
13 14 1.00019
13 15 0.999797
13 16 1.00022
13 17 0.999777
13 18 1.00022
13 19 0.999784
13 20 1.0002
13 21 0.999815
13 22 1.00016
13 23 0.99986
13 24 1.00012
13 25 0.999906
13 26 1.00007
13 27 0.999945
13 28 1.00004
13 29 0.999971
13 30 1.00002
13 31 0.999987
13 32 1.00001
13 33 0.999992
13 34 0.999995
13 35 0.999977
13 36 0.999938
13 37 0.999818
13 38 0.999472
13 39 0.998461
13 40 0.995516
13 41 0.98696
13 42 0.962463
13 43 0.895455
13 44 0.734979
13 45 0.463783
13 46 0.219833
13 47 0.0884655
13 48 0.0332283
13 49 0.0122087
13 50 0.00459711
13 51 0.00215426

14 1 1
14 2 0.999995
14 3 1.00001
14 4 0.999985
14 5 1.00002
14 6 0.999967
14 7 1.00005
14 8 0.999936
14 9 1.00008
14 10 0.999893
14 11 1.00013
14 12 0.999841
14 13 1.00019
14 14 0.999791
14 15 1.00023
14 16 0.999757
14 17 1.00025
14 18 0.99975
14 19 1.00024
14 20 0.999772
14 21 1.00021
14 22 0.999816
14 23 1.00016
14 24 0.999869
14 25 1.00011
14 26 0.999918
14 27 1.00006
14 28 0.999955
14 29 1.00003
14 30 0.999978
14 31 1.00001
14 32 0.99999
14 33 1
14 34 0.999986
14 35 0.99997
14 36 0.999908
14 37 0.99974
14 38 0.999248
14 39 0.997828
14 40 0.993723
14 41 0.981921
14 42 0.948661
14 43 0.860609
14 44 0.665366
14 45 0.385646
14 46 0.173159
14 47 0.0681894
14 48 0.0254595
14 49 0.00935592
14 50 0.00353205
14 51 0.00166075

15 1 0.999998
15 2 1.00001
15 3 0.99999
15 4 1.00002
15 5 0.999975
15 6 1.00004
15 7 0.999949
15 8 1.00007
15 9 0.999908
15 10 1.00012
15 11 0.999854
15 12 1.00017
15 13 0.999797
15 14 1.00023
15 15 0.999749
15 16 1.00027
15 17 0.999726
15 18 1.00027
15 19 0.999735
15 20 1.00025
15 21 0.999774
15 22 1.0002
15 23 0.999829
15 24 1.00014
15 25 0.999886
15 26 1.00009
15 27 0.999933
15 28 1.00005
15 29 0.999966
15 30 1.00002
15 31 0.999984
15 32 1.00001
15 33 0.999988
15 34 0.999987
15 35 0.999951
15 36 0.999866
15 37 0.999616
15 38 0.998903
15 39 0.996858
15 40 0.991001
15 41 0.974365
15 42 0.928483
15 43 0.812498
15 44 0.581405
15 45 0.309233
15 46 0.132544
15 47 0.0513153
15 48 0.019085
15 49 0.00702148
15 50 0.00265918
15 51 0.0012551

16 1 1
16 2 0.999994
16 3 1.00001
16 4 0.999983
16 5 1.00003
16 6 0.999961
16 7 1.00005
16 8 0.999926
16 9 1.0001
16 10 0.999875
16 11 1.00015
16 12 0.999814
16 13 1.00022
16 14 0.999757
16 15 1.00027
16 16 0.999718
16 17 1.00029
16 18 0.999711
16 19 1.00028
16 20 0.999738
16 21 1.00024
16 22 0.999789
16 23 1.00018
16 24 0.999851
16 25 1.00012
16 26 0.999907
16 27 1.00007
16 28 0.999949
16 29 1.00004
16 30 0.999975
16 31 1.00001
16 32 0.999987
16 33 0.999997
16 34 0.99997
16 35 0.999929
16 36 0.999794
16 37 0.999421
16 38 0.998358
16 39 0.995342
16 40 0.986794
16 41 0.96289
16 42 0.898851
16 43 0.747311
16 44 0.486949
16 45 0.238994
16 46 0.0986408
16 47 0.0377147
16 48 0.0139998
16 49 0.00516135
16 50 0.00196203
16 51 0.000929987

17 1 0.999998
17 2 1.00001
17 3 0.999989
17 4 1.00002
17 5 0.999973
17 6 1.00004
17 7 0.999944
17 8 1.00008
17 9 0.999899
17 10 1.00013
17 11 0.99984
17 12 1.00019
17 13 0.999777
17 14 1.00025
17 15 0.999726
17 16 1.00029
17 17 0.999702
17 18 1.0003
17 19 0.999713
17 20 1.00027
17 21 0.999756
17 22 1.00021
17 23 0.999817
17 24 1.00015
17 25 0.999878
17 26 1.00009
17 27 0.999929
17 28 1.00005
17 29 0.999964
17 30 1.00002
17 31 0.999982
17 32 1
17 33 0.999979
17 34 0.999962
17 35 0.999883
17 36 0.99968
17 37 0.999102
17 38 0.997483
17 39 0.99293
17 40 0.980193
17 41 0.945288
17 42 0.855553
17 43 0.662343
17 44 0.389208
17 45 0.17817
17 46 0.0714343
17 47 0.0270839
17 48 0.0100521
17 49 0.00371685
17 50 0.00141898
17 51 0.000675717

18 1 1
18 2 0.999994
18 3 1.00001
18 4 0.999982
18 5 1.00003
18 6 0.99996
18 7 1.00006
18 8 0.999923
18 9 1.0001
18 10 0.999871
18 11 1.00016
18 12 0.999808
18 13 1.00022
18 14 0.99975
18 15 1.00027
18 16 0.999711
18 17 1.0003
18 18 0.999705
18 19 1.00028
18 20 0.999733
18 21 1.00024
18 22 0.999787
18 23 1.00018
18 24 0.999851
18 25 1.00012
18 26 0.999908
18 27 1.00007
18 28 0.99995
18 29 1.00003
18 30 0.999975
18 31 1.00001
18 32 0.999981
18 33 0.999981
18 34 0.999928
18 35 0.999815
18 36 0.999484
18 37 0.998576
18 38 0.996048
18 39 0.989024
18 40 0.969684
18 41 0.918156
18 42 0.79346
18 43 0.559071
18 44 0.296559
18 45 0.128342
18 46 0.0503933
18 47 0.0190144
18 48 0.00706698
18 49 0.0026228
18 50 0.00100612
18 51 0.000481532

19 1 0.999998
19 2 1.00001
19 3 0.99999
19 4 1.00002
19 5 0.999974
19 6 1.00004
19 7 0.999946
19 8 1.00007
19 9 0.999902
19 10 1.00013
19 11 0.999845
19 12 1.00019
19 13 0.999784
19 14 1.00024
19 15 0.999735
19 16 1.00028
19 17 0.999713
19 18 1.00028
19 19 0.999725
19 20 1.00026
19 21 0.999768
19 22 1.0002
19 23 0.999827
19 24 1.00014
19 25 0.999886
19 26 1.00009
19 27 0.999934
19 28 1.00005
19 29 0.999966
19 30 1.00002
19 31 0.99998
19 32 0.999993
19 33 0.999952
19 34 0.999888
19 35 0.999688
19 36 0.999155
19 37 0.997686
19 38 0.993652
19 39 0.982594
19 40 0.952778
19 41 0.87648
19 42 0.707752
19 43 0.445556
19 44 0.215797
19 45 0.0895278
19 46 0.0346703
19 47 0.013058
19 48 0.00486643
19 49 0.00181406
19 50 0.000699552
19 51 0.000336631

20 1 1
20 2 0.999995
20 3 1.00001
20 4 0.999984
20 5 1.00002
20 6 0.999964
20 7 1.00005
20 8 0.99993
20 9 1.00009
20 10 0.999882
20 11 1.00015
20 12 0.999825
20 13 1.0002
20 14 0.999772
20 15 1.00025
20 16 0.999738
20 17 1.00027
20 18 0.999733
20 19 1.00026
20 20 0.999761
20 21 1.00022
20 22 0.999811
20 23 1.00016
20 24 0.999868
20 25 1.0001
20 26 0.999919
20 27 1.00006
20 28 0.999956
20 29 1.00003
20 30 0.999976
20 31 1
20 32 0.999964
20 33 0.99993
20 34 0.9998
20 35 0.999473
20 36 0.998577
20 37 0.996154
20 38 0.989579
20 39 0.971866
20 40 0.925473
20 41 0.81373
20 42 0.597599
20 43 0.334341
20 44 0.150507
20 45 0.0606242
20 46 0.0232897
20 47 0.0087772
20 48 0.0032836
20 49 0.00123017
20 50 0.000477103
20 51 0.000230919

21 1 0.999999
21 2 1
21 3 0.999992
21 4 1.00001
21 5 0.999978
21 6 1.00003
21 7 0.999954
21 8 1.00006
21 9 0.999916
21 10 1.00011
21 11 0.999867
21 12 1.00016
21 13 0.999815
21 14 1.00021
21 15 0.999774
21 16 1.00024
21 17 0.999756
21 18 1.00024
21 19 0.999768
21 20 1.00022
21 21 0.999805
21 22 1.00017
21 23 0.999856
21 24 1.00012
21 25 0.999907
21 26 1.00007
21 27 0.999947
21 28 1.00004
21 29 0.999971
21 30 1.00001
21 31 0.999969
21 32 0.999956
21 33 0.999863
21 34 0.999654
21 35 0.999078
21 36 0.997554
21 37 0.993467
21 38 0.98255
21 39 0.953798
21 40 0.881656
21 41 0.723356
21 42 0.471309
21 43 0.236895
21 44 0.101056
21 45 0.0399433
21 46 0.0152923
21 47 0.00577803
21 48 0.00217184
21 49 0.000818178
21 50 0.000319266
21 51 0.000155476

22 1 1
22 2 0.999996
22 3 1.00001
22 4 0.999988
22 5 1.00002
22 6 0.999972
22 7 1.00004
22 8 0.999944
22 9 1.00007
22 10 0.999905
22 11 1.00012
22 12 0.999859
22 13 1.00016
22 14 0.999816
22 15 1.0002
22 16 0.999789
22 17 1.00021
22 18 0.999787
22 19 1.0002
22 20 0.999811
22 21 1.00017
22 22 0.999852
22 23 1.00012
22 24 0.999898
22 25 1.00008
22 26 0.999938
22 27 1.00004
22 28 0.999965
22 29 1.00002
22 30 0.999971
22 31 0.999972
22 32 0.9999
22 33 0.99976
22 34 0.99937
22 35 0.998362
22 36 0.9957
22 37 0.988678
22 38 0.97027
22 39 0.923336
22 40 0.813119
22 41 0.603504
22 42 0.345565
22 43 0.159479
22 44 0.0656109
22 45 0.0256607
22 46 0.00982492
22 47 0.00372737
22 48 0.00140874
22 49 0.000533897
22 50 0.000209694
22 51 0.000102778

23 1 0.999999
23 2 1
23 3 0.999994
23 4 1.00001
23 5 0.999984
23 6 1.00002
23 7 0.999965
23 8 1.00005
23 9 0.999936
23 10 1.00008
23 11 0.999899
23 12 1.00012
23 13 0.99986
23 14 1.00016
23 15 0.999829
23 16 1.00018
23 17 0.999817
23 18 1.00018
23 19 0.999827
23 20 1.00016
23 21 0.999856
23 22 1.00012
23 23 0.999895
23 24 1.00009
23 25 0.999933
23 26 1.00005
23 27 0.999961
23 28 1.00002
23 29 0.99997
23 30 0.999983
23 31 0.999921
23 32 0.999825
23 33 0.999544
23 34 0.998844
23 35 0.99702
23 36 0.99229
23 37 0.98002
23 38 0.948686
23 39 0.872643
23 40 0.711874
23 41 0.464534
23 42 0.236609
23 43 0.102759
23 44 0.0413534
23 45 0.0161033
23 46 0.00618204
23 47 0.00235763
23 48 0.000896498
23 49 0.000341949
23 50 0.000135228
23 51 6.67302e-05

24 1 1
24 2 0.999998
24 3 1
24 4 0.999992
24 5 1.00001
24 6 0.99998
24 7 1.00003
24 8 0.99996
24 9 1.00005
24 10 0.999932
24 11 1.00008
24 12 0.999899
24 13 1.00012
24 14 0.999869
24 15 1.00014
24 16 0.999851
24 17 1.00015
24 18 0.999851
24 19 1.00014
24 20 0.999868
24 21 1.00012
24 22 0.999898
24 23 1.00009
24 24 0.999931
24 25 1.00005
24 26 0.999957
24 27 1.00003
24 28 0.999969
24 29 0.99999
24 30 0.999934
24 31 0.999866
24 32 0.999651
24 33 0.999138
24 34 0.997822
24 35 0.994476
24 36 0.985922
24 37 0.96423
24 38 0.910943
24 39 0.791441
24 40 0.577258
24 41 0.328308
24 42 0.152763
24 43 0.0638124
24 44 0.0253868
24 45 0.00988685
24 46 0.00381285
24 47 0.00146301
24 48 0.000559993
24 49 0.000215049
24 50 8.56575e-05
24 51 4.25682e-05

25 1 0.999999
25 2 1
25 3 0.999996
25 4 1.00001
25 5 0.99999
25 6 1.00002
25 7 0.999977
25 8 1.00003
25 9 0.999958
25 10 1.00005
25 11 0.999932
25 12 1.00008
25 13 0.999906
25 14 1.00011
25 15 0.999886
25 16 1.00012
25 17 0.999878
25 18 1.00012
25 19 0.999886
25 20 1.0001
25 21 0.999907
25 22 1.00008
25 23 0.999933
25 24 1.00005
25 25 0.999956
25 26 1.00003
25 27 0.999968
25 28 0.999995
25 29 0.999941
25 30 0.99989
25 31 0.999716
25 32 0.99932
25 33 0.998319
25 34 0.995828
25 35 0.989571
25 36 0.973904
25 37 0.935433
25 38 0.846588
25 39 0.671435
25 40 0.425581
25 41 0.214769
25 42 0.0940097
25 43 0.0384125
25 44 0.0152202
25 45 0.00594656
25 46 0.00230685
25 47 0.000891172
25 48 0.000343511
25 49 0.000132855
25 50 5.33165e-05
25 51 2.66908e-05

26 1 1
26 2 0.999999
26 3 1
26 4 0.999995
26 5 1.00001
26 6 0.999988
26 7 1.00002
26 8 0.999976
26 9 1.00003
26 10 0.999958
26 11 1.00005
26 12 0.999937
26 13 1.00007
26 14 0.999918
26 15 1.00009
26 16 0.999907
26 17 1.00009
26 18 0.999908
26 19 1.00009
26 20 0.999919
26 21 1.00007
26 22 0.999938
26 23 1.00005
26 24 0.999957
26 25 1.00003
26 26 0.999968
26 27 0.999997
26 28 0.999944
26 29 0.999905
26 30 0.999755
26 31 0.999432
26 32 0.998627
26 33 0.996674
26 34 0.991861
26 35 0.980011
26 36 0.951155
26 37 0.883792
26 38 0.743412
26 39 0.517753
26 40 0.285064
26 41 0.131901
26 42 0.0556691
26 43 0.0225156
26 44 0.00893021
26 45 0.00350769
26 46 0.0013701
26 47 0.000533167
26 48 0.000207031
26 49 8.0665e-05
26 50 3.26245e-05
26 51 1.64563e-05

27 1 1
27 2 1
27 3 0.999998
27 4 1
27 5 0.999994
27 6 1.00001
27 7 0.999987
27 8 1.00002
27 9 0.999975
27 10 1.00003
27 11 0.99996
27 12 1.00005
27 13 0.999945
27 14 1.00006
27 15 0.999933
27 16 1.00007
27 17 0.999929
27 18 1.00007
27 19 0.999934
27 20 1.00006
27 21 0.999947
27 22 1.00004
27 23 0.999961
27 24 1.00003
27 25 0.999968
27 26 0.999997
27 27 0.999945
27 28 0.999912
27 29 0.999775
27 30 0.999496
27 31 0.998813
27 32 0.997197
27 33 0.993299
27 34 0.983887
27 35 0.961283
27 36 0.908575
27 37 0.795517
27 38 0.596805
27 39 0.357651
27 40 0.176001
27 41 0.0771395
27 42 0.0319563
27 43 0.0128948
27 44 0.00513633
27 45 0.00203114
27 46 0.000799365
27 47 0.000313474
27 48 0.000122657
27 49 4.81576e-05
27 50 1.96343e-05
27 51 9.98135e-06

28 1 1
28 2 0.999999
28 3 1
28 4 0.999998
28 5 1
28 6 0.999994
28 7 1.00001
28 8 0.999987
28 9 1.00002
28 10 0.999977
28 11 1.00003
28 12 0.999965
28 13 1.00004
28 14 0.999955
28 15 1.00005
28 16 0.999949
28 17 1.00005
28 18 0.99995
28 19 1.00005
28 20 0.999956
28 21 1.00004
28 22 0.999965
28 23 1.00002
28 24 0.999969
28 25 0.999995
28 26 0.999944
28 27 0.999912
28 28 0.999782
28 29 0.999526
28 30 0.998912
28 31 0.9975
28 32 0.994172
28 33 0.986309
28 34 0.967758
28 35 0.924893
28 36 0.831927
28 37 0.659401
28 38 0.426005
28 39 0.223366
28 40 0.102083
28 41 0.0434545
28 42 0.0178789
28 43 0.0072337
28 44 0.00289981
28 45 0.00115556
28 46 0.000458445
28 47 0.000181227
28 48 7.14734e-05
28 49 2.82837e-05
28 50 1.16274e-05
28 51 5.95843e-06

29 1 1
29 2 1
29 3 0.999999
29 4 1
29 5 0.999997
29 6 1
29 7 0.999994
29 8 1.00001
29 9 0.999987
29 10 1.00002
29 11 0.99998
29 12 1.00002
29 13 0.999971
29 14 1.00003
29 15 0.999966
29 16 1.00004
29 17 0.999964
29 18 1.00003
29 19 0.999966
29 20 1.00003
29 21 0.999971
29 22 1.00002
29 23 0.99997
29 24 0.99999
29 25 0.999941
29 26 0.999905
29 27 0.999775
29 28 0.999526
29 29 0.998944
29 30 0.99764
29 31 0.994642
29 32 0.987726
29 33 0.971742
29 34 0.935349
29 35 0.856509
29 36 0.705863
29 37 0.484939
29 38 0.270111
29 39 0.128973
29 40 0.0565548
29 41 0.0237748
29 42 0.00978643
29 43 0.00398233
29 44 0.00160876
29 45 0.000646434
29 46 0.000258617
29 47 0.000103081
29 48 4.09848e-05
29 49 1.63503e-05
29 50 6.7789e-06
29 51 3.5024e-06

30 1 1
30 2 1
30 3 1
30 4 0.999999
30 5 1
30 6 0.999997
30 7 1
30 8 0.999994
30 9 1.00001
30 10 0.999989
30 11 1.00001
30 12 0.999983
30 13 1.00002
30 14 0.999978
30 15 1.00002
30 16 0.999975
30 17 1.00002
30 18 0.999975
30 19 1.00002
30 20 0.999976
30 21 1.00001
30 22 0.999971
30 23 0.999983
30 24 0.999934
30 25 0.99989
30 26 0.999755
30 27 0.999496
30 28 0.998912
30 29 0.99764
30 30 0.994791
30 31 0.98838
30 32 0.973903
30 33 0.941561
30 34 0.872179
30 35 0.738134
30 36 0.531475
30 37 0.312244
30 38 0.155647
30 39 0.0704041
30 40 0.030291
30 41 0.0127049
30 42 0.00525497
30 43 0.00215463
30 44 0.000877862
30 45 0.000355833
30 46 0.000143593
30 47 5.77205e-05
30 48 2.31404e-05
30 49 9.30814e-06
30 50 3.89287e-06
30 51 2.02816e-06

31 1 1
31 2 1
31 3 1
31 4 1
31 5 0.999999
31 6 1
31 7 0.999997
31 8 1
31 9 0.999994
31 10 1.00001
31 11 0.999991
31 12 1.00001
31 13 0.999987
31 14 1.00001
31 15 0.999984
31 16 1.00001
31 17 0.999982
31 18 1.00001
31 19 0.99998
31 20 1
31 21 0.999969
31 22 0.999972
31 23 0.999921
31 24 0.999866
31 25 0.999716
31 26 0.999432
31 27 0.998813
31 28 0.9975
31 29 0.994642
31 30 0.98838
31 31 0.974587
31 32 0.944456
31 33 0.880865
31 34 0.758321
31 35 0.56455
31 36 0.346425
31 37 0.179659
31 38 0.0838236
31 39 0.03695
31 40 0.0158123
31 41 0.00665636
31 42 0.00277339
31 43 0.00114702
31 44 0.000471563
31 45 0.000192871
31 46 7.85214e-05
31 47 3.18368e-05
31 48 1.28716e-05
31 49 5.22135e-06
31 50 2.20312e-06
31 51 1.1576e-06

32 1 1
32 2 1
32 3 1
32 4 1
32 5 1
32 6 0.999999
32 7 1
32 8 0.999997
32 9 1
32 10 0.999995
32 11 1.00001
32 12 0.999992
32 13 1.00001
32 14 0.99999
32 15 1.00001
32 16 0.999987
32 17 1
32 18 0.999981
32 19 0.999993
32 20 0.999964
32 21 0.999956
32 22 0.9999
32 23 0.999825
32 24 0.999651
32 25 0.99932
32 26 0.998627
32 27 0.997197
32 28 0.994172
32 29 0.987726
32 30 0.973903
32 31 0.944456
32 32 0.883646
32 33 0.768004
32 34 0.584175
32 35 0.370318
32 36 0.198688
32 37 0.0954749
32 38 0.0431345
32 39 0.0188522
32 40 0.00808651
32 41 0.00342781
32 42 0.00144069
32 43 0.000601383
32 44 0.000249556
32 45 0.000103011
32 46 4.23153e-05
32 47 1.73076e-05
32 48 7.05764e-06
32 49 2.88752e-06
32 50 1.2294e-06
32 51 6.51552e-07

33 1 1
33 2 1
33 3 1
33 4 1
33 5 0.999999
33 6 1
33 7 0.999999
33 8 1
33 9 0.999997
33 10 1
33 11 0.999995
33 12 1
33 13 0.999992
33 14 1
33 15 0.999988
33 16 0.999997
33 17 0.999979
33 18 0.999981
33 19 0.999952
33 20 0.99993
33 21 0.999863
33 22 0.99976
33 23 0.999544
33 24 0.999138
33 25 0.998319
33 26 0.996674
33 27 0.993299
33 28 0.986309
33 29 0.971742
33 30 0.941561
33 31 0.880865
33 32 0.768004
33 33 0.590665
33 34 0.382563
33 35 0.210885
33 36 0.104083
33 37 0.0481778
33 38 0.0215194
33 39 0.00941515
33 40 0.00406489
33 41 0.00173812
33 42 0.000737458
33 43 0.000310803
33 44 0.000130204
33 45 5.42471e-05
33 46 2.24869e-05
33 47 9.27918e-06
33 48 3.81676e-06
33 49 1.57516e-06
33 50 6.76808e-07
33 51 3.61822e-07

34 1 0.999999
34 2 0.999999
34 3 0.999999
34 4 0.999999
34 5 0.999999
34 6 0.999999
34 7 0.999999
34 8 0.999997
34 9 0.999999
34 10 0.999996
34 11 0.999998
34 12 0.999992
34 13 0.999995
34 14 0.999986
34 15 0.999987
34 16 0.99997
34 17 0.999962
34 18 0.999928
34 19 0.999888
34 20 0.9998
34 21 0.999654
34 22 0.99937
34 23 0.998844
34 24 0.997822
34 25 0.995828
34 26 0.991861
34 27 0.983887
34 28 0.967758
34 29 0.935349
34 30 0.872179
34 31 0.758321
34 32 0.584175
34 33 0.382563
34 34 0.215083
34 35 0.108658
34 36 0.0514821
34 37 0.0235086
34 38 0.0105
34 39 0.00462197
34 40 0.0020128
34 41 0.000868949
34 42 0.000372323
34 43 0.000158457
34 44 6.70216e-05
34 45 2.81861e-05
34 46 1.17911e-05
34 47 4.90915e-06
34 48 2.03699e-06
34 49 8.48057e-07
34 50 3.67772e-07
34 51 1.98341e-07

35 1 0.999998
35 2 0.999998
35 3 0.999998
35 4 0.999997
35 5 0.999997
35 6 0.999997
35 7 0.999996
35 8 0.999995
35 9 0.999993
35 10 0.999993
35 11 0.999988
35 12 0.999986
35 13 0.999977
35 14 0.99997
35 15 0.999951
35 16 0.999929
35 17 0.999883
35 18 0.999815
35 19 0.999688
35 20 0.999473
35 21 0.999078
35 22 0.998362
35 23 0.99702
35 24 0.994476
35 25 0.989571
35 26 0.980011
35 27 0.961283
35 28 0.924893
35 29 0.856509
35 30 0.738134
35 31 0.56455
35 32 0.370318
35 33 0.210885
35 34 0.108658
35 35 0.0526329
35 36 0.0245724
35 37 0.0112119
35 38 0.00503657
35 39 0.00223611
35 40 0.000983262
35 41 0.000428754
35 42 0.000185556
35 43 7.97516e-05
35 44 3.40586e-05
35 45 1.44588e-05
35 46 6.10433e-06
35 47 2.56438e-06
35 48 1.07346e-06
35 49 4.50877e-07
35 50 1.97361e-07
35 51 1.07379e-07

36 1 0.999993
36 2 0.999993
36 3 0.999993
36 4 0.999992
36 5 0.999991
36 6 0.99999
36 7 0.999988
36 8 0.999985
36 9 0.999981
36 10 0.999975
36 11 0.999968
36 12 0.999955
36 13 0.999938
36 14 0.999908
36 15 0.999866
36 16 0.999794
36 17 0.99968
36 18 0.999484
36 19 0.999155
36 20 0.998577
36 21 0.997554
36 22 0.9957
36 23 0.99229
36 24 0.985922
36 25 0.973904
36 26 0.951155
36 27 0.908575
36 28 0.831927
36 29 0.705863
36 30 0.531475
36 31 0.346425
36 32 0.198688
36 33 0.104083
36 34 0.0514821
36 35 0.0245724
36 36 0.01146
36 37 0.00525805
36 38 0.00238221
36 39 0.00106799
36 40 0.000474397
36 41 0.000208976
36 42 9.13534e-05
36 43 3.96523e-05
36 44 1.70979e-05
36 45 7.32716e-06
36 46 3.12203e-06
36 47 1.32338e-06
36 48 5.58893e-07
36 49 2.3684e-07
36 50 1.04648e-07
36 51 5.74403e-08

37 1 0.999979
37 2 0.999979
37 3 0.999978
37 4 0.999976
37 5 0.999973
37 6 0.999969
37 7 0.999963
37 8 0.999955
37 9 0.999943
37 10 0.999928
37 11 0.999904
37 12 0.99987
37 13 0.999818
37 14 0.99974
37 15 0.999616
37 16 0.999421
37 17 0.999102
37 18 0.998576
37 19 0.997686
37 20 0.996154
37 21 0.993467
37 22 0.988678
37 23 0.98002
37 24 0.96423
37 25 0.935433
37 26 0.883792
37 27 0.795517
37 28 0.659401
37 29 0.484939
37 30 0.312244
37 31 0.179659
37 32 0.0954749
37 33 0.0481778
37 34 0.0235086
37 35 0.0112119
37 36 0.00525805
37 37 0.00243307
37 38 0.00111313
37 39 0.000504157
37 40 0.000226261
37 41 0.000100691
37 42 4.44602e-05
37 43 1.94887e-05
37 44 8.4846e-06
37 45 3.67037e-06
37 46 1.57835e-06
37 47 6.75088e-07
37 48 2.87639e-07
37 49 1.22982e-07
37 50 5.48535e-08
37 51 3.03748e-08

38 1 0.999937
38 2 0.999935
38 3 0.999932
38 4 0.999926
38 5 0.999917
38 6 0.999905
38 7 0.999888
38 8 0.999865
38 9 0.999832
38 10 0.999785
38 11 0.999717
38 12 0.999618
38 13 0.999472
38 14 0.999248
38 15 0.998903
38 16 0.998358
38 17 0.997483
38 18 0.996048
38 19 0.993652
38 20 0.989579
38 21 0.98255
38 22 0.97027
38 23 0.948686
38 24 0.910943
38 25 0.846588
38 26 0.743412
38 27 0.596805
38 28 0.426005
38 29 0.270111
38 30 0.155647
38 31 0.0838236
38 32 0.0431345
38 33 0.0215194
38 34 0.0105
38 35 0.00503657
38 36 0.00238221
38 37 0.00111313
38 38 0.000514498
38 39 0.000235448
38 40 0.000106759
38 41 4.79943e-05
38 42 2.14041e-05
38 43 9.47438e-06
38 44 4.16444e-06
38 45 1.81847e-06
38 46 7.89195e-07
38 47 3.40598e-07
38 48 1.46411e-07
38 49 6.31588e-08
38 50 2.84369e-08
38 51 1.58855e-08

39 1 0.999808
39 2 0.999803
39 3 0.999792
39 4 0.999775
39 5 0.99975
39 6 0.999714
39 7 0.999664
39 8 0.999595
39 9 0.999498
39 10 0.999361
39 11 0.999165
39 12 0.998881
39 13 0.998461
39 14 0.997828
39 15 0.996858
39 16 0.995342
39 17 0.99293
39 18 0.989024
39 19 0.982594
39 20 0.971866
39 21 0.953798
39 22 0.923336
39 23 0.872643
39 24 0.791441
39 25 0.671435
39 26 0.517753
39 27 0.357651
39 28 0.223366
39 29 0.128973
39 30 0.0704041
39 31 0.03695
39 32 0.0188522
39 33 0.00941515
39 34 0.00462197
39 35 0.00223611
39 36 0.00106799
39 37 0.000504157
39 38 0.000235448
39 39 0.000108864
39 40 4.98682e-05
39 41 2.2645e-05
39 42 1.01992e-05
39 43 4.55861e-06
39 44 2.02288e-06
39 45 8.91594e-07
39 46 3.90492e-07
39 47 1.70043e-07
39 48 7.37426e-08
39 49 3.2095e-08
39 50 1.45869e-08
39 51 8.21979e-09

40 1 0.999415
40 2 0.9994
40 3 0.999368
40 4 0.999316
40 5 0.99924
40 6 0.999134
40 7 0.998987
40 8 0.998783
40 9 0.998499
40 10 0.998101
40 11 0.997534
40 12 0.996716
40 13 0.995516
40 14 0.993723
40 15 0.991001
40 16 0.986794
40 17 0.980193
40 18 0.969684
40 19 0.952778
40 20 0.925473
40 21 0.881656
40 22 0.813119
40 23 0.711874
40 24 0.577258
40 25 0.425581
40 26 0.285064
40 27 0.176001
40 28 0.102083
40 29 0.0565548
40 30 0.030291
40 31 0.0158123
40 32 0.00808651
40 33 0.00406489
40 34 0.0020128
40 35 0.000983262
40 36 0.000474397
40 37 0.000226261
40 38 0.000106759
40 39 4.98682e-05
40 40 2.30748e-05
40 41 1.05827e-05
40 42 4.81324e-06
40 43 2.17207e-06
40 44 9.72989e-07
40 45 4.32839e-07
40 46 1.91299e-07
40 47 8.40469e-08
40 48 3.67697e-08
40 49 1.61453e-08
40 50 7.40673e-09
40 51 4.20985e-09

41 1 0.998217
41 2 0.99817
41 3 0.998074
41 4 0.99792
41 5 0.997696
41 6 0.997381
41 7 0.996947
41 8 0.996348
41 9 0.995518
41 10 0.994359
41 11 0.992721
41 12 0.990374
41 13 0.98696
41 14 0.981921
41 15 0.974365
41 16 0.96289
41 17 0.945288
41 18 0.918156
41 19 0.87648
41 20 0.81373
41 21 0.723356
41 22 0.603504
41 23 0.464534
41 24 0.328308
41 25 0.214769
41 26 0.131901
41 27 0.0771395
41 28 0.0434545
41 29 0.0237748
41 30 0.0127049
41 31 0.00665636
41 32 0.00342781
41 33 0.00173812
41 34 0.000868949
41 35 0.000428754
41 36 0.000208976
41 37 0.000100691
41 38 4.79943e-05
41 39 2.2645e-05
41 40 1.05827e-05
41 41 4.90132e-06
41 42 2.25084e-06
41 43 1.02543e-06
41 44 4.63659e-07
41 45 2.08162e-07
41 46 9.2831e-08
41 47 4.11465e-08
41 48 1.81584e-08
41 49 8.04342e-09
41 50 3.72428e-09
41 51 2.1349e-09

42 1 0.994571
42 2 0.994433
42 3 0.994147
42 4 0.99369
42 5 0.993026
42 6 0.992096
42 7 0.990818
42 8 0.989066
42 9 0.986657
42 10 0.983315
42 11 0.978631
42 12 0.971988
42 13 0.962463
42 14 0.948661
42 15 0.928483
42 16 0.898851
42 17 0.855553
42 18 0.79346
42 19 0.707752
42 20 0.597599
42 21 0.471309
42 22 0.345565
42 23 0.236609
42 24 0.152763
42 25 0.0940097
42 26 0.0556691
42 27 0.0319563
42 28 0.0178789
42 29 0.00978643
42 30 0.00525497
42 31 0.00277339
42 32 0.00144069
42 33 0.000737458
42 34 0.000372323
42 35 0.000185556
42 36 9.13534e-05
42 37 4.44602e-05
42 38 2.14041e-05
42 39 1.01992e-05
42 40 4.81324e-06
42 41 2.25084e-06
42 42 1.04355e-06
42 43 4.79902e-07
42 44 2.19005e-07
42 45 9.92189e-08
42 46 4.46427e-08
42 47 1.99608e-08
42 48 8.88496e-09
42 49 3.96997e-09
42 50 1.85509e-09
42 51 1.07235e-09

43 1 0.983563
43 2 0.983158
43 3 0.982316
43 4 0.980975
43 5 0.97903
43 6 0.976322
43 7 0.972618
43 8 0.967582
43 9 0.960728
43 10 0.951352
43 11 0.938427
43 12 0.920479
43 13 0.895455
43 14 0.860609
43 15 0.812498
43 16 0.747311
43 17 0.662343
43 18 0.559071
43 19 0.445556
43 20 0.334341
43 21 0.236895
43 22 0.159479
43 23 0.102759
43 24 0.0638124
43 25 0.0384125
43 26 0.0225156
43 27 0.0128948
43 28 0.0072337
43 29 0.00398233
43 30 0.00215463
43 31 0.00114702
43 32 0.000601383
43 33 0.000310803
43 34 0.000158457
43 35 7.97516e-05
43 36 3.96523e-05
43 37 1.94887e-05
43 38 9.47438e-06
43 39 4.55861e-06
43 40 2.17207e-06
43 41 1.02543e-06
43 42 4.79902e-07
43 43 2.22746e-07
43 44 1.02581e-07
43 45 4.68915e-08
43 46 2.12844e-08
43 47 9.59898e-09
43 48 4.30909e-09
43 49 1.94193e-09
43 50 9.15665e-10
43 51 5.33683e-10

44 1 0.950991
44 2 0.949838
44 3 0.947451
44 4 0.943663
44 5 0.9382
44 6 0.930655
44 7 0.920448
44 8 0.906777
44 9 0.888555
44 10 0.864338
44 11 0.832251
44 12 0.789975
44 13 0.734979
44 14 0.665366
44 15 0.581405
44 16 0.486949
44 17 0.389208
44 18 0.296559
44 19 0.215797
44 20 0.150507
44 21 0.101056
44 22 0.0656109
44 23 0.0413534
44 24 0.0253868
44 25 0.0152202
44 26 0.00893021
44 27 0.00513633
44 28 0.00289981
44 29 0.00160876
44 30 0.000877862
44 31 0.000471563
44 32 0.000249556
44 33 0.000130204
44 34 6.70216e-05
44 35 3.40586e-05
44 36 1.70979e-05
44 37 8.4846e-06
44 38 4.16444e-06
44 39 2.02288e-06
44 40 9.72989e-07
44 41 4.63659e-07
44 42 2.19005e-07
44 43 1.02581e-07
44 44 4.76671e-08
44 45 2.19822e-08
44 46 1.00644e-08
44 47 4.57748e-09
44 48 2.07209e-09
44 49 9.41709e-10
44 50 4.48006e-10
44 51 2.6323e-10

45 1 0.860481
45 2 0.857506
45 3 0.851391
45 4 0.841796
45 5 0.828184
45 6 0.809801
45 7 0.78565
45 8 0.754514
45 9 0.715059
45 10 0.666116
45 11 0.607164
45 12 0.538927
45 13 0.463783
45 14 0.385646
45 15 0.309233
45 16 0.238994
45 17 0.17817
45 18 0.128342
45 19 0.0895278
45 20 0.0606242
45 21 0.0399433
45 22 0.0256607
45 23 0.0161033
45 24 0.00988685
45 25 0.00594656
45 26 0.00350769
45 27 0.00203114
45 28 0.00115556
45 29 0.000646434
45 30 0.000355833
45 31 0.000192871
45 32 0.000103011
45 33 5.42471e-05
45 34 2.81861e-05
45 35 1.44588e-05
45 36 7.32716e-06
45 37 3.67037e-06
45 38 1.81847e-06
45 39 8.91594e-07
45 40 4.32839e-07
45 41 2.08162e-07
45 42 9.92189e-08
45 43 4.68915e-08
45 44 2.19822e-08
45 45 1.02254e-08
45 46 4.72145e-09
45 47 2.16532e-09
45 48 9.88235e-10
45 49 4.52859e-10
45 50 2.17334e-10
45 51 1.2871e-10

46 1 0.652137
46 2 0.646374
46 3 0.634723
46 4 0.616957
46 5 0.592814
46 6 0.562097
46 7 0.52481
46 8 0.481322
46 9 0.432513
46 10 0.379846
46 11 0.325309
46 12 0.271204
46 13 0.219833
46 14 0.173159
46 15 0.132544
46 16 0.0986408
46 17 0.0714343
46 18 0.0503933
46 19 0.0346703
46 20 0.0232897
46 21 0.0152923
46 22 0.00982492
46 23 0.00618204
46 24 0.00381285
46 25 0.00230685
46 26 0.0013701
46 27 0.000799365
46 28 0.000458445
46 29 0.000258617
46 30 0.000143593
46 31 7.85214e-05
46 32 4.23153e-05
46 33 2.24869e-05
46 34 1.17911e-05
46 35 6.10433e-06
46 36 3.12203e-06
46 37 1.57835e-06
46 38 7.89195e-07
46 39 3.90492e-07
46 40 1.91299e-07
46 41 9.2831e-08
46 42 4.46427e-08
46 43 2.12844e-08
46 44 1.00644e-08
46 45 4.72145e-09
46 46 2.19826e-09
46 47 1.01638e-09
46 48 4.67608e-10
46 49 2.1603e-10
46 50 1.04571e-10
46 51 6.24107e-11

47 1 0.360009
47 2 0.354594
47 3 0.343898
47 4 0.328208
47 5 0.307977
47 6 0.283846
47 7 0.256648
47 8 0.227385
47 9 0.197179
47 10 0.167188
47 11 0.138498
47 12 0.112032
47 13 0.0884655
47 14 0.0681894
47 15 0.0513153
47 16 0.0377147
47 17 0.0270839
47 18 0.0190144
47 19 0.013058
47 20 0.0087772
47 21 0.00577803
47 22 0.00372737
47 23 0.00235763
47 24 0.00146301
47 25 0.000891172
47 26 0.000533167
47 27 0.000313474
47 28 0.000181227
47 29 0.000103081
47 30 5.77205e-05
47 31 3.18368e-05
47 32 1.73076e-05
47 33 9.27918e-06
47 34 4.90915e-06
47 35 2.56438e-06
47 36 1.32338e-06
47 37 6.75088e-07
47 38 3.40598e-07
47 39 1.70043e-07
47 40 8.40469e-08
47 41 4.11465e-08
47 42 1.99608e-08
47 43 9.59898e-09
47 44 4.57748e-09
47 45 2.16532e-09
47 46 1.01638e-09
47 47 4.73695e-10
47 48 2.19656e-10
47 49 1.02293e-10
47 50 4.99371e-11
47 51 3.00312e-11

48 1 0.154215
48 2 0.151393
48 3 0.145882
48 4 0.137942
48 5 0.127946
48 6 0.116358
48 7 0.103703
48 8 0.0905318
48 9 0.0773803
48 10 0.0647315
48 11 0.0529826
48 12 0.0424236
48 13 0.0332283
48 14 0.0254595
48 15 0.019085
48 16 0.0139998
48 17 0.0100521
48 18 0.00706698
48 19 0.00486643
48 20 0.0032836
48 21 0.00217184
48 22 0.00140874
48 23 0.000896498
48 24 0.000559993
48 25 0.000343511
48 26 0.000207031
48 27 0.000122657
48 28 7.14734e-05
48 29 4.09848e-05
48 30 2.31404e-05
48 31 1.28716e-05
48 32 7.05764e-06
48 33 3.81676e-06
48 34 2.03699e-06
48 35 1.07346e-06
48 36 5.58893e-07
48 37 2.87639e-07
48 38 1.46411e-07
48 39 7.37426e-08
48 40 3.67697e-08
48 41 1.81584e-08
48 42 8.88496e-09
48 43 4.30909e-09
48 44 2.07209e-09
48 45 9.88235e-10
48 46 4.67608e-10
48 47 2.19656e-10
48 48 1.02653e-10
48 49 4.81861e-11
48 50 2.37225e-11
48 51 1.43745e-11

49 1 0.0588199
49 2 0.0576749
49 3 0.0554479
49 4 0.05226
49 5 0.0482805
49 6 0.0437129
49 7 0.0387788
49 8 0.0337009
49 9 0.0286861
49 10 0.0239124
49 11 0.0195187
49 12 0.0156003
49 13 0.0122087
49 14 0.00935592
49 15 0.00702148
49 16 0.00516135
49 17 0.00371685
49 18 0.0026228
49 19 0.00181406
49 20 0.00123017
49 21 0.000818178
49 22 0.000533897
49 23 0.000341949
49 24 0.000215049
49 25 0.000132855
49 26 8.0665e-05
49 27 4.81576e-05
49 28 2.82837e-05
49 29 1.63503e-05
49 30 9.30814e-06
49 31 5.22135e-06
49 32 2.88752e-06
49 33 1.57516e-06
49 34 8.48057e-07
49 35 4.50877e-07
49 36 2.3684e-07
49 37 1.22982e-07
49 38 6.31588e-08
49 39 3.2095e-08
49 40 1.61453e-08
49 41 8.04342e-09
49 42 3.96997e-09
49 43 1.94193e-09
49 44 9.41709e-10
49 45 4.52859e-10
49 46 2.1603e-10
49 47 1.02293e-10
49 48 4.81861e-11
49 49 2.28032e-11
49 50 1.13238e-11
49 51 6.9149e-12

50 1 0.0221398
50 2 0.0217028
50 3 0.0208538
50 4 0.019641
50 5 0.0181309
50 6 0.0164027
50 7 0.0145417
50 8 0.0126322
50 9 0.0107516
50 10 0.00896562
50 11 0.00732458
50 12 0.00586245
50 13 0.00459711
50 14 0.00353205
50 15 0.00265918
50 16 0.00196203
50 17 0.00141898
50 18 0.00100612
50 19 0.000699552
50 20 0.000477103
50 21 0.000319266
50 22 0.000209694
50 23 0.000135228
50 24 8.56575e-05
50 25 5.33165e-05
50 26 3.26245e-05
50 27 1.96343e-05
50 28 1.16274e-05
50 29 6.7789e-06
50 30 3.89287e-06
50 31 2.20312e-06
50 32 1.2294e-06
50 33 6.76808e-07
50 34 3.67772e-07
50 35 1.97361e-07
50 36 1.04648e-07
50 37 5.48535e-08
50 38 2.84369e-08
50 39 1.45869e-08
50 40 7.40673e-09
50 41 3.72428e-09
50 42 1.85509e-09
50 43 9.15665e-10
50 44 4.48006e-10
50 45 2.17334e-10
50 46 1.04571e-10
50 47 4.99371e-11
50 48 2.37225e-11
50 49 1.13238e-11
50 50 5.67551e-12
50 51 3.4945e-12

51 1 0.0102352
51 2 0.0100337
51 3 0.00964228
51 4 0.0090834
51 5 0.00838785
51 6 0.00759224
51 7 0.00673582
51 8 0.00585727
51 9 0.00499199
51 10 0.00416983
51 11 0.00341373
51 12 0.00273915
51 13 0.00215426
51 14 0.00166075
51 15 0.0012551
51 16 0.000929987
51 17 0.000675717
51 18 0.000481532
51 19 0.000336631
51 20 0.000230919
51 21 0.000155476
51 22 0.000102778
51 23 6.67302e-05
51 24 4.25682e-05
51 25 2.66908e-05
51 26 1.64563e-05
51 27 9.98135e-06
51 28 5.95843e-06
51 29 3.5024e-06
51 30 2.02816e-06
51 31 1.1576e-06
51 32 6.51552e-07
51 33 3.61822e-07
51 34 1.98341e-07
51 35 1.07379e-07
51 36 5.74403e-08
51 37 3.03748e-08
51 38 1.58855e-08
51 39 8.21979e-09
51 40 4.20985e-09
51 41 2.1349e-09
51 42 1.07235e-09
51 43 5.33683e-10
51 44 2.6323e-10
51 45 1.2871e-10
51 46 6.24107e-11
51 47 3.00312e-11
51 48 1.43745e-11
51 49 6.9149e-12
51 50 3.4945e-12
51 51 2.16743e-12

