#x #y #phase
1 1 1
1 2 1
1 3 1
1 4 1
1 5 1
1 6 1
1 7 1
1 8 1
1 9 1
1 10 1
1 11 1
1 12 1
1 13 1
1 14 1
1 15 1
1 16 1
1 17 1
1 18 1
1 19 1
1 20 1
1 21 1
1 22 1
1 23 1
1 24 1
1 25 1
1 26 1
1 27 1
1 28 1
1 29 1
1 30 0.999999
1 31 0.999998
1 32 0.999993
1 33 0.999979
1 34 0.999935
1 35 0.999801
1 36 0.999394
1 37 0.998153
1 38 0.994381
1 39 0.982999
1 40 0.94937
1 41 0.856253
1 42 0.643841
1 43 0.352112
1 44 0.149968
1 45 0.0567928
1 46 0.0205512
1 47 0.00731608
1 48 0.00259096
1 49 0.000919637
1 50 0.000337063
1 51 0.000154152

2 1 1
2 2 1
2 3 1
2 4 1
2 5 1
2 6 1
2 7 1
2 8 1
2 9 1
2 10 1
2 11 1
2 12 1
2 13 1
2 14 1
2 15 1
2 16 1
2 17 1
2 18 1
2 19 1
2 20 1
2 21 1
2 22 1
2 23 1
2 24 1
2 25 1
2 26 1
2 27 1
2 28 1
2 29 1
2 30 0.999999
2 31 0.999998
2 32 0.999993
2 33 0.999978
2 34 0.999933
2 35 0.999795
2 36 0.999377
2 37 0.998101
2 38 0.994225
2 39 0.982539
2 40 0.948068
2 41 0.852921
2 42 0.637503
2 43 0.346306
2 44 0.146984
2 45 0.0555953
2 46 0.0201127
2 47 0.00716066
2 48 0.00253647
2 49 0.000900532
2 50 0.000330156
2 51 0.000151038

3 1 1
3 2 1
3 3 1
3 4 1
3 5 1
3 6 1
3 7 1
3 8 1
3 9 1
3 10 1
3 11 1
3 12 1
3 13 0.999999
3 14 1
3 15 0.999999
3 16 1
3 17 0.999999
3 18 1
3 19 0.999999
3 20 1
3 21 0.999999
3 22 1
3 23 1
3 24 1
3 25 1
3 26 1
3 27 1
3 28 1
3 29 1
3 30 0.999999
3 31 0.999998
3 32 0.999992
3 33 0.999977
3 34 0.999929
3 35 0.999783
3 36 0.99934
3 37 0.997991
3 38 0.993898
3 39 0.981582
3 40 0.945364
3 41 0.846057
3 42 0.624685
3 43 0.334859
3 44 0.141169
3 45 0.0532713
3 46 0.0192628
3 47 0.00685945
3 48 0.00243085
3 49 0.000863486
3 50 0.000316759
3 51 0.000144996

4 1 1
4 2 1
4 3 1
4 4 1
4 5 1
4 6 1
4 7 1
4 8 1
4 9 1
4 10 0.999999
4 11 1
4 12 0.999999
4 13 1
4 14 0.999998
4 15 1
4 16 0.999998
4 17 1
4 18 0.999998
4 19 1
4 20 0.999998
4 21 1
4 22 0.999999
4 23 1
4 24 1
4 25 1
4 26 1
4 27 1
4 28 1
4 29 1
4 30 0.999999
4 31 0.999997
4 32 0.999992
4 33 0.999974
4 34 0.999922
4 35 0.999763
4 36 0.99928
4 37 0.997813
4 38 0.993373
4 39 0.980047
4 40 0.94105
4 41 0.835242
4 42 0.605142
4 43 0.318109
4 44 0.132821
4 45 0.0499567
4 46 0.0180528
4 47 0.00643079
4 48 0.00228048
4 49 0.000810717
4 50 0.000297663
4 51 0.000136378

5 1 1
5 2 1
5 3 1
5 4 1
5 5 1
5 6 1
5 7 1
5 8 1
5 9 0.999999
5 10 1
5 11 0.999998
5 12 1
5 13 0.999998
5 14 1
5 15 0.999997
5 16 1
5 17 0.999997
5 18 1
5 19 0.999997
5 20 1
5 21 0.999998
5 22 1
5 23 0.999999
5 24 1
5 25 0.999999
5 26 1
5 27 1
5 28 1
5 29 1
5 30 0.999999
5 31 0.999997
5 32 0.99999
5 33 0.999971
5 34 0.999912
5 35 0.999733
5 36 0.999192
5 37 0.997552
5 38 0.992603
5 39 0.977802
5 40 0.934782
5 41 0.81982
5 42 0.578604
5 43 0.296599
5 44 0.122363
5 45 0.0458405
5 46 0.016554
5 47 0.0058999
5 48 0.00209416
5 49 0.000745277
5 50 0.000273959
5 51 0.000125669

6 1 1
6 2 1
6 3 1
6 4 1
6 5 1
6 6 1
6 7 1
6 8 0.999999
6 9 1
6 10 0.999998
6 11 1
6 12 0.999997
6 13 1
6 14 0.999995
6 15 1.00001
6 16 0.999994
6 17 1.00001
6 18 0.999994
6 19 1.00001
6 20 0.999995
6 21 1
6 22 0.999996
6 23 1
6 24 0.999998
6 25 1
6 26 0.999999
6 27 1
6 28 1
6 29 1
6 30 0.999999
6 31 0.999996
6 32 0.999989
6 33 0.999966
6 34 0.999897
6 35 0.99969
6 36 0.999066
6 37 0.997182
6 38 0.991513
6 39 0.974643
6 40 0.926046
6 41 0.798866
6 42 0.544915
6 43 0.271091
6 44 0.110321
6 45 0.0411485
6 46 0.0148503
6 47 0.00529655
6 48 0.00188225
6 49 0.000670774
6 50 0.000246939
6 51 0.000113447

7 1 1
7 2 1
7 3 1
7 4 1
7 5 1
7 6 1
7 7 0.999999
7 8 1
7 9 0.999998
7 10 1
7 11 0.999996
7 12 1
7 13 0.999994
7 14 1.00001
7 15 0.999992
7 16 1.00001
7 17 0.999991
7 18 1.00001
7 19 0.999991
7 20 1.00001
7 21 0.999993
7 22 1.00001
7 23 0.999995
7 24 1
7 25 0.999997
7 26 1
7 27 0.999999
7 28 1
7 29 0.999999
7 30 0.999999
7 31 0.999995
7 32 0.999986
7 33 0.999959
7 34 0.999877
7 35 0.99963
7 36 0.998889
7 37 0.996662
7 38 0.989993
7 39 0.970268
7 40 0.914104
7 41 0.771175
7 42 0.504206
7 43 0.242568
7 44 0.0972834
7 45 0.036124
7 46 0.0130311
7 47 0.00465233
7 48 0.00165577
7 49 0.000591043
7 50 0.00021798
7 51 0.000100326

8 1 1
8 2 1
8 3 1
8 4 1
8 5 1
8 6 0.999999
8 7 1
8 8 0.999998
8 9 1
8 10 0.999996
8 11 1.00001
8 12 0.999993
8 13 1.00001
8 14 0.999989
8 15 1.00001
8 16 0.999987
8 17 1.00001
8 18 0.999986
8 19 1.00001
8 20 0.999988
8 21 1.00001
8 22 0.999991
8 23 1.00001
8 24 0.999994
8 25 1
8 26 0.999997
8 27 1
8 28 0.999999
8 29 1
8 30 0.999998
8 31 0.999994
8 32 0.999983
8 33 0.999949
8 34 0.999848
8 35 0.999545
8 36 0.998639
8 37 0.995933
8 38 0.987875
8 39 0.964231
8 40 0.897928
8 41 0.735314
8 42 0.45709
8 43 0.212198
8 44 0.0838596
8 45 0.0310076
8 46 0.0111837
8 47 0.003998
8 48 0.00142544
8 49 0.000509828
8 50 0.000188427
8 51 8.6912e-05

9 1 1
9 2 1
9 3 1
9 4 1
9 5 0.999999
9 6 1
9 7 0.999998
9 8 1
9 9 0.999995
9 10 1.00001
9 11 0.999992
9 12 1.00001
9 13 0.999987
9 14 1.00002
9 15 0.999983
9 16 1.00002
9 17 0.999981
9 18 1.00002
9 19 0.999981
9 20 1.00002
9 21 0.999985
9 22 1.00001
9 23 0.999989
9 24 1.00001
9 25 0.999994
9 26 1
9 27 0.999997
9 28 1
9 29 0.999998
9 30 0.999998
9 31 0.999992
9 32 0.999978
9 33 0.999934
9 34 0.999806
9 35 0.999423
9 36 0.998284
9 37 0.994903
9 38 0.984907
9 39 0.955877
9 40 0.876117
9 41 0.689831
9 42 0.404815
9 43 0.181257
9 44 0.0706287
9 45 0.0260184
9 46 0.00938656
9 47 0.00336109
9 48 0.00120091
9 49 0.000430502
9 50 0.0001595
9 51 7.37524e-05

10 1 1
10 2 1
10 3 1
10 4 0.999999
10 5 1
10 6 0.999998
10 7 1
10 8 0.999996
10 9 1.00001
10 10 0.999991
10 11 1.00001
10 12 0.999985
10 13 1.00002
10 14 0.999979
10 15 1.00002
10 16 0.999975
10 17 1.00003
10 18 0.999973
10 19 1.00003
10 20 0.999976
10 21 1.00002
10 22 0.999982
10 23 1.00001
10 24 0.999988
10 25 1.00001
10 26 0.999994
10 27 1
10 28 0.999997
10 29 1
10 30 0.999995
10 31 0.99999
10 32 0.99997
10 33 0.999913
10 34 0.999744
10 35 0.999246
10 36 0.997774
10 37 0.993431
10 38 0.980703
10 39 0.944239
10 40 0.846807
10 41 0.633694
10 42 0.349295
10 43 0.151021
10 44 0.0580965
10 45 0.0213382
10 46 0.00770385
10 47 0.00276419
10 48 0.000990074
10 49 0.000355851
10 50 0.000132211
10 51 6.1306e-05

11 1 1
11 2 1
11 3 1
11 4 1
11 5 0.999998
11 6 1
11 7 0.999996
11 8 1.00001
11 9 0.999992
11 10 1.00001
11 11 0.999985
11 12 1.00002
11 13 0.999977
11 14 1.00003
11 15 0.999969
11 16 1.00003
11 17 0.999965
11 18 1.00004
11 19 0.999966
11 20 1.00003
11 21 0.999972
11 22 1.00002
11 23 0.99998
11 24 1.00002
11 25 0.999988
11 26 1.00001
11 27 0.999994
11 28 1
11 29 0.999996
11 30 0.999997
11 31 0.999985
11 32 0.99996
11 33 0.999881
11 34 0.999654
11 35 0.998986
11 36 0.997029
11 37 0.991299
11 38 0.974677
11 39 0.927894
11 40 0.807604
11 41 0.566976
11 42 0.292962
11 43 0.122638
11 44 0.0466593
11 45 0.0171026
11 46 0.00618267
11 47 0.00222383
11 48 0.000798781
11 49 0.000287945
11 50 0.000107317
11 51 4.99196e-05

12 1 1
12 2 1
12 3 1
12 4 0.999999
12 5 1
12 6 0.999997
12 7 1
12 8 0.999993
12 9 1.00001
12 10 0.999985
12 11 1.00002
12 12 0.999976
12 13 1.00003
12 14 0.999965
12 15 1.00004
12 16 0.999958
12 17 1.00004
12 18 0.999956
12 19 1.00004
12 20 0.99996
12 21 1.00004
12 22 0.99997
12 23 1.00002
12 24 0.99998
12 25 1.00001
12 26 0.999989
12 27 1.00001
12 28 0.999994
12 29 1
12 30 0.999991
12 31 0.999981
12 32 0.999942
12 33 0.999833
12 34 0.999517
12 35 0.998598
12 36 0.995923
12 37 0.988163
12 38 0.965932
12 39 0.904797
12 40 0.755702
12 41 0.491495
12 42 0.238442
12 43 0.0970177
12 44 0.0365834
12 45 0.013396
12 46 0.00485196
12 47 0.00175024
12 48 0.000630678
12 49 0.000228096
12 50 8.53073e-05
12 51 3.98202e-05

13 1 1
13 2 1
13 3 0.999999
13 4 1
13 5 0.999998
13 6 1
13 7 0.999994
13 8 1.00001
13 9 0.999987
13 10 1.00002
13 11 0.999977
13 12 1.00003
13 13 0.999964
13 14 1.00004
13 15 0.999952
13 16 1.00005
13 17 0.999946
13 18 1.00005
13 19 0.999948
13 20 1.00005
13 21 0.999957
13 22 1.00004
13 23 0.99997
13 24 1.00002
13 25 0.999982
13 26 1.00001
13 27 0.99999
13 28 1
13 29 0.999992
13 30 0.999992
13 31 0.999969
13 32 0.999916
13 33 0.999758
13 34 0.999306
13 35 0.998004
13 36 0.994249
13 37 0.983474
13 38 0.953093
13 39 0.872131
13 40 0.688554
13 41 0.411001
13 42 0.188142
13 43 0.0747541
13 44 0.0280018
13 45 0.0102547
13 46 0.00372356
13 47 0.00134767
13 48 0.00048735
13 49 0.000176901
13 50 6.64141e-05
13 51 3.11199e-05

14 1 1
14 2 1
14 3 1
14 4 0.999998
14 5 1
14 6 0.999995
14 7 1.00001
14 8 0.999989
14 9 1.00002
14 10 0.999979
14 11 1.00003
14 12 0.999965
14 13 1.00004
14 14 0.999951
14 15 1.00006
14 16 0.99994
14 17 1.00006
14 18 0.999937
14 19 1.00006
14 20 0.999944
14 21 1.00005
14 22 0.999957
14 23 1.00003
14 24 0.999972
14 25 1.00002
14 26 0.999985
14 27 1.00001
14 28 0.999991
14 29 0.999999
14 30 0.999981
14 31 0.999956
14 32 0.999872
14 33 0.999639
14 34 0.998974
14 35 0.997078
14 36 0.991668
14 37 0.976343
14 38 0.934049
14 39 0.826239
14 40 0.605441
14 41 0.330584
14 42 0.143887
14 43 0.0561078
14 44 0.0209264
14 45 0.00767272
14 46 0.0027948
14 47 0.00101535
14 48 0.00036862
14 49 0.000134337
14 50 5.06457e-05
14 51 2.38303e-05

15 1 1
15 2 1
15 3 0.999999
15 4 1
15 5 0.999997
15 6 1.00001
15 7 0.999992
15 8 1.00001
15 9 0.999983
15 10 1.00002
15 11 0.999969
15 12 1.00004
15 13 0.999952
15 14 1.00006
15 15 0.999937
15 16 1.00007
15 17 0.99993
15 18 1.00007
15 19 0.999933
15 20 1.00006
15 21 0.999945
15 22 1.00005
15 23 0.999961
15 24 1.00003
15 25 0.999977
15 26 1.00002
15 27 0.999987
15 28 1
15 29 0.999986
15 30 0.999977
15 31 0.999927
15 32 0.999803
15 33 0.999445
15 34 0.998442
15 35 0.995607
15 36 0.987614
15 37 0.965336
15 38 0.905624
15 39 0.762861
15 40 0.509407
15 41 0.25547
15 42 0.106698
15 43 0.0410357
15 44 0.0152724
15 45 0.00561223
15 46 0.00205194
15 47 0.000748614
15 48 0.000272955
15 49 9.99052e-05
15 50 3.78357e-05
15 51 1.78831e-05

16 1 1
16 2 1
16 3 1
16 4 0.999998
16 5 1
16 6 0.999994
16 7 1.00001
16 8 0.999987
16 9 1.00002
16 10 0.999975
16 11 1.00003
16 12 0.999958
16 13 1.00005
16 14 0.99994
16 15 1.00007
16 16 0.999927
16 17 1.00008
16 18 0.999925
16 19 1.00007
16 20 0.999933
16 21 1.00006
16 22 0.999949
16 23 1.00004
16 24 0.999967
16 25 1.00002
16 26 0.999982
16 27 1.00001
16 28 0.999986
16 29 0.99999
16 30 0.999955
16 31 0.999887
16 32 0.999683
16 33 0.999125
16 34 0.997567
16 35 0.993221
16 36 0.981135
16 37 0.948152
16 38 0.863322
16 39 0.678456
16 40 0.407726
16 41 0.18977
16 42 0.0767838
16 43 0.0292599
16 44 0.0108885
16 45 0.00401408
16 46 0.00147399
16 47 0.000540259
16 48 0.000197909
16 49 7.27765e-05
16 50 2.76965e-05
16 51 1.31542e-05

17 1 1
17 2 1
17 3 0.999999
17 4 1
17 5 0.999997
17 6 1.00001
17 7 0.999991
17 8 1.00001
17 9 0.999981
17 10 1.00003
17 11 0.999965
17 12 1.00004
17 13 0.999946
17 14 1.00006
17 15 0.99993
17 16 1.00008
17 17 0.999922
17 18 1.00008
17 19 0.999925
17 20 1.00007
17 21 0.999939
17 22 1.00005
17 23 0.999958
17 24 1.00003
17 25 0.999975
17 26 1.00002
17 27 0.999984
17 28 0.999998
17 29 0.999969
17 30 0.999932
17 31 0.999807
17 32 0.999482
17 33 0.99858
17 34 0.996102
17 35 0.989275
17 36 0.970617
17 37 0.921163
17 38 0.801473
17 39 0.573511
17 40 0.3098
17 41 0.135733
17 42 0.0536875
17 43 0.020353
17 44 0.00758643
17 45 0.00280821
17 46 0.00103622
17 47 0.000381729
17 48 0.000140542
17 49 5.19408e-05
17 50 1.98706e-05
17 51 9.48624e-06

18 1 1
18 2 1
18 3 1
18 4 0.999998
18 5 1
18 6 0.999994
18 7 1.00001
18 8 0.999986
18 9 1.00002
18 10 0.999973
18 11 1.00004
18 12 0.999956
18 13 1.00005
18 14 0.999937
18 15 1.00007
18 16 0.999925
18 17 1.00008
18 18 0.999922
18 19 1.00007
18 20 0.999932
18 21 1.00006
18 22 0.999949
18 23 1.00004
18 24 0.999967
18 25 1.00002
18 26 0.99998
18 27 1
18 28 0.999975
18 29 0.999958
18 30 0.999875
18 31 0.999675
18 32 0.999124
18 33 0.997638
18 34 0.993596
18 35 0.982634
18 36 0.953342
18 37 0.878898
18 38 0.714494
18 39 0.455926
18 40 0.223793
18 41 0.0937105
18 42 0.0365214
18 43 0.0138209
18 44 0.00516788
18 45 0.00192228
18 46 0.000713139
18 47 0.000264146
18 48 9.77764e-05
18 49 3.63296e-05
18 50 1.3976e-05
18 51 6.70885e-06

19 1 1
19 2 1
19 3 0.999999
19 4 1
19 5 0.999997
19 6 1.00001
19 7 0.999991
19 8 1.00001
19 9 0.999981
19 10 1.00003
19 11 0.999966
19 12 1.00004
19 13 0.999948
19 14 1.00006
19 15 0.999933
19 16 1.00007
19 17 0.999925
19 18 1.00007
19 19 0.999929
19 20 1.00006
19 21 0.999943
19 22 1.00005
19 23 0.999961
19 24 1.00003
19 25 0.999975
19 26 1.00001
19 27 0.999976
19 28 0.999975
19 29 0.999912
19 30 0.999785
19 31 0.999426
19 32 0.998487
19 33 0.995969
19 34 0.98923
19 35 0.971294
19 36 0.924845
19 37 0.814063
19 38 0.600902
19 39 0.339494
19 40 0.154294
19 41 0.0626216
19 42 0.024204
19 43 0.00916871
19 44 0.0034435
19 45 0.001288
19 46 0.00048063
19 47 0.000179067
19 48 6.66643e-05
19 49 2.49106e-05
19 50 9.63987e-06
19 51 4.65431e-06

20 1 1
20 2 1
20 3 1
20 4 0.999998
20 5 1
20 6 0.999995
20 7 1.00001
20 8 0.999988
20 9 1.00002
20 10 0.999976
20 11 1.00003
20 12 0.99996
20 13 1.00005
20 14 0.999944
20 15 1.00006
20 16 0.999933
20 17 1.00007
20 18 0.999932
20 19 1.00006
20 20 0.999941
20 21 1.00005
20 22 0.999956
20 23 1.00003
20 24 0.999971
20 25 1.00002
20 26 0.999976
20 27 0.999985
20 28 0.999933
20 29 0.999849
20 30 0.999601
20 31 0.998973
20 32 0.997317
20 33 0.992962
20 34 0.981495
20 35 0.951741
20 36 0.878196
20 37 0.719296
20 38 0.469477
20 39 0.237434
20 40 0.102037
20 41 0.0406138
20 42 0.0156483
20 43 0.00594661
20 44 0.00224557
20 45 0.000845107
20 46 0.000317346
20 47 0.000118967
20 48 4.45595e-05
20 49 1.67508e-05
20 50 6.52267e-06
20 51 3.16855e-06

21 1 1
21 2 1
21 3 0.999999
21 4 1
21 5 0.999998
21 6 1
21 7 0.999993
21 8 1.00001
21 9 0.999985
21 10 1.00002
21 11 0.999972
21 12 1.00004
21 13 0.999957
21 14 1.00005
21 15 0.999945
21 16 1.00006
21 17 0.999939
21 18 1.00006
21 19 0.999943
21 20 1.00005
21 21 0.999955
21 22 1.00004
21 23 0.999968
21 24 1.00002
21 25 0.999975
21 26 0.999992
21 27 0.999944
21 28 0.999887
21 29 0.999703
21 30 0.99926
21 31 0.998107
21 32 0.995138
21 33 0.987442
21 34 0.967625
21 35 0.918035
21 36 0.804067
21 37 0.59285
21 38 0.338866
21 39 0.157057
21 40 0.0650547
21 41 0.025628
21 42 0.00988144
21 43 0.00377345
21 44 0.00143393
21 45 0.000543262
21 46 0.000205366
21 47 7.74933e-05
21 48 2.9211e-05
21 49 1.10504e-05
21 50 4.33122e-06
21 51 2.11749e-06

22 1 1
22 2 1
22 3 1
22 4 0.999999
22 5 1
22 6 0.999996
22 7 1.00001
22 8 0.999991
22 9 1.00001
22 10 0.999982
22 11 1.00002
22 12 0.99997
22 13 1.00004
22 14 0.999957
22 15 1.00005
22 16 0.999949
22 17 1.00005
22 18 0.999949
22 19 1.00005
22 20 0.999956
22 21 1.00004
22 22 0.999967
22 23 1.00002
22 24 0.999974
22 25 0.999997
22 26 0.999951
22 27 0.999911
22 28 0.999764
22 29 0.999432
22 30 0.998581
22 31 0.996441
22 32 0.990997
22 33 0.977173
22 34 0.942633
22 35 0.860929
22 36 0.693873
22 37 0.44734
22 38 0.227155
22 39 0.0990867
22 40 0.0401694
22 41 0.0157684
22 42 0.00610156
22 43 0.0023444
22 44 0.000897117
22 45 0.000342316
22 46 0.000130317
22 47 4.95129e-05
22 48 1.87889e-05
22 49 7.15474e-06
22 50 2.82358e-06
22 51 1.38965e-06

23 1 1
23 2 1
23 3 1
23 4 1
23 5 0.999999
23 6 1
23 7 0.999995
23 8 1.00001
23 9 0.999989
23 10 1.00001
23 11 0.99998
23 12 1.00002
23 13 0.99997
23 14 1.00003
23 15 0.999961
23 16 1.00004
23 17 0.999958
23 18 1.00004
23 19 0.999961
23 20 1.00003
23 21 0.999968
23 22 1.00002
23 23 0.999973
23 24 0.999999
23 25 0.999953
23 26 0.999924
23 27 0.9998
23 28 0.999536
23 29 0.998868
23 30 0.997235
23 31 0.993165
23 32 0.983018
23 33 0.957924
23 34 0.898029
23 35 0.768734
23 36 0.549013
23 37 0.307799
23 38 0.143014
23 39 0.0600957
23 40 0.024114
23 41 0.00947742
23 42 0.0036879
23 43 0.00142713
23 44 0.000550238
23 45 0.000211542
23 46 8.11284e-05
23 47 3.10456e-05
23 48 1.18633e-05
23 49 4.54864e-06
23 50 1.80794e-06
23 51 8.95974e-07

24 1 1
24 2 1
24 3 1
24 4 1
24 5 1
24 6 0.999998
24 7 1
24 8 0.999994
24 9 1.00001
24 10 0.999988
24 11 1.00002
24 12 0.99998
24 13 1.00002
24 14 0.999972
24 15 1.00003
24 16 0.999967
24 17 1.00003
24 18 0.999967
24 19 1.00003
24 20 0.999971
24 21 1.00002
24 22 0.999974
24 23 0.999999
24 24 0.999954
24 25 0.999931
24 26 0.999818
24 27 0.999595
24 28 0.999038
24 29 0.997715
24 30 0.994494
24 31 0.986635
24 32 0.967504
24 33 0.922004
24 34 0.8212
24 35 0.634056
24 36 0.391131
24 37 0.195162
24 38 0.08561
24 39 0.0352683
24 40 0.0141167
24 41 0.00557315
24 42 0.00218398
24 43 0.00085181
24 44 0.000331055
24 45 0.000128282
24 46 4.95761e-05
24 47 1.91131e-05
24 48 7.35659e-06
24 49 2.84084e-06
24 50 1.13752e-06
24 51 5.6778e-07

25 1 1
25 2 1
25 3 1
25 4 1
25 5 0.999999
25 6 1
25 7 0.999997
25 8 1
25 9 0.999994
25 10 1.00001
25 11 0.999988
25 12 1.00001
25 13 0.999982
25 14 1.00002
25 15 0.999977
25 16 1.00002
25 17 0.999975
25 18 1.00002
25 19 0.999975
25 20 1.00002
25 21 0.999975
25 22 0.999997
25 23 0.999953
25 24 0.999931
25 25 0.999824
25 26 0.999622
25 27 0.999127
25 28 0.997989
25 29 0.995286
25 30 0.98885
25 31 0.973491
25 32 0.937389
25 33 0.856792
25 34 0.699361
25 35 0.468663
25 36 0.251753
25 37 0.115934
25 38 0.049243
25 39 0.0201297
25 40 0.00807854
25 41 0.00321066
25 42 0.00126835
25 43 0.000498865
25 44 0.000195512
25 45 7.6382e-05
25 46 2.97542e-05
25 47 1.15598e-05
25 48 4.48268e-06
25 49 1.74383e-06
25 50 7.03615e-07
25 51 3.538e-07

26 1 1
26 2 1
26 3 1
26 4 1
26 5 1
26 6 0.999999
26 7 1
26 8 0.999997
26 9 1
26 10 0.999994
26 11 1.00001
26 12 0.999989
26 13 1.00001
26 14 0.999985
26 15 1.00002
26 16 0.999982
26 17 1.00002
26 18 0.99998
26 19 1.00001
26 20 0.999976
26 21 0.999992
26 22 0.999951
26 23 0.999924
26 24 0.999818
26 25 0.999622
26 26 0.999155
26 27 0.998114
26 28 0.995708
26 29 0.990126
26 30 0.97711
26 31 0.947047
26 32 0.880233
26 33 0.746441
26 34 0.534156
26 35 0.307667
26 36 0.149157
26 37 0.0655456
26 38 0.0274372
26 39 0.0112159
26 40 0.00452794
26 41 0.00181416
26 42 0.000722972
26 43 0.000286879
26 44 0.000113411
26 45 4.46829e-05
26 46 1.75491e-05
26 47 6.87222e-06
26 48 2.68549e-06
26 49 1.05264e-06
26 50 4.2808e-07
26 51 2.16886e-07

27 1 1
27 2 1
27 3 1
27 4 1
27 5 1
27 6 1
27 7 0.999999
27 8 1
27 9 0.999997
27 10 1
27 11 0.999994
27 12 1.00001
27 13 0.99999
27 14 1.00001
27 15 0.999987
27 16 1.00001
27 17 0.999984
27 18 1
27 19 0.999976
27 20 0.999985
27 21 0.999944
27 22 0.999911
27 23 0.9998
27 24 0.999595
27 25 0.999127
27 26 0.998114
27 27 0.99584
27 28 0.99071
27 29 0.979051
27 30 0.952699
27 31 0.894893
27 32 0.778363
27 33 0.584688
27 34 0.357766
27 35 0.182441
27 36 0.0831063
27 37 0.035702
27 38 0.0148942
27 39 0.00611771
27 40 0.00248946
27 41 0.00100646
27 42 0.000404814
27 43 0.000162109
27 44 6.46611e-05
27 45 2.56977e-05
27 46 1.01778e-05
27 47 4.01816e-06
27 48 1.58262e-06
27 49 6.25181e-07
27 50 2.56299e-07
27 51 1.3086e-07

28 1 1
28 2 1
28 3 1
28 4 1
28 5 1
28 6 1
28 7 1
28 8 0.999999
28 9 1
28 10 0.999997
28 11 1
28 12 0.999994
28 13 1
28 14 0.999991
28 15 1
28 16 0.999986
28 17 0.999998
28 18 0.999975
28 19 0.999975
28 20 0.999933
28 21 0.999887
28 22 0.999764
28 23 0.999536
28 24 0.999038
28 25 0.997989
28 26 0.995708
28 27 0.99071
28 28 0.979663
28 29 0.95531
28 30 0.902917
28 31 0.79798
28 32 0.619865
28 33 0.398011
28 34 0.212538
28 35 0.10036
28 36 0.0443095
28 37 0.0188958
28 38 0.00790903
28 39 0.00327341
28 40 0.00134432
28 41 0.000548738
28 42 0.000222839
28 43 9.00789e-05
28 44 3.62602e-05
28 45 1.4539e-05
28 46 5.80793e-06
28 47 2.31205e-06
28 48 9.17991e-07
28 49 3.6552e-07
28 50 1.51086e-07
28 51 7.77492e-08

29 1 1
29 2 1
29 3 1
29 4 1
29 5 1
29 6 1
29 7 0.999999
29 8 1
29 9 0.999998
29 10 1
29 11 0.999996
29 12 1
29 13 0.999992
29 14 0.999999
29 15 0.999986
29 16 0.99999
29 17 0.999969
29 18 0.999958
29 19 0.999912
29 20 0.999849
29 21 0.999703
29 22 0.999432
29 23 0.998868
29 24 0.997715
29 25 0.995286
29 26 0.990126
29 27 0.979051
29 28 0.95531
29 29 0.905469
29 30 0.807289
29 31 0.640422
29 32 0.42586
29 33 0.23641
29 34 0.115483
29 35 0.0524221
29 36 0.0228807
29 37 0.00977313
29 38 0.00411985
29 39 0.00172095
29 40 0.000713795
29 41 0.00029429
29 42 0.00012069
29 43 4.92571e-05
29 44 2.00134e-05
29 45 8.09736e-06
29 46 3.26305e-06
29 47 1.30998e-06
29 48 5.24395e-07
29 49 2.1049e-07
29 50 8.77353e-08
29 51 4.551e-08

30 1 0.999999
30 2 0.999999
30 3 0.999999
30 4 0.999999
30 5 0.999999
30 6 0.999999
30 7 0.999999
30 8 0.999998
30 9 0.999998
30 10 0.999995
30 11 0.999997
30 12 0.999991
30 13 0.999992
30 14 0.999981
30 15 0.999977
30 16 0.999955
30 17 0.999932
30 18 0.999875
30 19 0.999785
30 20 0.999601
30 21 0.99926
30 22 0.998581
30 23 0.997235
30 24 0.994494
30 25 0.98885
30 26 0.97711
30 27 0.952699
30 28 0.902917
30 29 0.807289
30 30 0.647167
30 31 0.440028
30 32 0.251699
30 33 0.126723
30 34 0.0591088
30 35 0.0264255
30 36 0.0115326
30 37 0.00495821
30 38 0.00210946
30 39 0.000890149
30 40 0.00037304
30 41 0.000155381
30 42 6.43631e-05
30 43 2.65253e-05
30 44 1.08797e-05
30 45 4.44235e-06
30 46 1.80608e-06
30 47 7.31294e-07
30 48 2.95176e-07
30 49 1.19453e-07
30 50 5.02134e-08
30 51 2.62571e-08

31 1 0.999998
31 2 0.999998
31 3 0.999998
31 4 0.999997
31 5 0.999997
31 6 0.999996
31 7 0.999995
31 8 0.999994
31 9 0.999992
31 10 0.99999
31 11 0.999985
31 12 0.999981
31 13 0.999969
31 14 0.999956
31 15 0.999927
31 16 0.999887
31 17 0.999807
31 18 0.999675
31 19 0.999426
31 20 0.998973
31 21 0.998107
31 22 0.996441
31 23 0.993165
31 24 0.986635
31 25 0.973491
31 26 0.947047
31 27 0.894893
31 28 0.79798
31 29 0.640422
31 30 0.440028
31 31 0.256956
31 32 0.132714
31 33 0.0635201
31 34 0.0290952
31 35 0.0129865
31 36 0.00570134
31 37 0.00247364
31 38 0.00106331
31 39 0.000453484
31 40 0.000192063
31 41 8.08333e-05
31 42 3.38237e-05
31 43 1.40772e-05
31 44 5.82926e-06
31 45 2.40228e-06
31 46 9.85436e-07
31 47 4.02467e-07
31 48 1.63812e-07
31 49 6.68404e-08
31 50 2.83384e-08
31 51 1.49389e-08

32 1 0.999993
32 2 0.999993
32 3 0.999992
32 4 0.999992
32 5 0.99999
32 6 0.999989
32 7 0.999986
32 8 0.999983
32 9 0.999978
32 10 0.99997
32 11 0.99996
32 12 0.999942
32 13 0.999916
32 14 0.999872
32 15 0.999803
32 16 0.999683
32 17 0.999482
32 18 0.999124
32 19 0.998487
32 20 0.997317
32 21 0.995138
32 22 0.990997
32 23 0.983018
32 24 0.967504
32 25 0.937389
32 26 0.880233
32 27 0.778363
32 28 0.619865
32 29 0.42586
32 30 0.251699
32 31 0.132714
32 32 0.0650616
32 33 0.0305314
32 34 0.0139482
32 35 0.00625988
32 36 0.0027731
32 37 0.00121576
32 38 0.000528296
32 39 0.000227768
32 40 9.75027e-05
32 41 4.14667e-05
32 42 1.75287e-05
32 43 7.36785e-06
32 44 3.08041e-06
32 45 1.28132e-06
32 46 5.30349e-07
32 47 2.18488e-07
32 48 8.96783e-08
32 49 3.68956e-08
32 50 1.57778e-08
32 51 8.38532e-09

33 1 0.999979
33 2 0.999978
33 3 0.999977
33 4 0.999974
33 5 0.999971
33 6 0.999966
33 7 0.999959
33 8 0.999949
33 9 0.999934
33 10 0.999913
33 11 0.999881
33 12 0.999833
33 13 0.999758
33 14 0.999639
33 15 0.999445
33 16 0.999125
33 17 0.99858
33 18 0.997638
33 19 0.995969
33 20 0.992962
33 21 0.987442
33 22 0.977173
33 23 0.957924
33 24 0.922004
33 25 0.856792
33 26 0.746441
33 27 0.584688
33 28 0.398011
33 29 0.23641
33 30 0.126723
33 31 0.0635201
33 32 0.0305314
33 33 0.0142848
33 34 0.00656005
33 35 0.00297053
33 36 0.00132978
33 37 0.00058944
33 38 0.000258987
33 39 0.000112887
33 40 4.88457e-05
33 41 2.09922e-05
33 42 8.96478e-06
33 43 3.80573e-06
33 44 1.60651e-06
33 45 6.74492e-07
33 46 2.81701e-07
33 47 1.17064e-07
33 48 4.8454e-08
33 49 2.0101e-08
33 50 8.67037e-09
33 51 4.64561e-09

34 1 0.999935
34 2 0.999933
34 3 0.999929
34 4 0.999922
34 5 0.999912
34 6 0.999897
34 7 0.999877
34 8 0.999848
34 9 0.999806
34 10 0.999744
34 11 0.999654
34 12 0.999517
34 13 0.999306
34 14 0.998974
34 15 0.998442
34 16 0.997567
34 17 0.996102
34 18 0.993596
34 19 0.98923
34 20 0.981495
34 21 0.967625
34 22 0.942633
34 23 0.898029
34 24 0.8212
34 25 0.699361
34 26 0.534156
34 27 0.357766
34 28 0.212538
34 29 0.115483
34 30 0.0591088
34 31 0.0290952
34 32 0.0139482
34 33 0.00656005
34 34 0.00303952
34 35 0.00139088
34 36 0.000629588
34 37 0.00028222
34 38 0.000125389
34 39 5.52559e-05
34 40 2.41664e-05
34 41 1.04951e-05
34 42 4.52786e-06
34 43 1.9413e-06
34 44 8.27395e-07
34 45 3.50624e-07
34 46 1.47758e-07
34 47 6.19357e-08
34 48 2.58514e-08
34 49 1.08136e-08
34 50 4.70477e-09
34 51 2.54139e-09

35 1 0.999801
35 2 0.999795
35 3 0.999783
35 4 0.999763
35 5 0.999733
35 6 0.99969
35 7 0.99963
35 8 0.999545
35 9 0.999423
35 10 0.999246
35 11 0.998986
35 12 0.998598
35 13 0.998004
35 14 0.997078
35 15 0.995607
35 16 0.993221
35 17 0.989275
35 18 0.982634
35 19 0.971294
35 20 0.951741
35 21 0.918035
35 22 0.860929
35 23 0.768734
35 24 0.634056
35 25 0.468663
35 26 0.307667
35 27 0.182441
35 28 0.10036
35 29 0.0524221
35 30 0.0264255
35 31 0.0129865
35 32 0.00625988
35 33 0.00297053
35 34 0.00139088
35 35 0.000643589
35 36 0.000294631
35 37 0.000133565
35 38 6.00041e-05
35 39 2.67319e-05
35 40 1.18166e-05
35 41 5.18543e-06
35 42 2.25994e-06
35 43 9.78542e-07
35 44 4.21065e-07
35 45 1.80091e-07
35 46 7.65722e-08
35 47 3.23738e-08
35 48 1.36255e-08
35 49 5.74669e-09
35 50 2.52193e-09
35 51 1.37336e-09

36 1 0.999394
36 2 0.999377
36 3 0.99934
36 4 0.99928
36 5 0.999192
36 6 0.999066
36 7 0.998889
36 8 0.998639
36 9 0.998284
36 10 0.997774
36 11 0.997029
36 12 0.995923
36 13 0.994249
36 14 0.991668
36 15 0.987614
36 16 0.981135
36 17 0.970617
36 18 0.953342
36 19 0.924845
36 20 0.878196
36 21 0.804067
36 22 0.693873
36 23 0.549013
36 24 0.391131
36 25 0.251753
36 26 0.149157
36 27 0.0831063
36 28 0.0443095
36 29 0.0228807
36 30 0.0115326
36 31 0.00570134
36 32 0.0027731
36 33 0.00132978
36 34 0.000629588
36 35 0.000294631
36 36 0.000136411
36 37 6.25334e-05
36 38 2.84037e-05
36 39 1.27912e-05
36 40 5.7143e-06
36 41 2.53362e-06
36 42 1.11538e-06
36 43 4.87696e-07
36 44 2.11852e-07
36 45 9.14424e-08
36 46 3.92247e-08
36 47 1.67254e-08
36 48 7.09774e-09
36 49 3.01818e-09
36 50 1.33596e-09
36 51 7.33408e-10

37 1 0.998153
37 2 0.998101
37 3 0.997991
37 4 0.997813
37 5 0.997552
37 6 0.997182
37 7 0.996662
37 8 0.995933
37 9 0.994903
37 10 0.993431
37 11 0.991299
37 12 0.988163
37 13 0.983474
37 14 0.976343
37 15 0.965336
37 16 0.948152
37 17 0.921163
37 18 0.878898
37 19 0.814063
37 20 0.719296
37 21 0.59285
37 22 0.44734
37 23 0.307799
37 24 0.195162
37 25 0.115934
37 26 0.0655456
37 27 0.035702
37 28 0.0188958
37 29 0.00977313
37 30 0.00495821
37 31 0.00247364
37 32 0.00121576
37 33 0.00058944
37 34 0.00028222
37 35 0.000133565
37 36 6.25334e-05
37 37 2.89845e-05
37 38 1.33091e-05
37 39 6.05781e-06
37 40 2.73467e-06
37 41 1.22494e-06
37 42 5.44645e-07
37 43 2.40455e-07
37 44 1.05433e-07
37 45 4.5921e-08
37 46 1.98703e-08
37 47 8.5442e-09
37 48 3.65561e-09
37 49 1.56718e-09
37 50 6.99656e-10
37 51 3.87187e-10

38 1 0.994381
38 2 0.994225
38 3 0.993898
38 4 0.993373
38 5 0.992603
38 6 0.991513
38 7 0.989993
38 8 0.987875
38 9 0.984907
38 10 0.980703
38 11 0.974677
38 12 0.965932
38 13 0.953093
38 14 0.934049
38 15 0.905624
38 16 0.863322
38 17 0.801473
38 18 0.714494
38 19 0.600902
38 20 0.469477
38 21 0.338866
38 22 0.227155
38 23 0.143014
38 24 0.08561
38 25 0.049243
38 26 0.0274372
38 27 0.0148942
38 28 0.00790903
38 29 0.00411985
38 30 0.00210946
38 31 0.00106331
38 32 0.000528296
38 33 0.000258987
38 34 0.000125389
38 35 6.00041e-05
38 36 2.84037e-05
38 37 1.33091e-05
38 38 6.17696e-06
38 39 2.84124e-06
38 40 1.29589e-06
38 41 5.86335e-07
38 42 2.63266e-07
38 43 1.17338e-07
38 44 5.19246e-08
38 45 2.28174e-08
38 46 9.95815e-09
38 47 4.3176e-09
38 48 1.86223e-09
38 49 8.04815e-10
38 50 3.62379e-10
38 51 2.02146e-10

39 1 0.982999
39 2 0.982539
39 3 0.981582
39 4 0.980047
39 5 0.977802
39 6 0.974643
39 7 0.970268
39 8 0.964231
39 9 0.955877
39 10 0.944239
39 11 0.927894
39 12 0.904797
39 13 0.872131
39 14 0.826239
39 15 0.762861
39 16 0.678456
39 17 0.573511
39 18 0.455926
39 19 0.339494
39 20 0.237434
39 21 0.157057
39 22 0.0990867
39 23 0.0600957
39 24 0.0352683
39 25 0.0201297
39 26 0.0112159
39 27 0.00611771
39 28 0.00327341
39 29 0.00172095
39 30 0.000890149
39 31 0.000453484
39 32 0.000227768
39 33 0.000112887
39 34 5.52559e-05
39 35 2.67319e-05
39 36 1.27912e-05
39 37 6.05781e-06
39 38 2.84124e-06
39 39 1.32046e-06
39 40 6.08385e-07
39 41 2.77998e-07
39 42 1.26026e-07
39 43 5.66956e-08
39 44 2.53161e-08
39 45 1.1222e-08
39 46 4.93899e-09
39 47 2.15894e-09
39 48 9.38619e-10
39 49 4.08909e-10
39 50 1.85686e-10
39 51 1.04407e-10

40 1 0.94937
40 2 0.948068
40 3 0.945364
40 4 0.94105
40 5 0.934782
40 6 0.926046
40 7 0.914104
40 8 0.897928
40 9 0.876117
40 10 0.846807
40 11 0.807604
40 12 0.755702
40 13 0.688554
40 14 0.605441
40 15 0.509407
40 16 0.407726
40 17 0.3098
40 18 0.223793
40 19 0.154294
40 20 0.102037
40 21 0.0650547
40 22 0.0401694
40 23 0.024114
40 24 0.0141167
40 25 0.00807854
40 26 0.00452794
40 27 0.00248946
40 28 0.00134432
40 29 0.000713795
40 30 0.00037304
40 31 0.000192063
40 32 9.75027e-05
40 33 4.88457e-05
40 34 2.41664e-05
40 35 1.18166e-05
40 36 5.7143e-06
40 37 2.73467e-06
40 38 1.29589e-06
40 39 6.08385e-07
40 40 2.83093e-07
40 41 1.30612e-07
40 42 5.97694e-08
40 43 2.71345e-08
40 44 1.22235e-08
40 45 5.46478e-09
40 46 2.42506e-09
40 47 1.06858e-09
40 48 4.6824e-10
40 49 2.05613e-10
40 50 9.41623e-11
40 51 5.33652e-11

41 1 0.856253
41 2 0.852921
41 3 0.846057
41 4 0.835242
41 5 0.81982
41 6 0.798866
41 7 0.771175
41 8 0.735314
41 9 0.689831
41 10 0.633694
41 11 0.566976
41 12 0.491495
41 13 0.411001
41 14 0.330584
41 15 0.25547
41 16 0.18977
41 17 0.135733
41 18 0.0937105
41 19 0.0626216
41 20 0.0406138
41 21 0.025628
41 22 0.0157684
41 23 0.00947742
41 24 0.00557315
41 25 0.00321066
41 26 0.00181416
41 27 0.00100646
41 28 0.000548738
41 29 0.00029429
41 30 0.000155381
41 31 8.08333e-05
41 32 4.14667e-05
41 33 2.09922e-05
41 34 1.04951e-05
41 35 5.18543e-06
41 36 2.53362e-06
41 37 1.22494e-06
41 38 5.86335e-07
41 39 2.77998e-07
41 40 1.30612e-07
41 41 6.08312e-08
41 42 2.80928e-08
41 43 1.28675e-08
41 44 5.84659e-09
41 45 2.63571e-09
41 46 1.17913e-09
41 47 5.23682e-10
41 48 2.31262e-10
41 49 1.02355e-10
41 50 4.7271e-11
41 51 2.70017e-11

42 1 0.643841
42 2 0.637503
42 3 0.624685
42 4 0.605142
42 5 0.578604
42 6 0.544915
42 7 0.504206
42 8 0.45709
42 9 0.404815
42 10 0.349295
42 11 0.292962
42 12 0.238442
42 13 0.188142
42 14 0.143887
42 15 0.106698
42 16 0.0767838
42 17 0.0536875
42 18 0.0365214
42 19 0.024204
42 20 0.0156483
42 21 0.00988144
42 22 0.00610156
42 23 0.0036879
42 24 0.00218398
42 25 0.00126835
42 26 0.000722972
42 27 0.000404814
42 28 0.000222839
42 29 0.00012069
42 30 6.43631e-05
42 31 3.38237e-05
42 32 1.75287e-05
42 33 8.96478e-06
42 34 4.52786e-06
42 35 2.25994e-06
42 36 1.11538e-06
42 37 5.44645e-07
42 38 2.63266e-07
42 39 1.26026e-07
42 40 5.97694e-08
42 41 2.80928e-08
42 42 1.30897e-08
42 43 6.04753e-09
42 44 2.77096e-09
42 45 1.2594e-09
42 46 5.67903e-10
42 47 2.54186e-10
42 48 1.13116e-10
42 49 5.04579e-11
42 50 2.35e-11
42 51 1.3529e-11

43 1 0.352112
43 2 0.346306
43 3 0.334859
43 4 0.318109
43 5 0.296599
43 6 0.271091
43 7 0.242568
43 8 0.212198
43 9 0.181257
43 10 0.151021
43 11 0.122638
43 12 0.0970177
43 13 0.0747541
43 14 0.0561078
43 15 0.0410357
43 16 0.0292599
43 17 0.020353
43 18 0.0138209
43 19 0.00916871
43 20 0.00594661
43 21 0.00377345
43 22 0.0023444
43 23 0.00142713
43 24 0.00085181
43 25 0.000498865
43 26 0.000286879
43 27 0.000162109
43 28 9.00789e-05
43 29 4.92571e-05
43 30 2.65253e-05
43 31 1.40772e-05
43 32 7.36785e-06
43 33 3.80573e-06
43 34 1.9413e-06
43 35 9.78542e-07
43 36 4.87696e-07
43 37 2.40455e-07
43 38 1.17338e-07
43 39 5.66956e-08
43 40 2.71345e-08
43 41 1.28675e-08
43 42 6.04753e-09
43 43 2.81759e-09
43 44 1.30161e-09
43 45 5.96319e-10
43 46 2.71003e-10
43 47 1.2223e-10
43 48 5.48092e-11
43 49 2.46402e-11
43 50 1.15725e-11
43 51 6.71445e-12

44 1 0.149968
44 2 0.146984
44 3 0.141169
44 4 0.132821
44 5 0.122363
44 6 0.110321
44 7 0.0972834
44 8 0.0838596
44 9 0.0706287
44 10 0.0580965
44 11 0.0466593
44 12 0.0365834
44 13 0.0280018
44 14 0.0209264
44 15 0.0152724
44 16 0.0108885
44 17 0.00758643
44 18 0.00516788
44 19 0.0034435
44 20 0.00224557
44 21 0.00143393
44 22 0.000897117
44 23 0.000550238
44 24 0.000331055
44 25 0.000195512
44 26 0.000113411
44 27 6.46611e-05
44 28 3.62602e-05
44 29 2.00134e-05
44 30 1.08797e-05
44 31 5.82926e-06
44 32 3.08041e-06
44 33 1.60651e-06
44 34 8.27395e-07
44 35 4.21065e-07
44 36 2.11852e-07
44 37 1.05433e-07
44 38 5.19246e-08
44 39 2.53161e-08
44 40 1.22235e-08
44 41 5.84659e-09
44 42 2.77096e-09
44 43 1.30161e-09
44 44 6.06115e-10
44 45 2.79863e-10
44 46 1.28165e-10
44 47 5.82453e-11
44 48 2.63158e-11
44 49 1.19228e-11
44 50 5.64682e-12
44 51 3.30187e-12

45 1 0.0567928
45 2 0.0555953
45 3 0.0532713
45 4 0.0499567
45 5 0.0458405
45 6 0.0411485
45 7 0.036124
45 8 0.0310076
45 9 0.0260184
45 10 0.0213382
45 11 0.0171026
45 12 0.013396
45 13 0.0102547
45 14 0.00767272
45 15 0.00561223
45 16 0.00401408
45 17 0.00280821
45 18 0.00192228
45 19 0.001288
45 20 0.000845107
45 21 0.000543262
45 22 0.000342316
45 23 0.000211542
45 24 0.000128282
45 25 7.6382e-05
45 26 4.46829e-05
45 27 2.56977e-05
45 28 1.4539e-05
45 29 8.09736e-06
45 30 4.44235e-06
45 31 2.40228e-06
45 32 1.28132e-06
45 33 6.74492e-07
45 34 3.50624e-07
45 35 1.80091e-07
45 36 9.14424e-08
45 37 4.5921e-08
45 38 2.28174e-08
45 39 1.1222e-08
45 40 5.46478e-09
45 41 2.63571e-09
45 42 1.2594e-09
45 43 5.96319e-10
45 44 2.79863e-10
45 45 1.30218e-10
45 46 6.00871e-11
45 47 2.75122e-11
45 48 1.2524e-11
45 49 5.71831e-12
45 50 2.73105e-12
45 51 1.60933e-12

46 1 0.0205512
46 2 0.0201127
46 3 0.0192628
46 4 0.0180528
46 5 0.016554
46 6 0.0148503
46 7 0.0130311
46 8 0.0111837
46 9 0.00938656
46 10 0.00770385
46 11 0.00618267
46 12 0.00485196
46 13 0.00372356
46 14 0.0027948
46 15 0.00205194
46 16 0.00147399
46 17 0.00103622
46 18 0.000713139
46 19 0.00048063
46 20 0.000317346
46 21 0.000205366
46 22 0.000130317
46 23 8.11284e-05
46 24 4.95761e-05
46 25 2.97542e-05
46 26 1.75491e-05
46 27 1.01778e-05
46 28 5.80793e-06
46 29 3.26305e-06
46 30 1.80608e-06
46 31 9.85436e-07
46 32 5.30349e-07
46 33 2.81701e-07
46 34 1.47758e-07
46 35 7.65722e-08
46 36 3.92247e-08
46 37 1.98703e-08
46 38 9.95815e-09
46 39 4.93899e-09
46 40 2.42506e-09
46 41 1.17913e-09
46 42 5.67903e-10
46 43 2.71003e-10
46 44 1.28165e-10
46 45 6.00871e-11
46 46 2.79347e-11
46 47 1.2886e-11
46 48 5.90992e-12
46 49 2.71936e-12
46 50 1.30968e-12
46 51 7.77723e-13

47 1 0.00731608
47 2 0.00716066
47 3 0.00685945
47 4 0.00643079
47 5 0.0058999
47 6 0.00529655
47 7 0.00465233
47 8 0.003998
47 9 0.00336109
47 10 0.00276419
47 11 0.00222383
47 12 0.00175024
47 13 0.00134767
47 14 0.00101535
47 15 0.000748614
47 16 0.000540259
47 17 0.000381729
47 18 0.000264146
47 19 0.000179067
47 20 0.000118967
47 21 7.74933e-05
47 22 4.95129e-05
47 23 3.10456e-05
47 24 1.91131e-05
47 25 1.15598e-05
47 26 6.87222e-06
47 27 4.01816e-06
47 28 2.31205e-06
47 29 1.30998e-06
47 30 7.31294e-07
47 31 4.02467e-07
47 32 2.18488e-07
47 33 1.17064e-07
47 34 6.19357e-08
47 35 3.23738e-08
47 36 1.67254e-08
47 37 8.5442e-09
47 38 4.3176e-09
47 39 2.15894e-09
47 40 1.06858e-09
47 41 5.23682e-10
47 42 2.54186e-10
47 43 1.2223e-10
47 44 5.82453e-11
47 45 2.75122e-11
47 46 1.2886e-11
47 47 5.98846e-12
47 48 2.76709e-12
47 49 1.28313e-12
47 50 6.23188e-13
47 51 3.7292e-13

48 1 0.00259096
48 2 0.00253647
48 3 0.00243085
48 4 0.00228048
48 5 0.00209416
48 6 0.00188225
48 7 0.00165577
48 8 0.00142544
48 9 0.00120091
48 10 0.000990074
48 11 0.000798781
48 12 0.000630678
48 13 0.00048735
48 14 0.00036862
48 15 0.000272955
48 16 0.000197909
48 17 0.000140542
48 18 9.77764e-05
48 19 6.66643e-05
48 20 4.45595e-05
48 21 2.9211e-05
48 22 1.87889e-05
48 23 1.18633e-05
48 24 7.35659e-06
48 25 4.48268e-06
48 26 2.68549e-06
48 27 1.58262e-06
48 28 9.17991e-07
48 29 5.24395e-07
48 30 2.95176e-07
48 31 1.63812e-07
48 32 8.96783e-08
48 33 4.8454e-08
48 34 2.58514e-08
48 35 1.36255e-08
48 36 7.09774e-09
48 37 3.65561e-09
48 38 1.86223e-09
48 39 9.38619e-10
48 40 4.6824e-10
48 41 2.31262e-10
48 42 1.13116e-10
48 43 5.48092e-11
48 44 2.63158e-11
48 45 1.2524e-11
48 46 5.90992e-12
48 47 2.76709e-12
48 48 1.28827e-12
48 49 6.02089e-13
48 50 2.94917e-13
48 51 1.77853e-13

49 1 0.000919637
49 2 0.000900532
49 3 0.000863486
49 4 0.000810717
49 5 0.000745277
49 6 0.000670774
49 7 0.000591043
49 8 0.000509828
49 9 0.000430502
49 10 0.000355851
49 11 0.000287945
49 12 0.000228096
49 13 0.000176901
49 14 0.000134337
49 15 9.99052e-05
49 16 7.27765e-05
49 17 5.19408e-05
49 18 3.63296e-05
49 19 2.49106e-05
49 20 1.67508e-05
49 21 1.10504e-05
49 22 7.15474e-06
49 23 4.54864e-06
49 24 2.84084e-06
49 25 1.74383e-06
49 26 1.05264e-06
49 27 6.25181e-07
49 28 3.6552e-07
49 29 2.1049e-07
49 30 1.19453e-07
49 31 6.68404e-08
49 32 3.68956e-08
49 33 2.0101e-08
49 34 1.08136e-08
49 35 5.74669e-09
49 36 3.01818e-09
49 37 1.56718e-09
49 38 8.04815e-10
49 39 4.08909e-10
49 40 2.05613e-10
49 41 1.02355e-10
49 42 5.04579e-11
49 43 2.46402e-11
49 44 1.19228e-11
49 45 5.71831e-12
49 46 2.71936e-12
49 47 1.28313e-12
49 48 6.02089e-13
49 49 2.83702e-13
49 50 1.402e-13
49 51 8.52319e-14

50 1 0.000337063
50 2 0.000330156
50 3 0.000316759
50 4 0.000297663
50 5 0.000273959
50 6 0.000246939
50 7 0.00021798
50 8 0.000188427
50 9 0.0001595
50 10 0.000132211
50 11 0.000107317
50 12 8.53073e-05
50 13 6.64141e-05
50 14 5.06457e-05
50 15 3.78357e-05
50 16 2.76965e-05
50 17 1.98706e-05
50 18 1.3976e-05
50 19 9.63987e-06
50 20 6.52267e-06
50 21 4.33122e-06
50 22 2.82358e-06
50 23 1.80794e-06
50 24 1.13752e-06
50 25 7.03615e-07
50 26 4.2808e-07
50 27 2.56299e-07
50 28 1.51086e-07
50 29 8.77353e-08
50 30 5.02134e-08
50 31 2.83384e-08
50 32 1.57778e-08
50 33 8.67037e-09
50 34 4.70477e-09
50 35 2.52193e-09
50 36 1.33596e-09
50 37 6.99656e-10
50 38 3.62379e-10
50 39 1.85686e-10
50 40 9.41623e-11
50 41 4.7271e-11
50 42 2.35e-11
50 43 1.15725e-11
50 44 5.64682e-12
50 45 2.73105e-12
50 46 1.30968e-12
50 47 6.23188e-13
50 48 2.94917e-13
50 49 1.402e-13
50 50 6.99527e-14
50 51 4.28964e-14

51 1 0.000154152
51 2 0.000151038
51 3 0.000144996
51 4 0.000136378
51 5 0.000125669
51 6 0.000113447
51 7 0.000100326
51 8 8.6912e-05
51 9 7.37524e-05
51 10 6.1306e-05
51 11 4.99196e-05
51 12 3.98202e-05
51 13 3.11199e-05
51 14 2.38303e-05
51 15 1.78831e-05
51 16 1.31542e-05
51 17 9.48624e-06
51 18 6.70885e-06
51 19 4.65431e-06
51 20 3.16855e-06
51 21 2.11749e-06
51 22 1.38965e-06
51 23 8.95974e-07
51 24 5.6778e-07
51 25 3.538e-07
51 26 2.16886e-07
51 27 1.3086e-07
51 28 7.77492e-08
51 29 4.551e-08
51 30 2.62571e-08
51 31 1.49389e-08
51 32 8.38532e-09
51 33 4.64561e-09
51 34 2.54139e-09
51 35 1.37336e-09
51 36 7.33408e-10
51 37 3.87187e-10
51 38 2.02146e-10
51 39 1.04407e-10
51 40 5.33652e-11
51 41 2.70017e-11
51 42 1.3529e-11
51 43 6.71445e-12
51 44 3.30187e-12
51 45 1.60933e-12
51 46 7.77723e-13
51 47 3.7292e-13
51 48 1.77853e-13
51 49 8.52319e-14
51 50 4.28964e-14
51 51 2.65094e-14

