#x #y #phase
1 1 1
1 2 1
1 3 1
1 4 1
1 5 1
1 6 1
1 7 1
1 8 1
1 9 1
1 10 1
1 11 1
1 12 1
1 13 1
1 14 1
1 15 1
1 16 1
1 17 1
1 18 1
1 19 1
1 20 1
1 21 0.999999
1 22 0.999996
1 23 0.999988
1 24 0.999965
1 25 0.999892
1 26 0.999672
1 27 0.999002
1 28 0.996963
1 29 0.990782
1 30 0.972257
1 31 0.918747
1 32 0.779931
1 33 0.513205
1 34 0.246907
1 35 0.0986061
1 36 0.0363996
1 37 0.0130386
1 38 0.00461468
1 39 0.00162295
1 40 0.000567825
1 41 0.000197553
1 42 6.82989e-05
1 43 2.34549e-05
1 44 8.00196e-06
1 45 2.71384e-06
1 46 9.15885e-07
1 47 3.07959e-07
1 48 1.03316e-07
1 49 3.47161e-08
1 50 1.19934e-08
1 51 5.15557e-09

2 1 1
2 2 1
2 3 1
2 4 1
2 5 1
2 6 1
2 7 1
2 8 1
2 9 1
2 10 1
2 11 1
2 12 1
2 13 1
2 14 1
2 15 1
2 16 1
2 17 1
2 18 1
2 19 1
2 20 1
2 21 0.999999
2 22 0.999996
2 23 0.999988
2 24 0.999963
2 25 0.999888
2 26 0.999659
2 27 0.998964
2 28 0.996853
2 29 0.990459
2 30 0.971326
2 31 0.916204
2 32 0.774076
2 33 0.504926
2 34 0.24136
2 35 0.0961355
2 36 0.0354623
2 37 0.0127034
2 38 0.00449736
2 39 0.00158228
2 40 0.000553806
2 41 0.000192749
2 42 6.66629e-05
2 43 2.29017e-05
2 44 7.81625e-06
2 45 2.65193e-06
2 46 8.95375e-07
2 47 3.01196e-07
2 48 1.01093e-07
2 49 3.39848e-08
2 50 1.17464e-08
2 51 5.05192e-09

3 1 1
3 2 1
3 3 1
3 4 1
3 5 1
3 6 1
3 7 1
3 8 1
3 9 1
3 10 1
3 11 1
3 12 1
3 13 1
3 14 1
3 15 1
3 16 1
3 17 1
3 18 1
3 19 1
3 20 1
3 21 0.999999
3 22 0.999996
3 23 0.999987
3 24 0.99996
3 25 0.999879
3 26 0.999632
3 27 0.998885
3 28 0.99662
3 29 0.989776
3 30 0.969364
3 31 0.910873
3 32 0.761961
3 33 0.488348
3 34 0.230507
3 35 0.091346
3 36 0.0336506
3 37 0.0120558
3 38 0.00427067
3 39 0.00150365
3 40 0.000526691
3 41 0.000183451
3 42 6.34946e-05
3 43 2.18297e-05
3 44 7.4562e-06
3 45 2.53184e-06
3 46 8.55558e-07
3 47 2.88057e-07
3 48 9.67711e-08
3 49 3.25619e-08
3 50 1.12655e-08
3 51 4.84992e-09

4 1 1
4 2 1
4 3 1
4 4 1
4 5 1
4 6 1
4 7 1
4 8 1
4 9 1
4 10 1
4 11 1
4 12 1
4 13 1
4 14 1
4 15 1
4 16 1
4 17 1
4 18 1
4 19 1
4 20 0.999999
4 21 0.999998
4 22 0.999995
4 23 0.999985
4 24 0.999955
4 25 0.999863
4 26 0.999587
4 27 0.998753
4 28 0.996233
4 29 0.988653
4 30 0.966154
4 31 0.90224
4 32 0.742785
4 33 0.463521
4 34 0.214852
4 35 0.0845359
4 36 0.0310863
4 37 0.0111399
4 38 0.00394994
4 39 0.00139231
4 40 0.000488261
4 41 0.00017026
4 42 5.89955e-05
4 43 2.0306e-05
4 44 6.94391e-06
4 45 2.36079e-06
4 46 7.98784e-07
4 47 2.69302e-07
4 48 9.0594e-08
4 49 3.05257e-08
4 50 1.05765e-08
4 51 4.5601e-09

5 1 1
5 2 1
5 3 1
5 4 1
5 5 1
5 6 1
5 7 1
5 8 1
5 9 1
5 10 1
5 11 1
5 12 1
5 13 1
5 14 1
5 15 1
5 16 1
5 17 1
5 18 1
5 19 1
5 20 0.999999
5 21 0.999998
5 22 0.999994
5 23 0.999982
5 24 0.999946
5 25 0.999839
5 26 0.999518
5 27 0.99855
5 28 0.995644
5 29 0.986949
5 30 0.961327
5 31 0.889463
5 32 0.715385
5 33 0.43074
5 34 0.195175
5 35 0.0761341
5 36 0.0279407
5 37 0.0100175
5 38 0.00355668
5 39 0.00125564
5 40 0.000441022
5 41 0.000154023
5 42 5.34504e-05
5 43 1.84255e-05
5 44 6.31081e-06
5 45 2.14909e-06
5 46 7.28416e-07
5 47 2.46018e-07
5 48 8.29129e-08
5 49 2.79895e-08
5 50 9.71669e-09
5 51 4.19776e-09

6 1 1
6 2 1
6 3 1
6 4 1
6 5 1
6 6 1
6 7 1
6 8 1
6 9 1
6 10 1
6 11 1
6 12 1
6 13 1
6 14 1
6 15 1
6 16 1
6 17 1
6 18 1
6 19 1
6 20 0.999999
6 21 0.999997
6 22 0.999992
6 23 0.999978
6 24 0.999934
6 25 0.999803
6 26 0.999413
6 27 0.998248
6 28 0.994771
6 29 0.98444
6 30 0.954301
6 31 0.871289
6 32 0.678386
6 33 0.390751
6 34 0.172525
6 35 0.0666689
6 36 0.0244196
6 37 0.0087624
6 38 0.00311649
6 39 0.00110241
6 40 0.000387974
6 41 0.000135759
6 42 4.72024e-05
6 43 1.63031e-05
6 44 5.59503e-06
6 45 1.90932e-06
6 46 6.4856e-07
6 47 2.19542e-07
6 48 7.416e-08
6 49 2.50931e-08
6 50 8.7325e-09
6 51 3.78202e-09

7 1 1
7 2 1
7 3 1
7 4 1
7 5 1
7 6 1
7 7 1
7 8 1
7 9 1
7 10 1
7 11 1
7 12 1
7 13 1
7 14 1
7 15 1
7 16 1
7 17 1
7 18 1
7 19 1
7 20 0.999999
7 21 0.999997
7 22 0.99999
7 23 0.999971
7 24 0.999915
7 25 0.999749
7 26 0.999257
7 27 0.997799
7 28 0.993481
7 29 0.980768
7 30 0.944176
7 31 0.845943
7 32 0.630516
7 33 0.344935
7 34 0.148163
7 35 0.0567179
7 36 0.0207421
7 37 0.00745243
7 38 0.00265646
7 39 0.000941969
7 40 0.00033231
7 41 0.000116555
7 42 4.06194e-05
7 43 1.40624e-05
7 44 4.83775e-06
7 45 1.65509e-06
7 46 5.63689e-07
7 47 1.91334e-07
7 48 6.48107e-08
7 49 2.19911e-08
7 50 7.67551e-09
7 51 3.33423e-09

8 1 1
8 2 1
8 3 1
8 4 1
8 5 1
8 6 1
8 7 1
8 8 1
8 9 1
8 10 1
8 11 1
8 12 1
8 13 1
8 14 1
8 15 1
8 16 1
8 17 1
8 18 1
8 19 0.999999
8 20 0.999998
8 21 0.999995
8 22 0.999986
8 23 0.999961
8 24 0.999885
8 25 0.999666
8 26 0.999021
8 27 0.997126
8 28 0.991564
8 29 0.975372
8 30 0.929584
8 31 0.811015
8 32 0.571204
8 33 0.295364
8 34 0.123449
8 35 0.0468476
8 36 0.0171166
8 37 0.00616128
8 38 0.00220222
8 39 0.00078317
8 40 0.00027708
8 41 9.74542e-05
8 42 3.4056e-05
8 43 1.18229e-05
8 44 4.07903e-06
8 45 1.3997e-06
8 46 4.78199e-07
8 47 1.62836e-07
8 48 5.5337e-08
8 49 1.88381e-08
8 50 6.59759e-09
8 51 2.876e-09

9 1 1
9 2 1
9 3 1
9 4 1
9 5 1
9 6 1
9 7 1
9 8 1
9 9 1
9 10 1
9 11 1
9 12 1
9 13 1
9 14 1
9 15 1
9 16 1
9 17 1
9 18 1
9 19 0.999999
9 20 0.999998
9 21 0.999993
9 22 0.99998
9 23 0.999944
9 24 0.999839
9 25 0.999536
9 26 0.998658
9 27 0.996101
9 28 0.988677
9 29 0.967363
9 30 0.908484
9 31 0.763481
9 32 0.501329
9 33 0.244657
9 34 0.099683
9 35 0.0375525
9 36 0.0137199
9 37 0.00495105
9 38 0.00177546
9 39 0.000633553
9 40 0.000224891
9 41 7.93536e-05
9 42 2.78191e-05
9 43 9.68893e-06
9 44 3.35395e-06
9 45 1.1549e-06
9 46 3.95985e-07
9 47 1.35338e-07
9 48 4.61636e-08
9 49 1.57741e-08
9 50 5.54612e-09
9 51 2.42728e-09

10 1 1
10 2 1
10 3 1
10 4 1
10 5 1
10 6 1
10 7 1
10 8 1
10 9 1
10 10 1
10 11 1
10 12 1
10 13 1
10 14 1
10 15 1
10 16 1
10 17 1
10 18 1
10 19 0.999998
10 20 0.999996
10 21 0.999989
10 22 0.999971
10 23 0.999917
10 24 0.999765
10 25 0.999331
10 26 0.998086
10 27 0.994508
10 28 0.984255
10 29 0.955332
10 30 0.87793
10 31 0.700199
10 32 0.4238
10 33 0.195627
10 34 0.077956
10 35 0.0292072
10 36 0.0106818
10 37 0.00386723
10 38 0.00139216
10 39 0.000498721
10 40 0.000177701
10 41 6.29334e-05
10 42 2.21431e-05
10 43 7.74061e-06
10 44 2.68975e-06
10 45 9.29861e-07
10 46 3.20131e-07
10 47 1.0987e-07
10 48 3.76334e-08
10 49 1.29134e-08
10 50 4.56022e-09
10 51 2.00468e-09

11 1 1
11 2 1
11 3 1
11 4 1
11 5 1
11 6 1
11 7 1
11 8 1
11 9 1
11 10 1
11 11 1
11 12 1
11 13 1
11 14 1
11 15 1
11 16 0.999999
11 17 1
11 18 0.999999
11 19 0.999998
11 20 0.999993
11 21 0.999983
11 22 0.999954
11 23 0.999872
11 24 0.999643
11 25 0.998996
11 26 0.997167
11 27 0.991979
11 28 0.977348
11 29 0.937033
11 30 0.833889
11 31 0.619383
11 32 0.343449
11 33 0.150811
11 34 0.0590284
11 35 0.0220425
11 36 0.00807917
11 37 0.00293672
11 38 0.00106191
11 39 0.000382096
11 40 0.000136728
11 41 4.86234e-05
11 42 1.71786e-05
11 43 6.03027e-06
11 44 2.10447e-06
11 45 7.30773e-07
11 46 2.52743e-07
11 47 8.71447e-08
11 48 2.99883e-08
11 49 1.0338e-08
11 50 3.66839e-09
11 51 1.62054e-09

12 1 1
12 2 1
12 3 1
12 4 1
12 5 1
12 6 1
12 7 1
12 8 1
12 9 1
12 10 1
12 11 1
12 12 1
12 13 1
12 14 1
12 15 0.999999
12 16 1
12 17 0.999998
12 18 0.999999
12 19 0.999995
12 20 0.99999
12 21 0.999971
12 22 0.999925
12 23 0.999794
12 24 0.999434
12 25 0.998436
12 26 0.995651
12 27 0.987874
12 28 0.966361
12 29 0.908948
12 30 0.771362
12 31 0.522928
12 32 0.266054
12 33 0.112051
12 34 0.0432832
12 35 0.0161461
12 36 0.0059381
12 37 0.00216881
12 38 0.000788201
12 39 0.000285013
12 40 0.000102473
12 41 3.66102e-05
12 42 1.29938e-05
12 43 4.58261e-06
12 44 1.60696e-06
12 45 5.60782e-07
12 46 1.94933e-07
12 47 6.75557e-08
12 48 2.33657e-08
12 49 8.09582e-09
12 50 2.88793e-09
12 51 1.28257e-09

13 1 1
13 2 1
13 3 1
13 4 1
13 5 1
13 6 1
13 7 1
13 8 1
13 9 1
13 10 1
13 11 1
13 12 1
13 13 1
13 14 0.999999
13 15 1
13 16 0.999998
13 17 1
13 18 0.999995
13 19 0.999994
13 20 0.99998
13 21 0.999952
13 22 0.999871
13 23 0.999656
13 24 0.999071
13 25 0.997474
13 26 0.993089
13 27 0.981064
13 28 0.948622
13 29 0.865858
13 30 0.685676
13 31 0.417836
13 32 0.196843
13 33 0.0802751
13 34 0.0307497
13 35 0.0114844
13 36 0.00424301
13 37 0.00155832
13 38 0.000569534
13 39 0.000207067
13 40 7.48386e-05
13 41 2.68739e-05
13 42 9.58674e-06
13 43 3.39853e-06
13 44 1.19808e-06
13 45 4.20377e-07
13 46 1.46937e-07
13 47 5.12051e-08
13 48 1.78081e-08
13 49 6.20405e-09
13 50 2.2257e-09
13 51 9.94144e-10

14 1 1
14 2 1
14 3 1
14 4 1
14 5 1
14 6 1
14 7 1
14 8 1
14 9 1
14 10 1
14 11 1
14 12 1
14 13 0.999999
14 14 1
14 15 0.999998
14 16 1
14 17 0.999995
14 18 0.999997
14 19 0.999984
14 20 0.999968
14 21 0.999911
14 22 0.999774
14 23 0.999404
14 24 0.998421
14 25 0.995779
14 26 0.988654
14 27 0.969545
14 28 0.919731
14 29 0.800875
14 30 0.576309
14 31 0.314625
14 32 0.139236
14 33 0.055514
14 34 0.0211817
14 35 0.00793686
14 36 0.00294905
14 37 0.00108991
14 38 0.000400818
14 39 0.000146595
14 40 5.32859e-05
14 41 1.92415e-05
14 42 6.9024e-06
14 43 2.46083e-06
14 44 8.72568e-07
14 45 3.0798e-07
14 46 1.08295e-07
14 47 3.79651e-08
14 48 1.32816e-08
14 49 4.65422e-09
14 50 1.67986e-09
14 51 7.54934e-10

15 1 1
15 2 1
15 3 1
15 4 1
15 5 1
15 6 1
15 7 1
15 8 1
15 9 1
15 10 1
15 11 1
15 12 0.999999
15 13 1
15 14 0.999998
15 15 1
15 16 0.999995
15 17 0.999999
15 18 0.999985
15 19 0.999977
15 20 0.999931
15 21 0.999839
15 22 0.999583
15 23 0.998934
15 24 0.997224
15 25 0.992717
15 26 0.980812
15 27 0.949779
15 28 0.872817
15 29 0.707036
15 30 0.451671
15 31 0.223327
15 32 0.0943813
15 33 0.0371146
15 34 0.0141614
15 35 0.00533349
15 36 0.00199505
15 37 0.000742475
15 38 0.000274894
15 39 0.000101188
15 40 3.70087e-05
15 41 1.3445e-05
15 42 4.85244e-06
15 43 1.74069e-06
15 44 6.21113e-07
15 45 2.20631e-07
15 46 7.80798e-08
15 47 2.75472e-08
15 48 9.69762e-09
15 49 3.41945e-09
15 50 1.24216e-09
15 51 5.61849e-10

16 1 1
16 2 1
16 3 1
16 4 1
16 5 1
16 6 1
16 7 1
16 8 1
16 9 1
16 10 1
16 11 0.999999
16 12 1
16 13 0.999998
16 14 1
16 15 0.999995
16 16 1
16 17 0.999985
16 18 0.999982
16 19 0.999942
16 20 0.999875
16 21 0.999682
16 22 0.999218
16 23 0.998025
16 24 0.994967
16 25 0.987058
16 26 0.966701
16 27 0.915715
16 28 0.798555
16 29 0.582764
16 30 0.328086
16 31 0.150013
16 32 0.0615004
16 33 0.0240311
16 34 0.00919948
16 35 0.00348792
16 36 0.00131464
16 37 0.000492969
16 38 0.000183843
16 39 6.81402e-05
16 40 2.50877e-05
16 41 9.17399e-06
16 42 3.33278e-06
16 43 1.20354e-06
16 44 4.32362e-07
16 45 1.54635e-07
16 46 5.50983e-08
16 47 1.95704e-08
16 48 6.93519e-09
16 49 2.46143e-09
16 50 9.00221e-10
16 51 4.09962e-10

17 1 1
17 2 1
17 3 1
17 4 1
17 5 1
17 6 1
17 7 1
17 8 1
17 9 1
17 10 1
17 11 1
17 12 0.999998
17 13 1
17 14 0.999995
17 15 0.999999
17 16 0.999985
17 17 0.999984
17 18 0.999946
17 19 0.999893
17 20 0.999734
17 21 0.999377
17 22 0.998475
17 23 0.99624
17 24 0.990608
17 25 0.976405
17 26 0.941075
17 27 0.857779
17 28 0.688189
17 29 0.440098
17 30 0.221497
17 31 0.0959106
17 32 0.0386539
17 33 0.0150972
17 34 0.00581368
17 35 0.00222187
17 36 0.000844473
17 37 0.000319243
17 38 0.000119976
17 39 4.4795e-05
17 40 1.66099e-05
17 41 6.11658e-06
17 42 2.23777e-06
17 43 8.13892e-07
17 44 2.945e-07
17 45 1.06093e-07
17 46 3.80748e-08
17 47 1.36198e-08
17 48 4.85998e-09
17 49 1.73673e-09
17 50 6.39696e-10
17 51 2.93395e-10

18 1 1
18 2 1
18 3 1
18 4 1
18 5 1
18 6 1
18 7 1
18 8 1
18 9 1
18 10 1
18 11 0.999999
18 12 0.999999
18 13 0.999995
18 14 0.999997
18 15 0.999985
18 16 0.999982
18 17 0.999946
18 18 0.999899
18 19 0.999757
18 20 0.999457
18 21 0.998718
18 22 0.996955
18 23 0.992639
18 24 0.982037
18 25 0.956115
18 26 0.894832
18 27 0.763684
18 28 0.542888
18 29 0.302873
18 30 0.14018
18 31 0.0587324
18 32 0.0235105
18 33 0.00921967
18 34 0.00357861
18 35 0.00138005
18 36 0.000529256
18 37 0.000201803
18 38 7.64575e-05
18 39 2.87685e-05
18 40 1.07479e-05
18 41 3.98758e-06
18 42 1.46986e-06
18 43 5.38666e-07
18 44 1.96404e-07
18 45 7.12942e-08
18 46 2.57793e-08
18 47 9.28977e-09
18 48 3.33886e-09
18 49 1.20167e-09
18 50 4.45896e-10
18 51 2.06024e-10

19 1 1
19 2 1
19 3 1
19 4 1
19 5 1
19 6 1
19 7 1
19 8 0.999999
19 9 0.999999
19 10 0.999998
19 11 0.999998
19 12 0.999995
19 13 0.999994
19 14 0.999984
19 15 0.999977
19 16 0.999942
19 17 0.999893
19 18 0.999757
19 19 0.999481
19 20 0.998825
19 21 0.99732
19 22 0.993752
19 23 0.985253
19 24 0.964969
19 25 0.917564
19 26 0.81425
19 27 0.625599
19 28 0.38441
19 29 0.191555
19 30 0.0840467
19 31 0.0346498
19 32 0.0138801
19 33 0.00548285
19 34 0.00214834
19 35 0.000836649
19 36 0.000323918
19 37 0.000124621
19 38 4.76175e-05
19 39 1.80631e-05
19 40 6.80223e-06
19 41 2.54372e-06
19 42 9.45126e-07
19 43 3.49144e-07
19 44 1.28325e-07
19 45 4.69529e-08
19 46 1.71109e-08
19 47 6.21335e-09
19 48 2.24988e-09
19 49 8.15727e-10
19 50 3.05012e-10
19 51 1.42009e-10

20 1 1
20 2 1
20 3 1
20 4 0.999999
20 5 0.999999
20 6 0.999999
20 7 0.999999
20 8 0.999998
20 9 0.999998
20 10 0.999996
20 11 0.999993
20 12 0.99999
20 13 0.99998
20 14 0.999968
20 15 0.999931
20 16 0.999875
20 17 0.999734
20 18 0.999457
20 19 0.998825
20 20 0.997432
20 21 0.994246
20 22 0.986912
20 23 0.969914
20 24 0.931014
20 25 0.846406
20 26 0.685615
20 27 0.456399
20 28 0.244831
20 29 0.113047
20 30 0.0482137
20 31 0.0197932
20 32 0.00797542
20 33 0.00318057
20 34 0.0012594
20 35 0.000495581
20 36 0.000193773
20 37 7.52459e-05
20 38 2.90055e-05
20 39 1.10967e-05
20 40 4.21383e-06
20 41 1.58895e-06
20 42 5.95332e-07
20 43 2.21774e-07
20 44 8.21929e-08
20 45 3.03223e-08
20 46 1.11398e-08
20 47 4.07713e-09
20 48 1.48773e-09
20 49 5.43511e-10
20 50 2.04838e-10
20 51 9.61228e-11

21 1 0.999999
21 2 0.999999
21 3 0.999999
21 4 0.999998
21 5 0.999998
21 6 0.999997
21 7 0.999997
21 8 0.999995
21 9 0.999993
21 10 0.999989
21 11 0.999983
21 12 0.999971
21 13 0.999952
21 14 0.999911
21 15 0.999839
21 16 0.999682
21 17 0.999377
21 18 0.998718
21 19 0.99732
21 20 0.994246
21 21 0.987424
21 22 0.972133
21 23 0.9381
21 24 0.865229
21 25 0.725114
21 26 0.512448
21 27 0.293684
21 28 0.142848
21 29 0.0632235
21 30 0.0266797
21 31 0.0109928
21 32 0.00447052
21 33 0.00180259
21 34 0.000721819
21 35 0.000287116
21 36 0.000113407
21 37 4.44603e-05
21 38 1.72949e-05
21 39 6.67525e-06
21 40 2.55706e-06
21 41 9.72652e-07
21 42 3.67615e-07
21 43 1.38141e-07
21 44 5.16406e-08
21 45 1.92134e-08
21 46 7.11743e-09
21 47 2.6261e-09
21 48 9.65844e-10
21 49 3.55612e-10
21 50 1.35115e-10
21 51 6.39187e-11

22 1 0.999996
22 2 0.999996
22 3 0.999996
22 4 0.999995
22 5 0.999994
22 6 0.999992
22 7 0.99999
22 8 0.999986
22 9 0.99998
22 10 0.999971
22 11 0.999954
22 12 0.999925
22 13 0.999871
22 14 0.999774
22 15 0.999583
22 16 0.999218
22 17 0.998475
22 18 0.996955
22 19 0.993752
22 20 0.986912
22 21 0.972133
22 22 0.940311
22 23 0.873897
22 24 0.747275
22 25 0.549952
22 26 0.332422
22 27 0.169748
22 28 0.0780507
22 29 0.0339346
22 30 0.0143312
22 31 0.00595558
22 32 0.00244958
22 33 0.000999577
22 34 0.000404951
22 35 0.000162858
22 36 6.49934e-05
22 37 2.57296e-05
22 38 1.01029e-05
22 39 3.9352e-06
22 40 1.52118e-06
22 41 5.83893e-07
22 42 2.22688e-07
22 43 8.44358e-08
22 44 3.18453e-08
22 45 1.19517e-08
22 46 4.46516e-09
22 47 1.66117e-09
22 48 6.15903e-10
22 49 2.28585e-10
22 50 8.7577e-11
22 51 4.17735e-11

23 1 0.999988
23 2 0.999988
23 3 0.999987
23 4 0.999985
23 5 0.999982
23 6 0.999978
23 7 0.999971
23 8 0.999961
23 9 0.999944
23 10 0.999917
23 11 0.999872
23 12 0.999794
23 13 0.999656
23 14 0.999404
23 15 0.998934
23 16 0.998025
23 17 0.99624
23 18 0.992639
23 19 0.985253
23 20 0.969914
23 21 0.9381
23 22 0.873897
23 23 0.754393
23 24 0.568569
23 25 0.357074
23 26 0.190079
23 27 0.0906891
23 28 0.0406773
23 29 0.0176436
23 30 0.00750778
23 31 0.00315581
23 32 0.00131437
23 33 0.000543048
23 34 0.000222617
23 35 9.05278e-05
23 36 3.65064e-05
23 37 1.45962e-05
23 38 5.78652e-06
23 39 2.27533e-06
23 40 8.87843e-07
23 41 3.43999e-07
23 42 1.32424e-07
23 43 5.06756e-08
23 44 1.92864e-08
23 45 7.30278e-09
23 46 2.752e-09
23 47 1.03248e-09
23 48 3.85966e-10
23 49 1.44417e-10
23 50 5.58028e-11
23 51 2.68427e-11

24 1 0.999965
24 2 0.999963
24 3 0.99996
24 4 0.999955
24 5 0.999946
24 6 0.999934
24 7 0.999915
24 8 0.999885
24 9 0.999839
24 10 0.999765
24 11 0.999643
24 12 0.999434
24 13 0.999071
24 14 0.998421
24 15 0.997224
24 16 0.994967
24 17 0.990608
24 18 0.982037
24 19 0.964969
24 20 0.931014
24 21 0.865229
24 22 0.747275
24 23 0.568569
24 24 0.365507
24 25 0.201003
24 26 0.0992057
24 27 0.0459159
24 28 0.0204866
24 29 0.00894374
24 30 0.0038492
24 31 0.00163907
24 32 0.000691656
24 33 0.000289383
24 34 0.000120042
24 35 4.93598e-05
24 36 2.01146e-05
24 37 8.12368e-06
24 38 3.25237e-06
24 39 1.29136e-06
24 40 5.08792e-07
24 41 1.9904e-07
24 42 7.73556e-08
24 43 2.98818e-08
24 44 1.14779e-08
24 45 4.3854e-09
24 46 1.66717e-09
24 47 6.30853e-10
24 48 2.37805e-10
24 49 8.972e-11
24 50 3.49697e-11
24 51 1.69661e-11

25 1 0.999892
25 2 0.999888
25 3 0.999879
25 4 0.999863
25 5 0.999839
25 6 0.999803
25 7 0.999749
25 8 0.999666
25 9 0.999536
25 10 0.999331
25 11 0.998996
25 12 0.998436
25 13 0.997474
25 14 0.995779
25 15 0.992717
25 16 0.987058
25 17 0.976405
25 18 0.956115
25 19 0.917564
25 20 0.846406
25 21 0.725114
25 22 0.549952
25 23 0.357074
25 24 0.201003
25 25 0.102212
25 26 0.0487869
25 27 0.0224156
25 28 0.010057
25 29 0.00443987
25 30 0.00193631
25 31 0.000835834
25 32 0.000357402
25 33 0.000151416
25 34 6.3551e-05
25 35 2.64213e-05
25 36 1.08809e-05
25 37 4.43953e-06
25 38 1.79533e-06
25 39 7.19976e-07
25 40 2.86493e-07
25 41 1.13184e-07
25 42 4.44172e-08
25 43 1.73224e-08
25 44 6.71613e-09
25 45 2.58955e-09
25 46 9.93242e-10
25 47 3.79108e-10
25 48 1.44122e-10
25 49 5.48344e-11
25 50 2.15617e-11
25 51 1.05524e-11

26 1 0.999672
26 2 0.999659
26 3 0.999632
26 4 0.999587
26 5 0.999518
26 6 0.999413
26 7 0.999257
26 8 0.999021
26 9 0.998658
26 10 0.998086
26 11 0.997167
26 12 0.995651
26 13 0.993089
26 14 0.988654
26 15 0.980812
26 16 0.966701
26 17 0.941075
26 18 0.894832
26 19 0.81425
26 20 0.685615
26 21 0.512448
26 22 0.332422
26 23 0.190079
26 24 0.0992057
26 25 0.0487869
26 26 0.0230995
26 27 0.0106666
26 28 0.0048387
26 29 0.00216501
26 30 0.000957525
26 31 0.000419046
26 32 0.000181541
26 33 7.78609e-05
26 34 3.30586e-05
26 35 1.38956e-05
26 36 5.78333e-06
26 37 2.38421e-06
26 38 9.74085e-07
26 39 3.94627e-07
26 40 1.58623e-07
26 41 6.32956e-08
26 42 2.50848e-08
26 43 9.87766e-09
26 44 3.86597e-09
26 45 1.50439e-09
26 46 5.82219e-10
26 47 2.24179e-10
26 48 8.59569e-11
26 49 3.29839e-11
26 50 1.30863e-11
26 51 6.46108e-12

27 1 0.999002
27 2 0.998964
27 3 0.998885
27 4 0.998753
27 5 0.99855
27 6 0.998248
27 7 0.997799
27 8 0.997126
27 9 0.996101
27 10 0.994508
27 11 0.991979
27 12 0.987874
27 13 0.981064
27 14 0.969545
27 15 0.949779
27 16 0.915715
27 17 0.857779
27 18 0.763684
27 19 0.625599
27 20 0.456399
27 21 0.293684
27 22 0.169748
27 23 0.0906891
27 24 0.0459159
27 25 0.0224156
27 26 0.0106666
27 27 0.00497977
27 28 0.00228967
27 29 0.00103918
27 30 0.000466123
27 31 0.000206762
27 32 9.07216e-05
27 33 3.93784e-05
27 34 1.69104e-05
27 35 7.18594e-06
27 36 3.02275e-06
27 37 1.25928e-06
27 38 5.19865e-07
27 39 2.12798e-07
27 40 8.64155e-08
27 41 3.48322e-08
27 42 1.39419e-08
27 43 5.5435e-09
27 44 2.19033e-09
27 45 8.60268e-10
27 46 3.35959e-10
27 47 1.30504e-10
27 48 5.04737e-11
27 49 1.95356e-11
27 50 7.82124e-12
27 51 3.89604e-12

28 1 0.996963
28 2 0.996853
28 3 0.99662
28 4 0.996233
28 5 0.995644
28 6 0.994771
28 7 0.993481
28 8 0.991564
28 9 0.988677
28 10 0.984255
28 11 0.977348
28 12 0.966361
28 13 0.948622
28 14 0.919731
28 15 0.872817
28 16 0.798555
28 17 0.688189
28 18 0.542888
28 19 0.38441
28 20 0.244831
28 21 0.142848
28 22 0.0780507
28 23 0.0406773
28 24 0.0204866
28 25 0.010057
28 26 0.0048387
28 27 0.00228967
28 28 0.00106797
28 29 0.000491668
28 30 0.000223592
28 31 0.000100483
28 32 4.46352e-05
28 33 1.96017e-05
28 34 8.51236e-06
28 35 3.65683e-06
28 36 1.55479e-06
28 37 6.54635e-07
28 38 2.73114e-07
28 39 1.12969e-07
28 40 4.63515e-08
28 41 1.8874e-08
28 42 7.63015e-09
28 43 3.06358e-09
28 44 1.22206e-09
28 45 4.84463e-10
28 46 1.90924e-10
28 47 7.48267e-11
28 48 2.91929e-11
28 49 1.13976e-11
28 50 4.6051e-12
28 51 2.31461e-12

29 1 0.990782
29 2 0.990459
29 3 0.989776
29 4 0.988653
29 5 0.986949
29 6 0.98444
29 7 0.980768
29 8 0.975372
29 9 0.967363
29 10 0.955332
29 11 0.937033
29 12 0.908948
29 13 0.865858
29 14 0.800875
29 15 0.707036
29 16 0.582764
29 17 0.440098
29 18 0.302873
29 19 0.191555
29 20 0.113047
29 21 0.0632235
29 22 0.0339346
29 23 0.0176436
29 24 0.00894374
29 25 0.00443987
29 26 0.00216501
29 27 0.00103918
29 28 0.000491668
29 29 0.000229509
29 30 0.000105759
29 31 4.81272e-05
29 32 2.16343e-05
29 33 9.60984e-06
29 34 4.21973e-06
29 35 1.8326e-06
29 36 7.87624e-07
29 37 3.35195e-07
29 38 1.41338e-07
29 39 5.90797e-08
29 40 2.44932e-08
29 41 1.00756e-08
29 42 4.11409e-09
29 43 1.66806e-09
29 44 6.71778e-10
29 45 2.68812e-10
29 46 1.06908e-10
29 47 4.22749e-11
29 48 1.66383e-11
29 49 6.55314e-12
29 50 2.67229e-12
29 51 1.35531e-12

30 1 0.972257
30 2 0.971326
30 3 0.969364
30 4 0.966154
30 5 0.961327
30 6 0.954301
30 7 0.944176
30 8 0.929584
30 9 0.908484
30 10 0.87793
30 11 0.833889
30 12 0.771362
30 13 0.685676
30 14 0.576309
30 15 0.451671
30 16 0.328086
30 17 0.221497
30 18 0.14018
30 19 0.0840467
30 20 0.0482137
30 21 0.0266797
30 22 0.0143312
30 23 0.00750778
30 24 0.0038492
30 25 0.00193631
30 26 0.000957525
30 27 0.000466123
30 28 0.000223592
30 29 0.000105759
30 30 4.93521e-05
30 31 2.27298e-05
30 32 1.03363e-05
30 33 4.64313e-06
30 34 2.06143e-06
30 35 9.05096e-07
30 36 3.93239e-07
30 37 1.69167e-07
30 38 7.20964e-08
30 39 3.04559e-08
30 40 1.2758e-08
30 41 5.30187e-09
30 42 2.18659e-09
30 43 8.95261e-10
30 44 3.64012e-10
30 45 1.47028e-10
30 46 5.90115e-11
30 47 2.35449e-11
30 48 9.34853e-12
30 49 3.71459e-12
30 50 1.52893e-12
30 51 7.82482e-13

31 1 0.918747
31 2 0.916204
31 3 0.910873
31 4 0.90224
31 5 0.889463
31 6 0.871289
31 7 0.845943
31 8 0.811015
31 9 0.763481
31 10 0.700199
31 11 0.619383
31 12 0.522928
31 13 0.417836
31 14 0.314625
31 15 0.223327
31 16 0.150013
31 17 0.0959106
31 18 0.0587324
31 19 0.0346498
31 20 0.0197932
31 21 0.0109928
31 22 0.00595558
31 23 0.00315581
31 24 0.00163907
31 25 0.000835834
31 26 0.000419046
31 27 0.000206762
31 28 0.000100483
31 29 4.81272e-05
31 30 2.27298e-05
31 31 1.05906e-05
31 32 4.87076e-06
31 33 2.21243e-06
31 34 9.9314e-07
31 35 4.40852e-07
31 36 1.93635e-07
31 37 8.42043e-08
31 38 3.6272e-08
31 39 1.54847e-08
31 40 6.55406e-09
31 41 2.75149e-09
31 42 1.14612e-09
31 43 4.73861e-10
31 44 1.94521e-10
31 45 7.93075e-11
31 46 3.21239e-11
31 47 1.29325e-11
31 48 5.1804e-12
31 49 2.0767e-12
31 50 8.62813e-13
31 51 4.45605e-13

32 1 0.779931
32 2 0.774076
32 3 0.761961
32 4 0.742785
32 5 0.715385
32 6 0.678386
32 7 0.630516
32 8 0.571204
32 9 0.501329
32 10 0.4238
32 11 0.343449
32 12 0.266054
32 13 0.196843
32 14 0.139236
32 15 0.0943813
32 16 0.0615004
32 17 0.0386539
32 18 0.0235105
32 19 0.0138801
32 20 0.00797542
32 21 0.00447052
32 22 0.00244958
32 23 0.00131437
32 24 0.000691656
32 25 0.000357402
32 26 0.000181541
32 27 9.07216e-05
32 28 4.46352e-05
32 29 2.16343e-05
32 30 1.03363e-05
32 31 4.87076e-06
32 32 2.26522e-06
32 33 1.04037e-06
32 34 4.72184e-07
32 35 2.11912e-07
32 36 9.40976e-08
32 37 4.13633e-08
32 38 1.80085e-08
32 39 7.76895e-09
32 40 3.32236e-09
32 41 1.40896e-09
32 42 5.92751e-10
32 43 2.47468e-10
32 44 1.0256e-10
32 45 4.22068e-11
32 46 1.72533e-11
32 47 7.00851e-12
32 48 2.83234e-12
32 49 1.14555e-12
32 50 4.80442e-13
32 51 2.50395e-13

33 1 0.513205
33 2 0.504926
33 3 0.488348
33 4 0.463521
33 5 0.43074
33 6 0.390751
33 7 0.344935
33 8 0.295364
33 9 0.244657
33 10 0.195627
33 11 0.150811
33 12 0.112051
33 13 0.0802751
33 14 0.055514
33 15 0.0371146
33 16 0.0240311
33 17 0.0150972
33 18 0.00921967
33 19 0.00548285
33 20 0.00318057
33 21 0.00180259
33 22 0.000999577
33 23 0.000543048
33 24 0.000289383
33 25 0.000151416
33 26 7.78609e-05
33 27 3.93784e-05
33 28 1.96017e-05
33 29 9.60984e-06
33 30 4.64313e-06
33 31 2.21243e-06
33 32 1.04037e-06
33 33 4.83123e-07
33 34 2.21697e-07
33 35 1.00591e-07
33 36 4.51543e-08
33 37 2.00631e-08
33 38 8.82797e-09
33 39 3.84833e-09
33 40 1.66267e-09
33 41 7.12242e-10
33 42 3.02616e-10
33 43 1.2757e-10
33 44 5.33747e-11
33 45 2.21713e-11
33 46 9.14641e-12
33 47 3.74888e-12
33 48 1.52849e-12
33 49 6.23731e-13
33 50 2.64073e-13
33 51 1.38887e-13

34 1 0.246907
34 2 0.24136
34 3 0.230507
34 4 0.214852
34 5 0.195175
34 6 0.172525
34 7 0.148163
34 8 0.123449
34 9 0.099683
34 10 0.077956
34 11 0.0590284
34 12 0.0432832
34 13 0.0307497
34 14 0.0211817
34 15 0.0141614
34 16 0.00919948
34 17 0.00581368
34 18 0.00357861
34 19 0.00214834
34 20 0.0012594
34 21 0.000721819
34 22 0.000404951
34 23 0.000222617
34 24 0.000120042
34 25 6.3551e-05
34 26 3.30586e-05
34 27 1.69104e-05
34 28 8.51236e-06
34 29 4.21973e-06
34 30 2.06143e-06
34 31 9.9314e-07
34 32 4.72184e-07
34 33 2.21697e-07
34 34 1.02855e-07
34 35 4.71801e-08
34 36 2.14084e-08
34 37 9.61418e-09
34 38 4.27501e-09
34 39 1.88295e-09
34 40 8.21846e-10
34 41 3.55594e-10
34 42 1.52575e-10
34 43 6.49425e-11
34 44 2.74302e-11
34 45 1.15006e-11
34 46 4.78787e-12
34 47 1.98009e-12
34 48 8.14492e-13
34 49 3.35344e-13
34 50 1.43326e-13
34 51 7.60698e-14

35 1 0.0986061
35 2 0.0961355
35 3 0.091346
35 4 0.0845359
35 5 0.0761341
35 6 0.0666689
35 7 0.0567179
35 8 0.0468476
35 9 0.0375525
35 10 0.0292072
35 11 0.0220425
35 12 0.0161461
35 13 0.0114844
35 14 0.00793686
35 15 0.00533349
35 16 0.00348792
35 17 0.00222187
35 18 0.00138005
35 19 0.000836649
35 20 0.000495581
35 21 0.000287116
35 22 0.000162858
35 23 9.05278e-05
35 24 4.93598e-05
35 25 2.64213e-05
35 26 1.38956e-05
35 27 7.18594e-06
35 28 3.65683e-06
35 29 1.8326e-06
35 30 9.05096e-07
35 31 4.40852e-07
35 32 2.11912e-07
35 33 1.00591e-07
35 34 4.71801e-08
35 35 2.18768e-08
35 36 1.00335e-08
35 37 4.55371e-09
35 38 2.04602e-09
35 39 9.10465e-10
35 40 4.01417e-10
35 41 1.75416e-10
35 42 7.60039e-11
35 43 3.26622e-11
35 44 1.39263e-11
35 45 5.89315e-12
35 46 2.47581e-12
35 47 1.0331e-12
35 48 4.28725e-13
35 49 1.78095e-13
35 50 7.68425e-14
35 51 4.11553e-14

36 1 0.0363996
36 2 0.0354623
36 3 0.0336506
36 4 0.0310863
36 5 0.0279407
36 6 0.0244196
36 7 0.0207421
36 8 0.0171166
36 9 0.0137199
36 10 0.0106818
36 11 0.00807917
36 12 0.0059381
36 13 0.00424301
36 14 0.00294905
36 15 0.00199505
36 16 0.00131464
36 17 0.000844473
36 18 0.000529256
36 19 0.000323918
36 20 0.000193773
36 21 0.000113407
36 22 6.49934e-05
36 23 3.65064e-05
36 24 2.01146e-05
36 25 1.08809e-05
36 26 5.78333e-06
36 27 3.02275e-06
36 28 1.55479e-06
36 29 7.87624e-07
36 30 3.93239e-07
36 31 1.93635e-07
36 32 9.40976e-08
36 33 4.51543e-08
36 34 2.14084e-08
36 35 1.00335e-08
36 36 4.65065e-09
36 37 2.13285e-09
36 38 9.68221e-10
36 39 4.35246e-10
36 40 1.93824e-10
36 41 8.55372e-11
36 42 3.74221e-11
36 43 1.62358e-11
36 44 6.98769e-12
36 45 2.98431e-12
36 46 1.26516e-12
36 47 5.32642e-13
36 48 2.22997e-13
36 49 9.34624e-14
36 50 4.07098e-14
36 51 2.20011e-14

37 1 0.0130386
37 2 0.0127034
37 3 0.0120558
37 4 0.0111399
37 5 0.0100175
37 6 0.0087624
37 7 0.00745243
37 8 0.00616128
37 9 0.00495105
37 10 0.00386723
37 11 0.00293672
37 12 0.00216881
37 13 0.00155832
37 14 0.00108991
37 15 0.000742475
37 16 0.000492969
37 17 0.000319243
37 18 0.000201803
37 19 0.000124621
37 20 7.52459e-05
37 21 4.44603e-05
37 22 2.57296e-05
37 23 1.45962e-05
37 24 8.12368e-06
37 25 4.43953e-06
37 26 2.38421e-06
37 27 1.25928e-06
37 28 6.54635e-07
37 29 3.35195e-07
37 30 1.69167e-07
37 31 8.42043e-08
37 32 4.13633e-08
37 33 2.00631e-08
37 34 9.61418e-09
37 35 4.55371e-09
37 36 2.13285e-09
37 37 9.88287e-10
37 38 4.5323e-10
37 39 2.05797e-10
37 40 9.25572e-11
37 41 4.12469e-11
37 42 1.82194e-11
37 43 7.9797e-12
37 44 3.46647e-12
37 45 1.49407e-12
37 46 6.39123e-13
37 47 2.71473e-13
37 48 1.14657e-13
37 49 4.84837e-14
37 50 2.13187e-14
37 51 1.16252e-14

38 1 0.00461468
38 2 0.00449736
38 3 0.00427067
38 4 0.00394994
38 5 0.00355668
38 6 0.00311649
38 7 0.00265646
38 8 0.00220222
38 9 0.00177546
38 10 0.00139216
38 11 0.00106191
38 12 0.000788201
38 13 0.000569534
38 14 0.000400818
38 15 0.000274894
38 16 0.000183843
38 17 0.000119976
38 18 7.64575e-05
38 19 4.76175e-05
38 20 2.90055e-05
38 21 1.72949e-05
38 22 1.01029e-05
38 23 5.78652e-06
38 24 3.25237e-06
38 25 1.79533e-06
38 26 9.74085e-07
38 27 5.19865e-07
38 28 2.73114e-07
38 29 1.41338e-07
38 30 7.20964e-08
38 31 3.6272e-08
38 32 1.80085e-08
38 33 8.82797e-09
38 34 4.27501e-09
38 35 2.04602e-09
38 36 9.68221e-10
38 37 4.5323e-10
38 38 2.09952e-10
38 39 9.62832e-11
38 40 4.37294e-11
38 41 1.96765e-11
38 42 8.77455e-12
38 43 3.87926e-12
38 44 1.70083e-12
38 45 7.39766e-13
38 46 3.19296e-13
38 47 1.36825e-13
38 48 5.82956e-14
38 49 2.48697e-14
38 50 1.10388e-14
38 51 6.07319e-15

39 1 0.00162295
39 2 0.00158228
39 3 0.00150365
39 4 0.00139231
39 5 0.00125564
39 6 0.00110241
39 7 0.000941969
39 8 0.00078317
39 9 0.000633553
39 10 0.000498721
39 11 0.000382096
39 12 0.000285013
39 13 0.000207067
39 14 0.000146595
39 15 0.000101188
39 16 6.81402e-05
39 17 4.4795e-05
39 18 2.87685e-05
39 19 1.80631e-05
39 20 1.10967e-05
39 21 6.67525e-06
39 22 3.9352e-06
39 23 2.27533e-06
39 24 1.29136e-06
39 25 7.19976e-07
39 26 3.94627e-07
39 27 2.12798e-07
39 28 1.12969e-07
39 29 5.90797e-08
39 30 3.04559e-08
39 31 1.54847e-08
39 32 7.76895e-09
39 33 3.84833e-09
39 34 1.88295e-09
39 35 9.10465e-10
39 36 4.35246e-10
39 37 2.05797e-10
39 38 9.62832e-11
39 39 4.45902e-11
39 40 2.04488e-11
39 41 9.28948e-12
39 42 4.18178e-12
39 43 1.86604e-12
39 44 8.25678e-13
39 45 3.6238e-13
39 46 1.57806e-13
39 47 6.82186e-14
39 48 2.93186e-14
39 49 1.26181e-14
39 50 5.65319e-15
39 51 3.13751e-15

40 1 0.000567825
40 2 0.000553806
40 3 0.000526691
40 4 0.000488261
40 5 0.000441022
40 6 0.000387974
40 7 0.00033231
40 8 0.00027708
40 9 0.000224891
40 10 0.000177701
40 11 0.000136728
40 12 0.000102473
40 13 7.48386e-05
40 14 5.32859e-05
40 15 3.70087e-05
40 16 2.50877e-05
40 17 1.66099e-05
40 18 1.07479e-05
40 19 6.80223e-06
40 20 4.21383e-06
40 21 2.55706e-06
40 22 1.52118e-06
40 23 8.87843e-07
40 24 5.08792e-07
40 25 2.86493e-07
40 26 1.58623e-07
40 27 8.64155e-08
40 28 4.63515e-08
40 29 2.44932e-08
40 30 1.2758e-08
40 31 6.55406e-09
40 32 3.32236e-09
40 33 1.66267e-09
40 34 8.21846e-10
40 35 4.01417e-10
40 36 1.93824e-10
40 37 9.25572e-11
40 38 4.37294e-11
40 39 2.04488e-11
40 40 9.46783e-12
40 41 4.34189e-12
40 42 1.97288e-12
40 43 8.88502e-13
40 44 3.96726e-13
40 45 1.75683e-13
40 46 7.71829e-14
40 47 3.3657e-14
40 48 1.459e-14
40 49 6.33408e-15
40 50 2.86398e-15
40 51 1.60311e-15

41 1 0.000197553
41 2 0.000192749
41 3 0.000183451
41 4 0.00017026
41 5 0.000154023
41 6 0.000135759
41 7 0.000116555
41 8 9.74542e-05
41 9 7.93536e-05
41 10 6.29334e-05
41 11 4.86234e-05
41 12 3.66102e-05
41 13 2.68739e-05
41 14 1.92415e-05
41 15 1.3445e-05
41 16 9.17399e-06
41 17 6.11658e-06
41 18 3.98758e-06
41 19 2.54372e-06
41 20 1.58895e-06
41 21 9.72652e-07
41 22 5.83893e-07
41 23 3.43999e-07
41 24 1.9904e-07
41 25 1.13184e-07
41 26 6.32956e-08
41 27 3.48322e-08
41 28 1.8874e-08
41 29 1.00756e-08
41 30 5.30187e-09
41 31 2.75149e-09
41 32 1.40896e-09
41 33 7.12242e-10
41 34 3.55594e-10
41 35 1.75416e-10
41 36 8.55372e-11
41 37 4.12469e-11
41 38 1.96765e-11
41 39 9.28948e-12
41 40 4.34189e-12
41 41 2.00985e-12
41 42 9.21706e-13
41 43 4.18898e-13
41 44 1.88732e-13
41 45 8.43211e-14
41 46 3.73699e-14
41 47 1.64367e-14
41 48 7.18602e-15
41 49 3.14652e-15
41 50 1.43549e-15
41 51 8.10114e-16

42 1 6.82989e-05
42 2 6.66629e-05
42 3 6.34946e-05
42 4 5.89955e-05
42 5 5.34504e-05
42 6 4.72024e-05
42 7 4.06194e-05
42 8 3.4056e-05
42 9 2.78191e-05
42 10 2.21431e-05
42 11 1.71786e-05
42 12 1.29938e-05
42 13 9.58674e-06
42 14 6.9024e-06
42 15 4.85244e-06
42 16 3.33278e-06
42 17 2.23777e-06
42 18 1.46986e-06
42 19 9.45126e-07
42 20 5.95332e-07
42 21 3.67615e-07
42 22 2.22688e-07
42 23 1.32424e-07
42 24 7.73556e-08
42 25 4.44172e-08
42 26 2.50848e-08
42 27 1.39419e-08
42 28 7.63015e-09
42 29 4.11409e-09
42 30 2.18659e-09
42 31 1.14612e-09
42 32 5.92751e-10
42 33 3.02616e-10
42 34 1.52575e-10
42 35 7.60039e-11
42 36 3.74221e-11
42 37 1.82194e-11
42 38 8.77455e-12
42 39 4.18178e-12
42 40 1.97288e-12
42 41 9.21706e-13
42 42 4.26564e-13
42 43 1.9562e-13
42 44 8.89231e-14
42 45 4.0079e-14
42 46 1.79165e-14
42 47 7.94758e-15
42 48 3.50377e-15
42 49 1.547e-15
42 50 7.11822e-16
42 51 4.04795e-16

43 1 2.34549e-05
43 2 2.29017e-05
43 3 2.18297e-05
43 4 2.0306e-05
43 5 1.84255e-05
43 6 1.63031e-05
43 7 1.40624e-05
43 8 1.18229e-05
43 9 9.68893e-06
43 10 7.74061e-06
43 11 6.03027e-06
43 12 4.58261e-06
43 13 3.39853e-06
43 14 2.46083e-06
43 15 1.74069e-06
43 16 1.20354e-06
43 17 8.13892e-07
43 18 5.38666e-07
43 19 3.49144e-07
43 20 2.21774e-07
43 21 1.38141e-07
43 22 8.44358e-08
43 23 5.06756e-08
43 24 2.98818e-08
43 25 1.73224e-08
43 26 9.87766e-09
43 27 5.5435e-09
43 28 3.06358e-09
43 29 1.66806e-09
43 30 8.95261e-10
43 31 4.73861e-10
43 32 2.47468e-10
43 33 1.2757e-10
43 34 6.49425e-11
43 35 3.26622e-11
43 36 1.62358e-11
43 37 7.9797e-12
43 38 3.87926e-12
43 39 1.86604e-12
43 40 8.88502e-13
43 41 4.18898e-13
43 42 1.9562e-13
43 43 9.0513e-14
43 44 4.15079e-14
43 45 1.8871e-14
43 46 8.50806e-15
43 47 3.80565e-15
43 48 1.69143e-15
43 49 7.52758e-16
43 50 3.49116e-16
43 51 1.99891e-16

44 1 8.00196e-06
44 2 7.81625e-06
44 3 7.4562e-06
44 4 6.94391e-06
44 5 6.31081e-06
44 6 5.59503e-06
44 7 4.83775e-06
44 8 4.07903e-06
44 9 3.35395e-06
44 10 2.68975e-06
44 11 2.10447e-06
44 12 1.60696e-06
44 13 1.19808e-06
44 14 8.72568e-07
44 15 6.21113e-07
44 16 4.32362e-07
44 17 2.945e-07
44 18 1.96404e-07
44 19 1.28325e-07
44 20 8.21929e-08
44 21 5.16406e-08
44 22 3.18453e-08
44 23 1.92864e-08
44 24 1.14779e-08
44 25 6.71613e-09
44 26 3.86597e-09
44 27 2.19033e-09
44 28 1.22206e-09
44 29 6.71778e-10
44 30 3.64012e-10
44 31 1.94521e-10
44 32 1.0256e-10
44 33 5.33747e-11
44 34 2.74302e-11
44 35 1.39263e-11
44 36 6.98769e-12
44 37 3.46647e-12
44 38 1.70083e-12
44 39 8.25678e-13
44 40 3.96726e-13
44 41 1.88732e-13
44 42 8.89231e-14
44 43 4.15079e-14
44 44 1.92007e-14
44 45 8.80412e-15
44 46 4.00261e-15
44 47 1.8049e-15
44 48 8.08433e-16
44 49 3.62436e-16
44 50 1.69259e-16
44 51 9.74541e-17

45 1 2.71384e-06
45 2 2.65193e-06
45 3 2.53184e-06
45 4 2.36079e-06
45 5 2.14909e-06
45 6 1.90932e-06
45 7 1.65509e-06
45 8 1.3997e-06
45 9 1.1549e-06
45 10 9.29861e-07
45 11 7.30773e-07
45 12 5.60782e-07
45 13 4.20377e-07
45 14 3.0798e-07
45 15 2.20631e-07
45 16 1.54635e-07
45 17 1.06093e-07
45 18 7.12942e-08
45 19 4.69529e-08
45 20 3.03223e-08
45 21 1.92134e-08
45 22 1.19517e-08
45 23 7.30278e-09
45 24 4.3854e-09
45 25 2.58955e-09
45 26 1.50439e-09
45 27 8.60268e-10
45 28 4.84463e-10
45 29 2.68812e-10
45 30 1.47028e-10
45 31 7.93075e-11
45 32 4.22068e-11
45 33 2.21713e-11
45 34 1.15006e-11
45 35 5.89315e-12
45 36 2.98431e-12
45 37 1.49407e-12
45 38 7.39766e-13
45 39 3.6238e-13
45 40 1.75683e-13
45 41 8.43211e-14
45 42 4.0079e-14
45 43 1.8871e-14
45 44 8.80412e-15
45 45 4.0708e-15
45 46 1.86573e-15
45 47 8.47835e-16
45 48 3.82488e-16
45 49 1.72583e-16
45 50 8.10379e-17
45 51 4.68383e-17

46 1 9.15885e-07
46 2 8.95375e-07
46 3 8.55558e-07
46 4 7.98784e-07
46 5 7.28416e-07
46 6 6.4856e-07
46 7 5.63689e-07
46 8 4.78199e-07
46 9 3.95985e-07
46 10 3.20131e-07
46 11 2.52743e-07
46 12 1.94933e-07
46 13 1.46937e-07
46 14 1.08295e-07
46 15 7.80798e-08
46 16 5.50983e-08
46 17 3.80748e-08
46 18 2.57793e-08
46 19 1.71109e-08
46 20 1.11398e-08
46 21 7.11743e-09
46 22 4.46516e-09
46 23 2.752e-09
46 24 1.66717e-09
46 25 9.93242e-10
46 26 5.82219e-10
46 27 3.35959e-10
46 28 1.90924e-10
46 29 1.06908e-10
46 30 5.90115e-11
46 31 3.21239e-11
46 32 1.72533e-11
46 33 9.14641e-12
46 34 4.78787e-12
46 35 2.47581e-12
46 36 1.26516e-12
46 37 6.39123e-13
46 38 3.19296e-13
46 39 1.57806e-13
46 40 7.71829e-14
46 41 3.73699e-14
46 42 1.79165e-14
46 43 8.50806e-15
46 44 4.00261e-15
46 45 1.86573e-15
46 46 8.61729e-16
46 47 3.94401e-16
46 48 1.79055e-16
46 49 8.12047e-17
46 50 3.82607e-17
46 51 2.21459e-17

47 1 3.07959e-07
47 2 3.01196e-07
47 3 2.88057e-07
47 4 2.69302e-07
47 5 2.46018e-07
47 6 2.19542e-07
47 7 1.91334e-07
47 8 1.62836e-07
47 9 1.35338e-07
47 10 1.0987e-07
47 11 8.71447e-08
47 12 6.75557e-08
47 13 5.12051e-08
47 14 3.79651e-08
47 15 2.75472e-08
47 16 1.95704e-08
47 17 1.36198e-08
47 18 9.28977e-09
47 19 6.21335e-09
47 20 4.07713e-09
47 21 2.6261e-09
47 22 1.66117e-09
47 23 1.03248e-09
47 24 6.30853e-10
47 25 3.79108e-10
47 26 2.24179e-10
47 27 1.30504e-10
47 28 7.48267e-11
47 29 4.22749e-11
47 30 2.35449e-11
47 31 1.29325e-11
47 32 7.00851e-12
47 33 3.74888e-12
47 34 1.98009e-12
47 35 1.0331e-12
47 36 5.32642e-13
47 37 2.71473e-13
47 38 1.36825e-13
47 39 6.82186e-14
47 40 3.3657e-14
47 41 1.64367e-14
47 42 7.94758e-15
47 43 3.80565e-15
47 44 1.8049e-15
47 45 8.47835e-16
47 46 3.94401e-16
47 47 1.81654e-16
47 48 8.28875e-17
47 49 3.77126e-17
47 50 1.77806e-17
47 51 1.02743e-17

48 1 1.03316e-07
48 2 1.01093e-07
48 3 9.67711e-08
48 4 9.0594e-08
48 5 8.29129e-08
48 6 7.416e-08
48 7 6.48107e-08
48 8 5.5337e-08
48 9 4.61636e-08
48 10 3.76334e-08
48 11 2.99883e-08
48 12 2.33657e-08
48 13 1.78081e-08
48 14 1.32816e-08
48 15 9.69762e-09
48 16 6.93519e-09
48 17 4.85998e-09
48 18 3.33886e-09
48 19 2.24988e-09
48 20 1.48773e-09
48 21 9.65844e-10
48 22 6.15903e-10
48 23 3.85966e-10
48 24 2.37805e-10
48 25 1.44122e-10
48 26 8.59569e-11
48 27 5.04737e-11
48 28 2.91929e-11
48 29 1.66383e-11
48 30 9.34853e-12
48 31 5.1804e-12
48 32 2.83234e-12
48 33 1.52849e-12
48 34 8.14492e-13
48 35 4.28725e-13
48 36 2.22997e-13
48 37 1.14657e-13
48 38 5.82956e-14
48 39 2.93186e-14
48 40 1.459e-14
48 41 7.18602e-15
48 42 3.50377e-15
48 43 1.69143e-15
48 44 8.08433e-16
48 45 3.82488e-16
48 46 1.79055e-16
48 47 8.28875e-17
48 48 3.79444e-17
48 49 1.72759e-17
48 50 8.12124e-18
48 51 4.66609e-18

49 1 3.47161e-08
49 2 3.39848e-08
49 3 3.25619e-08
49 4 3.05257e-08
49 5 2.79895e-08
49 6 2.50931e-08
49 7 2.19911e-08
49 8 1.88381e-08
49 9 1.57741e-08
49 10 1.29134e-08
49 11 1.0338e-08
49 12 8.09582e-09
49 13 6.20405e-09
49 14 4.65422e-09
49 15 3.41945e-09
49 16 2.46143e-09
49 17 1.73673e-09
49 18 1.20167e-09
49 19 8.15727e-10
49 20 5.43511e-10
49 21 3.55612e-10
49 22 2.28585e-10
49 23 1.44417e-10
49 24 8.972e-11
49 25 5.48344e-11
49 26 3.29839e-11
49 27 1.95356e-11
49 28 1.13976e-11
49 29 6.55314e-12
49 30 3.71459e-12
49 31 2.0767e-12
49 32 1.14555e-12
49 33 6.23731e-13
49 34 3.35344e-13
49 35 1.78095e-13
49 36 9.34624e-14
49 37 4.84837e-14
49 38 2.48697e-14
49 39 1.26181e-14
49 40 6.33408e-15
49 41 3.14652e-15
49 42 1.547e-15
49 43 7.52758e-16
49 44 3.62436e-16
49 45 1.72583e-16
49 46 8.12047e-17
49 47 3.77126e-17
49 48 1.72759e-17
49 49 7.84326e-18
49 50 3.65846e-18
49 51 2.07889e-18

50 1 1.19934e-08
50 2 1.17464e-08
50 3 1.12655e-08
50 4 1.05765e-08
50 5 9.71669e-09
50 6 8.7325e-09
50 7 7.67551e-09
50 8 6.59759e-09
50 9 5.54612e-09
50 10 4.56022e-09
50 11 3.66839e-09
50 12 2.88793e-09
50 13 2.2257e-09
50 14 1.67986e-09
50 15 1.24216e-09
50 16 9.00221e-10
50 17 6.39696e-10
50 18 4.45896e-10
50 19 3.05012e-10
50 20 2.04838e-10
50 21 1.35115e-10
50 22 8.7577e-11
50 23 5.58028e-11
50 24 3.49697e-11
50 25 2.15617e-11
50 26 1.30863e-11
50 27 7.82124e-12
50 28 4.6051e-12
50 29 2.67229e-12
50 30 1.52893e-12
50 31 8.62813e-13
50 32 4.80442e-13
50 33 2.64073e-13
50 34 1.43326e-13
50 35 7.68425e-14
50 36 4.07098e-14
50 37 2.13187e-14
50 38 1.10388e-14
50 39 5.65319e-15
50 40 2.86398e-15
50 41 1.43549e-15
50 42 7.11822e-16
50 43 3.49116e-16
50 44 1.69259e-16
50 45 8.10379e-17
50 46 3.82607e-17
50 47 1.77806e-17
50 48 8.12124e-18
50 49 3.65846e-18
50 50 1.68191e-18
50 51 9.38084e-19

51 1 5.15557e-09
51 2 5.05192e-09
51 3 4.84992e-09
51 4 4.5601e-09
51 5 4.19776e-09
51 6 3.78202e-09
51 7 3.33423e-09
51 8 2.876e-09
51 9 2.42728e-09
51 10 2.00468e-09
51 11 1.62054e-09
51 12 1.28257e-09
51 13 9.94144e-10
51 14 7.54934e-10
51 15 5.61849e-10
51 16 4.09962e-10
51 17 2.93395e-10
51 18 2.06024e-10
51 19 1.42009e-10
51 20 9.61228e-11
51 21 6.39187e-11
51 22 4.17735e-11
51 23 2.68427e-11
51 24 1.69661e-11
51 25 1.05524e-11
51 26 6.46108e-12
51 27 3.89604e-12
