#x #y #phase
1 1 1
1 2 1
1 3 1
1 4 1
1 5 1
1 6 1
1 7 1
1 8 1
1 9 1
1 10 1
1 11 1
1 12 1
1 13 1
1 14 1
1 15 1
1 16 1
1 17 1
1 18 1
1 19 1
1 20 1
1 21 1
1 22 1
1 23 1
1 24 1
1 25 1
1 26 1
1 27 1
1 28 1
1 29 1
1 30 0.999999
1 31 0.999998
1 32 0.999994
1 33 0.999983
1 34 0.999948
1 35 0.999841
1 36 0.999516
1 37 0.998525
1 38 0.99551
1 39 0.986389
1 40 0.959243
1 41 0.882608
1 42 0.697987
1 43 0.407648
1 44 0.180394
1 45 0.0694087
1 46 0.0252645
1 47 0.00901265
1 48 0.00319405
1 49 0.00113397
1 50 0.000415669
1 51 0.000190123

2 1 1
2 2 1
2 3 1
2 4 1
2 5 1
2 6 1
2 7 1
2 8 1
2 9 1
2 10 1
2 11 1
2 12 1
2 13 1
2 14 1
2 15 0.999999
2 16 1
2 17 0.999999
2 18 1
2 19 1
2 20 1
2 21 1
2 22 1
2 23 1
2 24 1
2 25 1
2 26 1
2 27 1
2 28 1
2 29 1
2 30 0.999999
2 31 0.999998
2 32 0.999994
2 33 0.999982
2 34 0.999946
2 35 0.999837
2 36 0.999502
2 37 0.998483
2 38 0.995385
2 39 0.98602
2 40 0.958188
2 41 0.879816
2 42 0.692176
2 43 0.401401
2 44 0.176902
2 45 0.0679605
2 46 0.0247279
2 47 0.00882165
2 48 0.00312699
2 49 0.00111045
2 50 0.000407162
2 51 0.000186287

3 1 1
3 2 1
3 3 1
3 4 1
3 5 1
3 6 1
3 7 1
3 8 1
3 9 1
3 10 1
3 11 1
3 12 0.999999
3 13 1
3 14 0.999999
3 15 1
3 16 0.999999
3 17 1
3 18 0.999999
3 19 1
3 20 0.999999
3 21 1
3 22 0.999999
3 23 1
3 24 1
3 25 1
3 26 1
3 27 1
3 28 1
3 29 1
3 30 0.999999
3 31 0.999998
3 32 0.999994
3 33 0.999981
3 34 0.999943
3 35 0.999827
3 36 0.999472
3 37 0.998395
3 38 0.995124
3 39 0.985253
3 40 0.955998
3 41 0.874053
3 42 0.680357
3 43 0.389033
3 44 0.170084
3 45 0.0651482
3 46 0.0236875
3 47 0.00845146
3 48 0.00299699
3 49 0.00106483
3 50 0.000390661
3 51 0.000178844

4 1 1
4 2 1
4 3 1
4 4 1
4 5 1
4 6 1
4 7 1
4 8 1
4 9 0.999999
4 10 1
4 11 0.999999
4 12 1
4 13 0.999998
4 14 1
4 15 0.999998
4 16 1
4 17 0.999998
4 18 1
4 19 0.999998
4 20 1
4 21 0.999999
4 22 1
4 23 0.999999
4 24 1
4 25 1
4 26 1
4 27 1
4 28 1
4 29 1
4 30 0.999999
4 31 0.999998
4 32 0.999993
4 33 0.999979
4 34 0.999938
4 35 0.999811
4 36 0.999425
4 37 0.998253
4 38 0.994704
4 39 0.984023
4 40 0.9525
4 41 0.864953
4 42 0.662164
4 43 0.370819
4 44 0.160269
4 45 0.0611331
4 46 0.0222059
4 47 0.00792453
4 48 0.0028119
4 49 0.000999842
4 50 0.000367138
4 51 0.000168226

5 1 1
5 2 1
5 3 1
5 4 1
5 5 1
5 6 1
5 7 1
5 8 0.999999
5 9 1
5 10 0.999999
5 11 1
5 12 0.999998
5 13 1
5 14 0.999997
5 15 1
5 16 0.999996
5 17 1
5 18 0.999996
5 19 1
5 20 0.999997
5 21 1
5 22 0.999998
5 23 1
5 24 0.999999
5 25 1
5 26 1
5 27 1
5 28 1
5 29 1
5 30 0.999999
5 31 0.999997
5 32 0.999992
5 33 0.999977
5 34 0.99993
5 35 0.999787
5 36 0.999354
5 37 0.998044
5 38 0.994087
5 39 0.982222
5 40 0.947413
5 41 0.851927
5 42 0.637125
5 43 0.347227
5 44 0.147933
5 45 0.0561405
5 46 0.0203696
5 47 0.00727179
5 48 0.00258253
5 49 0.000919245
5 50 0.000337938
5 51 0.000155032

6 1 1
6 2 1
6 3 1
6 4 1
6 5 1
6 6 1
6 7 0.999999
6 8 1
6 9 0.999998
6 10 1
6 11 0.999997
6 12 1
6 13 0.999996
6 14 1.00001
6 15 0.999994
6 16 1.00001
6 17 0.999994
6 18 1.00001
6 19 0.999994
6 20 1.00001
6 21 0.999995
6 22 1
6 23 0.999997
6 24 1
6 25 0.999998
6 26 1
6 27 0.999999
6 28 1
6 29 1
6 30 0.999999
6 31 0.999997
6 32 0.999991
6 33 0.999973
6 34 0.999918
6 35 0.999753
6 36 0.999254
6 37 0.997748
6 38 0.993215
6 39 0.979683
6 40 0.940306
6 41 0.834135
6 42 0.604774
6 43 0.31896
6 44 0.133669
6 45 0.0504406
6 46 0.018281
6 47 0.00652973
6 48 0.00232161
6 49 0.000827473
6 50 0.000304649
6 51 0.000139972

7 1 1
7 2 1
7 3 1
7 4 1
7 5 1
7 6 0.999999
7 7 1
7 8 0.999998
7 9 1
7 10 0.999997
7 11 1
7 12 0.999995
7 13 1.00001
7 14 0.999992
7 15 1.00001
7 16 0.99999
7 17 1.00001
7 18 0.99999
7 19 1.00001
7 20 0.999991
7 21 1.00001
7 22 0.999994
7 23 1.00001
7 24 0.999996
7 25 1
7 26 0.999998
7 27 1
7 28 0.999999
7 29 1
7 30 0.999999
7 31 0.999996
7 32 0.999989
7 33 0.999967
7 34 0.999902
7 35 0.999705
7 36 0.999112
7 37 0.997333
7 38 0.991997
7 39 0.976161
7 40 0.930555
7 41 0.810432
7 42 0.564842
7 43 0.286985
7 44 0.118156
7 45 0.0443262
7 46 0.0160492
7 47 0.00573715
7 48 0.00204269
7 49 0.000729247
7 50 0.000268966
7 51 0.000123803

8 1 1
8 2 1
8 3 1
8 4 1
8 5 0.999999
8 6 1
8 7 0.999998
8 8 1
8 9 0.999996
8 10 1
8 11 0.999994
8 12 1.00001
8 13 0.99999
8 14 1.00001
8 15 0.999987
8 16 1.00001
8 17 0.999985
8 18 1.00001
8 19 0.999986
8 20 1.00001
8 21 0.999988
8 22 1.00001
8 23 0.999992
8 24 1.00001
8 25 0.999995
8 26 1
8 27 0.999998
8 28 1
8 29 0.999999
8 30 0.999999
8 31 0.999995
8 32 0.999986
8 33 0.999959
8 34 0.999878
8 35 0.999636
8 36 0.998913
8 37 0.99675
8 38 0.9903
8 39 0.971291
8 40 0.917271
8 41 0.779359
8 42 0.517487
8 43 0.25252
8 44 0.102106
8 45 0.0380884
8 46 0.0137811
8 47 0.00493181
8 48 0.00175897
8 49 0.000629174
8 50 0.000232547
8 51 0.00010727

9 1 1
9 2 1
9 3 1
9 4 0.999999
9 5 1
9 6 0.999998
9 7 1
9 8 0.999996
9 9 1.00001
9 10 0.999993
9 11 1.00001
9 12 0.999988
9 13 1.00001
9 14 0.999983
9 15 1.00002
9 16 0.99998
9 17 1.00002
9 18 0.999979
9 19 1.00002
9 20 0.999981
9 21 1.00002
9 22 0.999986
9 23 1.00001
9 24 0.999991
9 25 1.00001
9 26 0.999995
9 27 1
9 28 0.999998
9 29 1
9 30 0.999997
9 31 0.999994
9 32 0.999982
9 33 0.999948
9 34 0.999845
9 35 0.999539
9 36 0.99863
9 37 0.995927
9 38 0.987921
9 39 0.964537
9 40 0.89922
9 41 0.739212
9 42 0.463546
9 43 0.21697
9 44 0.0862102
9 45 0.0319942
9 46 0.0115729
9 47 0.00414759
9 48 0.0014823
9 49 0.000531407
9 50 0.000196891
9 51 9.10472e-05

10 1 1
10 2 1
10 3 1
10 4 1
10 5 0.999999
10 6 1
10 7 0.999997
10 8 1
10 9 0.999993
10 10 1.00001
10 11 0.999987
10 12 1.00002
10 13 0.999981
10 14 1.00002
10 15 0.999974
10 16 1.00003
10 17 0.999971
10 18 1.00003
10 19 0.999972
10 20 1.00003
10 21 0.999977
10 22 1.00002
10 23 0.999984
10 24 1.00001
10 25 0.99999
10 26 1.00001
10 27 0.999995
10 28 1
10 29 0.999997
10 30 0.999998
10 31 0.999991
10 32 0.999977
10 33 0.99993
10 34 0.999796
10 35 0.999398
10 36 0.998223
10 37 0.994752
10 38 0.984552
10 39 0.955106
10 40 0.874727
10 41 0.688336
10 42 0.404686
10 43 0.18181
10 44 0.0710835
10 45 0.026267
10 46 0.00950353
10 47 0.00341229
10 48 0.00122243
10 49 0.000439378
10 50 0.000163245
10 51 7.57007e-05

11 1 1
11 2 1
11 3 1
11 4 0.999999
11 5 1
11 6 0.999997
11 7 1
11 8 0.999994
11 9 1.00001
11 10 0.999987
11 11 1.00002
11 12 0.999979
11 13 1.00003
11 14 0.99997
11 15 1.00003
11 16 0.999964
11 17 1.00004
11 18 0.999962
11 19 1.00004
11 20 0.999966
11 21 1.00003
11 22 0.999974
11 23 1.00002
11 24 0.999983
11 25 1.00001
11 26 0.999991
11 27 1.00001
11 28 0.999995
11 29 1
11 30 0.999994
11 31 0.99999
11 32 0.999967
11 33 0.999906
11 34 0.999724
11 35 0.999191
11 36 0.997628
11 37 0.993048
11 38 0.979715
11 39 0.941814
11 40 0.841578
11 41 0.625749
11 42 0.343359
11 43 0.14843
11 44 0.057218
11 45 0.0210746
11 46 0.00763132
11 47 0.00274633
11 48 0.00098657
11 49 0.000355638
11 50 0.000132545
11 51 6.16576e-05

12 1 1
12 2 1
12 3 0.999999
12 4 1
12 5 0.999998
12 6 1
12 7 0.999995
12 8 1.00001
12 9 0.999988
12 10 1.00002
12 11 0.999979
12 12 1.00003
12 13 0.999968
12 14 1.00004
12 15 0.999958
12 16 1.00005
12 17 0.999952
12 18 1.00005
12 19 0.999954
12 20 1.00004
12 21 0.999962
12 22 1.00003
12 23 0.999973
12 24 1.00002
12 25 0.999984
12 26 1.00001
12 27 0.999992
12 28 1
12 29 0.999995
12 30 0.999997
12 31 0.999983
12 32 0.999955
12 33 0.999867
12 34 0.999615
12 35 0.998881
12 36 0.996745
12 37 0.990538
12 38 0.972678
12 39 0.922918
12 40 0.796985
12 41 0.552027
12 42 0.282515
12 43 0.11799
12 44 0.0449541
12 45 0.0165232
12 46 0.00599221
12 47 0.00216235
12 48 0.000779221
12 49 0.00028181
12 50 0.000105394
12 51 4.91982e-05

13 1 1
13 2 1
13 3 1
13 4 0.999998
13 5 1
13 6 0.999996
13 7 1.00001
13 8 0.99999
13 9 1.00001
13 10 0.999981
13 11 1.00003
13 12 0.999968
13 13 1.00004
13 14 0.999954
13 15 1.00005
13 16 0.999945
13 17 1.00006
13 18 0.999942
13 19 1.00006
13 20 0.999948
13 21 1.00005
13 22 0.999961
13 23 1.00003
13 24 0.999974
13 25 1.00002
13 26 0.999986
13 27 1.00001
13 28 0.999992
13 29 1
13 30 0.999989
13 31 0.999978
13 32 0.999932
13 33 0.999808
13 34 0.999446
13 35 0.998407
13 36 0.995408
13 37 0.986781
13 38 0.962307
13 39 0.895917
13 40 0.737852
13 41 0.469989
13 42 0.225119
13 43 0.091301
13 44 0.034472
13 45 0.01266
13 46 0.00460121
13 47 0.00166571
13 48 0.000602359
13 49 0.000218635
13 50 8.20797e-05
13 51 3.84614e-05

14 1 1
14 2 1
14 3 0.999999
14 4 1
14 5 0.999997
14 6 1.00001
14 7 0.999992
14 8 1.00001
14 9 0.999983
14 10 1.00002
14 11 0.99997
14 12 1.00004
14 13 0.999954
14 14 1.00005
14 15 0.99994
14 16 1.00006
14 17 0.999933
14 18 1.00007
14 19 0.999935
14 20 1.00006
14 21 0.999947
14 22 1.00005
14 23 0.999962
14 24 1.00003
14 25 0.999977
14 26 1.00002
14 27 0.999988
14 28 1.00001
14 29 0.99999
14 30 0.99999
14 31 0.999962
14 32 0.999899
14 33 0.999712
14 34 0.999182
14 35 0.997669
14 36 0.993346
14 37 0.981061
14 38 0.946848
14 39 0.857412
14 40 0.661869
14 41 0.384596
14 42 0.173641
14 43 0.0687768
14 44 0.0258032
14 45 0.00948037
14 46 0.00345543
14 47 0.00125551
14 48 0.000455788
14 49 0.00016609
14 50 6.26138e-05
14 51 2.94621e-05

15 1 1
15 2 0.999999
15 3 1
15 4 0.999998
15 5 1
15 6 0.999994
15 7 1.00001
15 8 0.999987
15 9 1.00002
15 10 0.999974
15 11 1.00003
15 12 0.999958
15 13 1.00005
15 14 0.99994
15 15 1.00007
15 16 0.999928
15 17 1.00008
15 18 0.999925
15 19 1.00007
15 20 0.999933
15 21 1.00006
15 22 0.999949
15 23 1.00004
15 24 0.999967
15 25 1.00002
15 26 0.999981
15 27 1.00001
15 28 0.999989
15 29 0.999998
15 30 0.999976
15 31 0.999945
15 32 0.999841
15 33 0.999559
15 34 0.998757
15 35 0.996495
15 36 0.990104
15 37 0.972209
15 38 0.923607
15 39 0.803143
15 40 0.569642
15 41 0.301845
15 42 0.129685
15 43 0.0504544
15 44 0.0188579
15 45 0.0069398
15 46 0.00253834
15 47 0.000926094
15 48 0.000337636
15 49 0.000123567
15 50 4.67939e-05
15 51 2.21174e-05

16 1 1
16 2 1
16 3 0.999999
16 4 1
16 5 0.999996
16 6 1.00001
16 7 0.99999
16 8 1.00001
16 9 0.99998
16 10 1.00003
16 11 0.999964
16 12 1.00005
16 13 0.999945
16 14 1.00006
16 15 0.999928
16 16 1.00008
16 17 0.999919
16 18 1.00008
16 19 0.999923
16 20 1.00007
16 21 0.999937
16 22 1.00005
16 23 0.999955
16 24 1.00003
16 25 0.999973
16 26 1.00002
16 27 0.999985
16 28 1
16 29 0.999982
16 30 0.99997
16 31 0.999906
16 32 0.999749
16 33 0.999302
16 34 0.99806
16 35 0.99459
16 36 0.984915
16 37 0.958324
16 38 0.888586
16 39 0.72863
16 40 0.466566
16 41 0.227183
16 42 0.0938676
16 43 0.0360654
16 44 0.0134609
16 45 0.00496714
16 46 0.00182435
16 47 0.000668641
16 48 0.000244907
16 49 9.00481e-05
16 50 3.42671e-05
16 51 1.62749e-05

17 1 1
17 2 0.999999
17 3 1
17 4 0.999998
17 5 1
17 6 0.999994
17 7 1.00001
17 8 0.999985
17 9 1.00002
17 10 0.999971
17 11 1.00004
17 12 0.999952
17 13 1.00006
17 14 0.999933
17 15 1.00008
17 16 0.999919
17 17 1.00008
17 18 0.999917
17 19 1.00008
17 20 0.999926
17 21 1.00007
17 22 0.999944
17 23 1.00005
17 24 0.999964
17 25 1.00003
17 26 0.999979
17 27 1.00001
17 28 0.999983
17 29 0.999985
17 30 0.99994
17 31 0.99985
17 32 0.999585
17 33 0.998869
17 34 0.996891
17 35 0.991437
17 36 0.976471
17 37 0.936357
17 38 0.836359
17 39 0.631557
17 40 0.362093
17 41 0.164227
17 42 0.0659327
17 43 0.0251375
17 44 0.00938838
17 45 0.00347724
17 46 0.00128318
17 47 0.00047265
17 48 0.000173989
17 49 6.42931e-05
17 50 2.45942e-05
17 51 1.17413e-05

18 1 1
18 2 1
18 3 0.999999
18 4 1
18 5 0.999996
18 6 1.00001
18 7 0.99999
18 8 1.00001
18 9 0.999979
18 10 1.00003
18 11 0.999962
18 12 1.00005
18 13 0.999942
18 14 1.00007
18 15 0.999925
18 16 1.00008
18 17 0.999917
18 18 1.00008
18 19 0.999921
18 20 1.00007
18 21 0.999936
18 22 1.00005
18 23 0.999955
18 24 1.00003
18 25 0.999973
18 26 1.00002
18 27 0.999982
18 28 0.999994
18 29 0.999958
18 30 0.999906
18 31 0.999738
18 32 0.999303
18 33 0.998116
18 34 0.994892
18 35 0.986123
18 36 0.96254
18 37 0.901554
18 38 0.760705
18 39 0.516044
18 40 0.266273
18 41 0.114318
18 42 0.0450093
18 43 0.0170973
18 44 0.00640102
18 45 0.00238168
18 46 0.000883529
18 47 0.000327205
18 48 0.000121096
18 49 4.49873e-05
18 50 1.73051e-05
18 51 8.30687e-06

19 1 1
19 2 1
19 3 1
19 4 0.999998
19 5 1
19 6 0.999994
19 7 1.00001
19 8 0.999986
19 9 1.00002
19 10 0.999972
19 11 1.00004
19 12 0.999954
19 13 1.00006
19 14 0.999935
19 15 1.00007
19 16 0.999923
19 17 1.00008
19 18 0.999921
19 19 1.00008
19 20 0.999931
19 21 1.00006
19 22 0.999948
19 23 1.00004
19 24 0.999967
19 25 1.00002
19 26 0.999978
19 27 1
19 28 0.999966
19 29 0.999938
19 30 0.999824
19 31 0.999546
19 32 0.998793
19 33 0.996788
19 34 0.991405
19 35 0.977023
19 36 0.939382
19 37 0.847089
19 38 0.657258
19 39 0.394363
19 40 0.186168
19 41 0.0768634
19 42 0.0299088
19 43 0.0113569
19 44 0.00426844
19 45 0.0015967
19 46 0.000595747
19 47 0.00022191
19 48 8.25976e-05
19 49 3.08593e-05
19 50 1.19407e-05
19 51 5.76518e-06

20 1 1
20 2 1
20 3 0.999999
20 4 1
20 5 0.999997
20 6 1.00001
20 7 0.999991
20 8 1.00001
20 9 0.999981
20 10 1.00003
20 11 0.999966
20 12 1.00004
20 13 0.999948
20 14 1.00006
20 15 0.999933
20 16 1.00007
20 17 0.999926
20 18 1.00007
20 19 0.999931
20 20 1.00006
20 21 0.999944
20 22 1.00005
20 23 0.999962
20 24 1.00003
20 25 0.999975
20 26 1.00001
20 27 0.99997
20 28 0.999958
20 29 0.999872
20 30 0.999686
20 31 0.99918
20 32 0.997864
20 33 0.994387
20 34 0.985217
20 35 0.961256
20 36 0.900981
20 37 0.764892
20 38 0.529647
20 39 0.281854
20 40 0.1244
20 41 0.0500737
20 42 0.0193752
20 43 0.00737349
20 44 0.00278537
20 45 0.0010482
20 46 0.000393532
20 47 0.000147493
20 48 5.52316e-05
20 49 2.07589e-05
20 50 8.08263e-06
20 51 3.92632e-06

21 1 1
21 2 1
21 3 1
21 4 0.999999
21 5 1
21 6 0.999995
21 7 1.00001
21 8 0.999988
21 9 1.00002
21 10 0.999977
21 11 1.00003
21 12 0.999962
21 13 1.00005
21 14 0.999947
21 15 1.00006
21 16 0.999937
21 17 1.00007
21 18 0.999936
21 19 1.00006
21 20 0.999944
21 21 1.00005
21 22 0.999959
21 23 1.00003
21 24 0.999972
21 25 1.00001
21 26 0.999971
21 27 0.999971
21 28 0.999901
21 29 0.99977
21 30 0.999407
21 31 0.998494
21 32 0.996125
21 33 0.989979
21 34 0.97408
21 35 0.933829
21 36 0.838561
21 37 0.64957
21 38 0.393732
21 39 0.189538
21 40 0.0798995
21 41 0.0316982
21 42 0.0122532
21 43 0.00468282
21 44 0.00177966
21 45 0.000674138
21 46 0.000254777
21 47 9.61131e-05
21 48 3.6221e-05
21 49 1.36997e-05
21 50 5.36907e-06
21 51 2.62488e-06

22 1 1
22 2 1
22 3 0.999999
22 4 1
22 5 0.999998
22 6 1
22 7 0.999994
22 8 1.00001
22 9 0.999986
22 10 1.00002
22 11 0.999974
22 12 1.00003
22 13 0.999961
22 14 1.00005
22 15 0.999949
22 16 1.00005
22 17 0.999944
22 18 1.00005
22 19 0.999948
22 20 1.00005
22 21 0.999959
22 22 1.00003
22 23 0.99997
22 24 1.00002
22 25 0.999971
22 26 0.999979
22 27 0.999917
22 28 0.99982
22 29 0.999544
22 30 0.998873
22 31 0.997164
22 32 0.992822
22 33 0.981757
22 34 0.953887
22 35 0.886605
22 36 0.7422
22 37 0.507196
22 38 0.270345
22 39 0.120983
22 40 0.0495864
22 41 0.0195471
22 42 0.0075746
22 43 0.00291138
22 44 0.00111399
22 45 0.000424968
22 46 0.000161736
22 47 6.14328e-05
22 48 2.33063e-05
22 49 8.87327e-06
22 50 3.50143e-06
22 51 1.72327e-06

23 1 1
23 2 1
23 3 1
23 4 0.999999
23 5 1
23 6 0.999997
23 7 1.00001
23 8 0.999992
23 9 1.00001
23 10 0.999984
23 11 1.00002
23 12 0.999973
23 13 1.00003
23 14 0.999962
23 15 1.00004
23 16 0.999955
23 17 1.00005
23 18 0.999955
23 19 1.00004
23 20 0.999962
23 21 1.00003
23 22 0.99997
23 23 1.00002
23 24 0.999971
23 25 0.999983
23 26 0.999926
23 27 0.99985
23 28 0.999625
23 29 0.999102
23 30 0.997796
23 31 0.994554
23 32 0.986444
23 33 0.96627
23 34 0.917405
23 35 0.808132
23 36 0.607736
23 37 0.360126
23 38 0.173197
23 39 0.0739546
23 40 0.0298686
23 41 0.0117671
23 42 0.00458214
23 43 0.00177328
23 44 0.000683562
23 45 0.000262723
23 46 0.000100725
23 47 3.85331e-05
23 48 1.47207e-05
23 49 5.64311e-06
23 50 2.24273e-06
23 51 1.11146e-06

24 1 1
24 2 1
24 3 1
24 4 1
24 5 0.999999
24 6 1
24 7 0.999996
24 8 1.00001
24 9 0.999991
24 10 1.00001
24 11 0.999983
24 12 1.00002
24 13 0.999974
24 14 1.00003
24 15 0.999967
24 16 1.00003
24 17 0.999964
24 18 1.00003
24 19 0.999967
24 20 1.00003
24 21 0.999972
24 22 1.00002
24 23 0.999971
24 24 0.999985
24 25 0.99993
24 26 0.999866
24 27 0.999671
24 28 0.999238
24 29 0.998178
24 30 0.995615
24 31 0.989339
24 32 0.973995
24 33 0.937095
24 34 0.853142
24 35 0.687783
24 36 0.449192
24 37 0.233927
24 38 0.104895
24 39 0.0436234
24 40 0.017525
24 41 0.00692729
24 42 0.00271533
24 43 0.00105892
24 44 0.000411432
24 45 0.000159375
24 46 6.15719e-05
24 47 2.37304e-05
24 48 9.13133e-06
24 49 3.52549e-06
24 50 1.41154e-06
24 51 7.04571e-07

25 1 1
25 2 1
25 3 1
25 4 1
25 5 1
25 6 0.999998
25 7 1
25 8 0.999995
25 9 1.00001
25 10 0.99999
25 11 1.00001
25 12 0.999984
25 13 1.00002
25 14 0.999977
25 15 1.00002
25 16 0.999973
25 17 1.00003
25 18 0.999973
25 19 1.00002
25 20 0.999975
25 21 1.00001
25 22 0.999971
25 23 0.999983
25 24 0.99993
25 25 0.999871
25 26 0.999692
25 27 0.99931
25 28 0.998397
25 29 0.996248
25 30 0.99111
25 31 0.978811
25 32 0.949642
25 33 0.883151
25 34 0.747024
25 35 0.528643
25 36 0.298223
25 37 0.141264
25 38 0.0607838
25 39 0.0249788
25 40 0.0100439
25 41 0.00399393
25 42 0.00157774
25 43 0.000620403
25 44 0.000243063
25 45 9.49254e-05
25 46 3.69647e-05
25 47 1.43565e-05
25 48 5.56568e-06
25 49 2.16472e-06
25 50 8.7337e-07
25 51 4.39176e-07

26 1 1
26 2 1
26 3 1
26 4 1
26 5 1
26 6 1
26 7 0.999998
26 8 1
26 9 0.999995
26 10 1.00001
26 11 0.999991
26 12 1.00001
26 13 0.999986
26 14 1.00002
26 15 0.999981
26 16 1.00002
26 17 0.999979
26 18 1.00002
26 19 0.999978
26 20 1.00001
26 21 0.999971
26 22 0.999979
26 23 0.999926
26 24 0.999866
26 25 0.999692
26 26 0.999332
26 27 0.998496
26 28 0.996584
26 29 0.99213
26 30 0.981717
26 31 0.957484
26 32 0.902695
26 33 0.788667
26 34 0.593247
26 35 0.360056
26 36 0.180585
26 37 0.0806933
26 38 0.0340206
26 39 0.0139457
26 40 0.00563506
26 41 0.00225803
26 42 0.000899688
26 43 0.000356887
26 44 0.000141035
26 45 5.55456e-05
26 46 2.18074e-05
26 47 8.53696e-06
26 48 3.33513e-06
26 49 1.30705e-06
26 50 5.31505e-07
26 51 2.69302e-07

27 1 1
27 2 1
27 3 1
27 4 1
27 5 1
27 6 0.999999
27 7 1
27 8 0.999998
27 9 1
27 10 0.999995
27 11 1.00001
27 12 0.999992
27 13 1.00001
27 14 0.999988
27 15 1.00001
27 16 0.999985
27 17 1.00001
27 18 0.999982
27 19 1
27 20 0.99997
27 21 0.999971
27 22 0.999917
27 23 0.99985
27 24 0.999671
27 25 0.99931
27 26 0.998496
27 27 0.996689
27 28 0.992596
27 29 0.983274
27 30 0.962061
27 31 0.914833
27 32 0.816435
27 33 0.641598
27 34 0.414004
27 35 0.219406
27 36 0.102
27 37 0.0442222
27 38 0.0185175
27 39 0.0076161
27 40 0.00310016
27 41 0.00125321
27 42 0.000503917
27 43 0.000201721
27 44 8.04298e-05
27 45 3.1952e-05
27 46 1.26502e-05
27 47 4.99258e-06
27 48 1.96589e-06
27 49 7.76452e-07
27 50 3.18301e-07
27 51 1.62531e-07

28 1 1
28 2 1
28 3 1
28 4 1
28 5 1
28 6 1
28 7 0.999999
28 8 1
28 9 0.999998
28 10 1
28 11 0.999995
28 12 1
28 13 0.999992
28 14 1.00001
28 15 0.999989
28 16 1
28 17 0.999983
28 18 0.999994
28 19 0.999966
28 20 0.999958
28 21 0.999901
28 22 0.99982
28 23 0.999625
28 24 0.999238
28 25 0.998397
28 26 0.996584
28 27 0.992596
28 28 0.983764
28 29 0.964172
28 30 0.92145
28 31 0.83332
28 32 0.674531
28 33 0.456342
28 34 0.254005
28 35 0.122789
28 36 0.0548163
28 37 0.023487
28 38 0.00984842
28 39 0.00407824
28 40 0.00167481
28 41 0.000683473
28 42 0.000277456
28 43 0.000112113
28 44 4.51112e-05
28 45 1.80805e-05
28 46 7.21998e-06
28 47 2.87322e-06
28 48 1.14051e-06
28 49 4.54054e-07
28 50 1.87678e-07
28 51 9.65908e-08

29 1 1
29 2 1
29 3 1
29 4 1
29 5 1
29 6 1
29 7 1
29 8 0.999999
29 9 1
29 10 0.999997
29 11 1
29 12 0.999995
29 13 1
29 14 0.99999
29 15 0.999998
29 16 0.999982
29 17 0.999985
29 18 0.999958
29 19 0.999938
29 20 0.999872
29 21 0.99977
29 22 0.999544
29 23 0.999102
29 24 0.998178
29 25 0.996248
29 26 0.99213
29 27 0.983274
29 28 0.964172
29 29 0.923551
29 30 0.841287
29 31 0.693515
29 32 0.48512
29 33 0.281101
29 34 0.140888
29 35 0.0647715
29 36 0.0284306
29 37 0.0121712
29 38 0.00513465
29 39 0.00214506
29 40 0.000889525
29 41 0.000366621
29 42 0.000150295
29 43 6.13141e-05
29 44 2.49017e-05
29 45 1.00711e-05
29 46 4.05689e-06
29 47 1.62816e-06
29 48 6.51607e-07
29 49 2.61519e-07
29 50 1.09007e-07
29 51 5.65523e-08

30 1 0.999999
30 2 0.999999
30 3 0.999999
30 4 0.999999
30 5 0.999999
30 6 0.999999
30 7 0.999999
30 8 0.999999
30 9 0.999997
30 10 0.999998
30 11 0.999994
30 12 0.999997
30 13 0.999989
30 14 0.99999
30 15 0.999976
30 16 0.99997
30 17 0.99994
30 18 0.999906
30 19 0.999824
30 20 0.999686
30 21 0.999407
30 22 0.998873
30 23 0.997796
30 24 0.995615
30 25 0.99111
30 26 0.981717
30 27 0.962061
30 28 0.92145
30 29 0.841287
30 30 0.699703
30 31 0.4996
30 32 0.298292
30 33 0.154263
30 34 0.0729543
30 35 0.0328233
30 36 0.0143631
30 37 0.00618121
30 38 0.00263034
30 39 0.0011098
30 40 0.000464953
30 41 0.000193593
30 42 8.01586e-05
30 43 3.30208e-05
30 44 1.35381e-05
30 45 5.52556e-06
30 46 2.24564e-06
30 47 9.09e-07
30 48 3.66826e-07
30 49 1.48435e-07
30 50 6.23995e-08
30 51 3.26353e-08

31 1 0.999998
31 2 0.999998
31 3 0.999998
31 4 0.999998
31 5 0.999997
31 6 0.999997
31 7 0.999996
31 8 0.999995
31 9 0.999994
31 10 0.999991
31 11 0.99999
31 12 0.999983
31 13 0.999978
31 14 0.999962
31 15 0.999945
31 16 0.999906
31 17 0.99985
31 18 0.999738
31 19 0.999546
31 20 0.99918
31 21 0.998494
31 22 0.997164
31 23 0.994554
31 24 0.989339
31 25 0.978811
31 26 0.957484
31 27 0.914833
31 28 0.83332
31 29 0.693515
31 30 0.4996
31 31 0.304173
31 32 0.161365
31 33 0.0783409
31 34 0.0361286
31 35 0.0161741
31 36 0.00710904
31 37 0.0030854
31 38 0.00132618
31 39 0.000565454
31 40 0.000239402
31 41 0.000100717
31 42 4.21258e-05
31 43 1.75248e-05
31 44 7.25377e-06
31 45 2.98813e-06
31 46 1.22532e-06
31 47 5.00299e-07
31 48 2.03595e-07
31 49 8.30679e-08
31 50 3.52218e-08
31 51 1.85717e-08

32 1 0.999994
32 2 0.999994
32 3 0.999994
32 4 0.999993
32 5 0.999992
32 6 0.999991
32 7 0.999989
32 8 0.999986
32 9 0.999982
32 10 0.999977
32 11 0.999967
32 12 0.999955
32 13 0.999932
32 14 0.999899
32 15 0.999841
32 16 0.999749
32 17 0.999585
32 18 0.999303
32 19 0.998793
32 20 0.997864
32 21 0.996125
32 22 0.992822
32 23 0.986444
32 24 0.973995
32 25 0.949642
32 26 0.902695
32 27 0.816435
32 28 0.674531
32 29 0.48512
32 30 0.298292
32 31 0.161365
32 32 0.0802211
32 33 0.0379055
32 34 0.0173716
32 35 0.00780644
32 36 0.00345968
32 37 0.00151676
32 38 0.000658958
32 39 0.000284013
32 40 0.000121534
32 41 5.16656e-05
32 42 2.18305e-05
32 43 9.172e-06
32 44 3.83308e-06
32 45 1.59377e-06
32 46 6.59458e-07
32 47 2.71609e-07
32 48 1.11466e-07
32 49 4.58586e-08
32 50 1.96135e-08
32 51 1.04266e-08

33 1 0.999983
33 2 0.999982
33 3 0.999981
33 4 0.999979
33 5 0.999977
33 6 0.999973
33 7 0.999967
33 8 0.999959
33 9 0.999948
33 10 0.99993
33 11 0.999906
33 12 0.999867
33 13 0.999808
33 14 0.999712
33 15 0.999559
33 16 0.999302
33 17 0.998869
33 18 0.998116
33 19 0.996788
33 20 0.994387
33 21 0.989979
33 22 0.981757
33 23 0.96627
33 24 0.937095
33 25 0.883151
33 26 0.788667
33 27 0.641598
33 28 0.456342
33 29 0.281101
33 30 0.154263
33 31 0.0783409
33 32 0.0379055
33 33 0.0177907
33 34 0.00818125
33 35 0.00370647
33 36 0.00165934
33 37 0.000735405
33 38 0.000323032
33 39 0.000140755
33 40 6.08801e-05
33 41 2.61531e-05
33 42 1.11639e-05
33 43 4.73724e-06
33 44 1.99891e-06
33 45 8.38929e-07
33 46 3.50273e-07
33 47 1.45529e-07
33 48 6.02297e-08
33 49 2.49869e-08
33 50 1.07799e-08
33 51 5.77766e-09

34 1 0.999948
34 2 0.999946
34 3 0.999943
34 4 0.999938
34 5 0.99993
34 6 0.999918
34 7 0.999902
34 8 0.999878
34 9 0.999845
34 10 0.999796
34 11 0.999724
34 12 0.999615
34 13 0.999446
34 14 0.999182
34 15 0.998757
34 16 0.99806
34 17 0.996891
34 18 0.994892
34 19 0.991405
34 20 0.985217
34 21 0.97408
34 22 0.953887
34 23 0.917405
34 24 0.853142
34 25 0.747024
34 26 0.593247
34 27 0.414004
34 28 0.254005
34 29 0.140888
34 30 0.0729543
34 31 0.0361286
34 32 0.0173716
34 33 0.00818125
34 34 0.00379272
34 35 0.00173575
34 36 0.000785612
34 37 0.000352079
34 38 0.000156379
34 39 6.88876e-05
34 40 3.01162e-05
34 41 1.30734e-05
34 42 5.6378e-06
34 43 2.41617e-06
34 44 1.02938e-06
34 45 4.36072e-07
34 46 1.83718e-07
34 47 7.69965e-08
34 48 3.2136e-08
34 49 1.34435e-08
34 50 5.8504e-09
34 51 3.16131e-09

35 1 0.999841
35 2 0.999837
35 3 0.999827
35 4 0.999811
35 5 0.999787
35 6 0.999753
35 7 0.999705
35 8 0.999636
35 9 0.999539
35 10 0.999398
35 11 0.999191
35 12 0.998881
35 13 0.998407
35 14 0.997669
35 15 0.996495
35 16 0.99459
35 17 0.991437
35 18 0.986123
35 19 0.977023
35 20 0.961256
35 21 0.933829
35 22 0.886605
35 23 0.808132
35 24 0.687783
35 25 0.528643
35 26 0.360056
35 27 0.219406
35 28 0.122789
35 29 0.0647715
35 30 0.0328233
35 31 0.0161741
35 32 0.00780644
35 33 0.00370647
35 34 0.00173575
35 35 0.000803124
35 36 0.000367599
35 37 0.000166599
35 38 7.48204e-05
35 39 3.33203e-05
35 40 1.4723e-05
35 41 6.45814e-06
35 42 2.81343e-06
35 43 1.21771e-06
35 44 5.23789e-07
35 45 2.23959e-07
35 46 9.52039e-08
35 47 4.02465e-08
35 48 1.6939e-08
35 49 7.14517e-09
35 50 3.13654e-09
35 51 1.70869e-09

36 1 0.999516
36 2 0.999502
36 3 0.999472
36 4 0.999425
36 5 0.999354
36 6 0.999254
36 7 0.999112
36 8 0.998913
36 9 0.99863
36 10 0.998223
36 11 0.997628
36 12 0.996745
36 13 0.995408
36 14 0.993346
36 15 0.990104
36 16 0.984915
36 17 0.976471
36 18 0.96254
36 19 0.939382
36 20 0.900981
36 21 0.838561
36 22 0.7422
36 23 0.607736
36 24 0.449192
36 25 0.298223
36 26 0.180585
36 27 0.102
36 28 0.0548163
36 29 0.0284306
36 30 0.0143631
36 31 0.00710904
36 32 0.00345968
36 33 0.00165934
36 34 0.000785612
36 35 0.000367599
36 36 0.000170157
36 37 7.79814e-05
36 38 3.54087e-05
36 39 1.59399e-05
36 40 7.11809e-06
36 41 3.15474e-06
36 42 1.38826e-06
36 43 6.06785e-07
36 44 2.63498e-07
36 45 1.13706e-07
36 46 4.8767e-08
36 47 2.07932e-08
36 48 8.82449e-09
36 49 3.75315e-09
36 50 1.66183e-09
36 51 9.12663e-10

37 1 0.998525
37 2 0.998483
37 3 0.998395
37 4 0.998253
37 5 0.998044
37 6 0.997748
37 7 0.997333
37 8 0.99675
37 9 0.995927
37 10 0.994752
37 11 0.993048
37 12 0.990538
37 13 0.986781
37 14 0.981061
37 15 0.972209
37 16 0.958324
37 17 0.936357
37 18 0.901554
37 19 0.847089
37 20 0.764892
37 21 0.64957
37 22 0.507196
37 23 0.360126
37 24 0.233927
37 25 0.141264
37 26 0.0806933
37 27 0.0442222
37 28 0.023487
37 29 0.0121712
37 30 0.00618121
37 31 0.0030854
37 32 0.00151676
37 33 0.000735405
37 34 0.000352079
37 35 0.000166599
37 36 7.79814e-05
37 37 3.61343e-05
37 38 1.65865e-05
37 39 7.54682e-06
37 40 3.40553e-06
37 41 1.52484e-06
37 42 6.77737e-07
37 43 2.99113e-07
37 44 1.31117e-07
37 45 5.70967e-08
37 46 2.47037e-08
37 47 1.06226e-08
37 48 4.54539e-09
37 49 1.94909e-09
37 50 8.70472e-10
37 51 4.81917e-10

38 1 0.99551
38 2 0.995385
38 3 0.995124
38 4 0.994704
38 5 0.994087
38 6 0.993215
38 7 0.991997
38 8 0.9903
38 9 0.987921
38 10 0.984552
38 11 0.979715
38 12 0.972678
38 13 0.962307
38 14 0.946848
38 15 0.923607
38 16 0.888586
38 17 0.836359
38 18 0.760705
38 19 0.657258
38 20 0.529647
38 21 0.393732
38 22 0.270345
38 23 0.173197
38 24 0.104895
38 25 0.0607838
38 26 0.0340206
38 27 0.0185175
38 28 0.00984842
38 29 0.00513465
38 30 0.00263034
38 31 0.00132618
38 32 0.000658958
38 33 0.000323032
38 34 0.000156379
38 35 7.48204e-05
38 36 3.54087e-05
38 37 1.65865e-05
38 38 7.69553e-06
38 39 3.53848e-06
38 40 1.61331e-06
38 41 7.29687e-07
38 42 3.27522e-07
38 43 1.45936e-07
38 44 6.45658e-08
38 45 2.83686e-08
38 46 1.23805e-08
38 47 5.36822e-09
38 48 2.31577e-09
38 49 1.0011e-09
38 50 4.50937e-10
38 51 2.51653e-10

39 1 0.986389
39 2 0.98602
39 3 0.985253
39 4 0.984023
39 5 0.982222
39 6 0.979683
39 7 0.976161
39 8 0.971291
39 9 0.964537
39 10 0.955106
39 11 0.941814
39 12 0.922918
39 13 0.895917
39 14 0.857412
39 15 0.803143
39 16 0.72863
39 17 0.631557
39 18 0.516044
39 19 0.394363
39 20 0.281854
39 21 0.189538
39 22 0.120983
39 23 0.0739546
39 24 0.0436234
39 25 0.0249788
39 26 0.0139457
39 27 0.0076161
39 28 0.00407824
39 29 0.00214506
39 30 0.0011098
39 31 0.000565454
39 32 0.000284013
39 33 0.000140755
39 34 6.88876e-05
39 35 3.33203e-05
39 36 1.59399e-05
39 37 7.54682e-06
39 38 3.53848e-06
39 39 1.64394e-06
39 40 7.57166e-07
39 41 3.45871e-07
39 42 1.56751e-07
39 43 7.05021e-08
39 44 3.14764e-08
39 45 1.39519e-08
39 46 6.14063e-09
39 47 2.68454e-09
39 48 1.16739e-09
39 49 5.08728e-10
39 50 2.31109e-10
39 51 1.30002e-10

40 1 0.959243
40 2 0.958188
40 3 0.955998
40 4 0.9525
40 5 0.947413
40 6 0.940306
40 7 0.930555
40 8 0.917271
40 9 0.89922
40 10 0.874727
40 11 0.841578
40 12 0.796985
40 13 0.737852
40 14 0.661869
40 15 0.569642
40 16 0.466566
40 17 0.362093
40 18 0.266273
40 19 0.186168
40 20 0.1244
40 21 0.0798995
40 22 0.0495864
40 23 0.0298686
40 24 0.017525
40 25 0.0100439
40 26 0.00563506
40 27 0.00310016
40 28 0.00167481
40 29 0.000889525
40 30 0.000464953
40 31 0.000239402
40 32 0.000121534
40 33 6.08801e-05
40 34 3.01162e-05
40 35 1.4723e-05
40 36 7.11809e-06
40 37 3.40553e-06
40 38 1.61331e-06
40 39 7.57166e-07
40 40 3.52217e-07
40 41 1.62461e-07
40 42 7.4327e-08
40 43 3.37381e-08
40 44 1.51971e-08
40 45 6.79422e-09
40 46 3.01531e-09
40 47 1.3289e-09
40 48 5.82462e-10
40 49 2.55856e-10
40 50 1.1722e-10
40 51 6.64603e-11

41 1 0.882608
41 2 0.879816
41 3 0.874053
41 4 0.864953
41 5 0.851927
41 6 0.834135
41 7 0.810432
41 8 0.779359
41 9 0.739212
41 10 0.688336
41 11 0.625749
41 12 0.552027
41 13 0.469989
41 14 0.384596
41 15 0.301845
41 16 0.227183
41 17 0.164227
41 18 0.114318
41 19 0.0768634
41 20 0.0500737
41 21 0.0316982
41 22 0.0195471
41 23 0.0117671
41 24 0.00692729
41 25 0.00399393
41 26 0.00225803
41 27 0.00125321
41 28 0.000683473
41 29 0.000366621
41 30 0.000193593
41 31 0.000100717
41 32 5.16656e-05
41 33 2.61531e-05
41 34 1.30734e-05
41 35 6.45814e-06
41 36 3.15474e-06
41 37 1.52484e-06
41 38 7.29687e-07
41 39 3.45871e-07
41 40 1.62461e-07
41 41 7.56483e-08
41 42 3.49301e-08
41 43 1.59978e-08
41 44 7.26885e-09
41 45 3.27712e-09
41 46 1.4663e-09
41 47 6.51367e-10
41 48 2.87731e-10
41 49 1.27392e-10
41 50 5.88579e-11
41 51 3.36337e-11

42 1 0.697987
42 2 0.692176
42 3 0.680357
42 4 0.662164
42 5 0.637125
42 6 0.604774
42 7 0.564842
42 8 0.517487
42 9 0.463546
42 10 0.404686
42 11 0.343359
42 12 0.282515
42 13 0.225119
42 14 0.173641
42 15 0.129685
42 16 0.0938676
42 17 0.0659327
42 18 0.0450093
42 19 0.0299088
42 20 0.0193752
42 21 0.0122532
42 22 0.0075746
42 23 0.00458214
42 24 0.00271533
42 25 0.00157774
42 26 0.000899688
42 27 0.000503917
42 28 0.000277456
42 29 0.000150295
42 30 8.01586e-05
42 31 4.21258e-05
42 32 2.18305e-05
42 33 1.11639e-05
42 34 5.6378e-06
42 35 2.81343e-06
42 36 1.38826e-06
42 37 6.77737e-07
42 38 3.27522e-07
42 39 1.56751e-07
42 40 7.4327e-08
42 41 3.49301e-08
42 42 1.62741e-08
42 43 7.51864e-09
42 44 3.44522e-09
42 45 1.56606e-09
42 46 7.06325e-10
42 47 3.16223e-10
42 48 1.40766e-10
42 49 6.28138e-11
42 50 2.92661e-11
42 51 1.68548e-11

43 1 0.407648
43 2 0.401401
43 3 0.389033
43 4 0.370819
43 5 0.347227
43 6 0.31896
43 7 0.286985
43 8 0.25252
43 9 0.21697
43 10 0.18181
43 11 0.14843
43 12 0.11799
43 13 0.091301
43 14 0.0687768
43 15 0.0504544
43 16 0.0360654
43 17 0.0251375
43 18 0.0170973
43 19 0.0113569
43 20 0.00737349
43 21 0.00468282
43 22 0.00291138
43 23 0.00177328
43 24 0.00105892
43 25 0.000620403
43 26 0.000356887
43 27 0.000201721
43 28 0.000112113
43 29 6.13141e-05
43 30 3.30208e-05
43 31 1.75248e-05
43 32 9.172e-06
43 33 4.73724e-06
43 34 2.41617e-06
43 35 1.21771e-06
43 36 6.06785e-07
43 37 2.99113e-07
43 38 1.45936e-07
43 39 7.05021e-08
43 40 3.37381e-08
43 41 1.59978e-08
43 42 7.51864e-09
43 43 3.50318e-09
43 44 1.61852e-09
43 45 7.4164e-10
43 46 3.37124e-10
43 47 1.52095e-10
43 48 6.82222e-11
43 49 3.06805e-11
43 50 1.44148e-11
43 51 8.36644e-12

44 1 0.180394
44 2 0.176902
44 3 0.170084
44 4 0.160269
44 5 0.147933
44 6 0.133669
44 7 0.118156
44 8 0.102106
44 9 0.0862102
44 10 0.0710835
44 11 0.057218
44 12 0.0449541
44 13 0.034472
44 14 0.0258032
44 15 0.0188579
44 16 0.0134609
44 17 0.00938838
44 18 0.00640102
44 19 0.00426844
44 20 0.00278537
44 21 0.00177966
44 22 0.00111399
44 23 0.000683562
44 24 0.000411432
44 25 0.000243063
44 26 0.000141035
44 27 8.04298e-05
44 28 4.51112e-05
44 29 2.49017e-05
44 30 1.35381e-05
44 31 7.25377e-06
44 32 3.83308e-06
44 33 1.99891e-06
44 34 1.02938e-06
44 35 5.23789e-07
44 36 2.63498e-07
44 37 1.31117e-07
44 38 6.45658e-08
44 39 3.14764e-08
44 40 1.51971e-08
44 41 7.26885e-09
44 42 3.44522e-09
44 43 1.61852e-09
44 44 7.53814e-10
44 45 3.48136e-10
44 46 1.59473e-10
44 47 7.24937e-11
44 48 3.27634e-11
44 49 1.48488e-11
44 50 7.03501e-12
44 51 4.11487e-12

45 1 0.0694087
45 2 0.0679605
45 3 0.0651482
45 4 0.0611331
45 5 0.0561405
45 6 0.0504406
45 7 0.0443262
45 8 0.0380884
45 9 0.0319942
45 10 0.026267
45 11 0.0210746
45 12 0.0165232
45 13 0.01266
45 14 0.00948037
45 15 0.0069398
45 16 0.00496714
45 17 0.00347724
45 18 0.00238168
45 19 0.0015967
45 20 0.0010482
45 21 0.000674138
45 22 0.000424968
45 23 0.000262723
45 24 0.000159375
45 25 9.49254e-05
45 26 5.55456e-05
45 27 3.1952e-05
45 28 1.80805e-05
45 29 1.00711e-05
45 30 5.52556e-06
45 31 2.98813e-06
45 32 1.59377e-06
45 33 8.38929e-07
45 34 4.36072e-07
45 35 2.23959e-07
45 36 1.13706e-07
45 37 5.70967e-08
45 38 2.83686e-08
45 39 1.39519e-08
45 40 6.79422e-09
45 41 3.27712e-09
45 42 1.56606e-09
45 43 7.4164e-10
45 44 3.48136e-10
45 45 1.62024e-10
45 46 7.47834e-11
45 47 3.42509e-11
45 48 1.55961e-11
45 49 7.1231e-12
45 50 3.40304e-12
45 51 2.00586e-12

46 1 0.0252645
46 2 0.0247279
46 3 0.0236875
46 4 0.0222059
46 5 0.0203696
46 6 0.018281
46 7 0.0160492
46 8 0.0137811
46 9 0.0115729
46 10 0.00950353
46 11 0.00763132
46 12 0.00599221
46 13 0.00460121
46 14 0.00345543
46 15 0.00253834
46 16 0.00182435
46 17 0.00128318
46 18 0.000883529
46 19 0.000595747
46 20 0.000393532
46 21 0.000254777
46 22 0.000161736
46 23 0.000100725
46 24 6.15719e-05
46 25 3.69647e-05
46 26 2.18074e-05
46 27 1.26502e-05
46 28 7.21998e-06
46 29 4.05689e-06
46 30 2.24564e-06
46 31 1.22532e-06
46 32 6.59458e-07
46 33 3.50273e-07
46 34 1.83718e-07
46 35 9.52039e-08
46 36 4.8767e-08
46 37 2.47037e-08
46 38 1.23805e-08
46 39 6.14063e-09
46 40 3.01531e-09
46 41 1.4663e-09
46 42 7.06325e-10
46 43 3.37124e-10
46 44 1.59473e-10
46 45 7.47834e-11
46 46 3.47762e-11
46 47 1.60463e-11
46 48 7.36127e-12
46 49 3.38808e-12
46 50 1.6322e-12
46 51 9.69476e-13

47 1 0.00901265
47 2 0.00882165
47 3 0.00845146
47 4 0.00792453
47 5 0.00727179
47 6 0.00652973
47 7 0.00573715
47 8 0.00493181
47 9 0.00414759
47 10 0.00341229
47 11 0.00274633
47 12 0.00216235
47 13 0.00166571
47 14 0.00125551
47 15 0.000926094
47 16 0.000668641
47 17 0.00047265
47 18 0.000327205
47 19 0.00022191
47 20 0.000147493
47 21 9.61131e-05
47 22 6.14328e-05
47 23 3.85331e-05
47 24 2.37304e-05
47 25 1.43565e-05
47 26 8.53696e-06
47 27 4.99258e-06
47 28 2.87322e-06
47 29 1.62816e-06
47 30 9.09e-07
47 31 5.00299e-07
47 32 2.71609e-07
47 33 1.45529e-07
47 34 7.69965e-08
47 35 4.02465e-08
47 36 2.07932e-08
47 37 1.06226e-08
47 38 5.36822e-09
47 39 2.68454e-09
47 40 1.3289e-09
47 41 6.51367e-10
47 42 3.16223e-10
47 43 1.52095e-10
47 44 7.24937e-11
47 45 3.42509e-11
47 46 1.60463e-11
47 47 7.45894e-12
47 48 3.44737e-12
47 49 1.59897e-12
47 50 7.76769e-13
47 51 4.64921e-13

48 1 0.00319405
48 2 0.00312699
48 3 0.00299699
48 4 0.0028119
48 5 0.00258253
48 6 0.00232161
48 7 0.00204269
48 8 0.00175897
48 9 0.0014823
48 10 0.00122243
48 11 0.00098657
48 12 0.000779221
48 13 0.000602359
48 14 0.000455788
48 15 0.000337636
48 16 0.000244907
48 17 0.000173989
48 18 0.000121096
48 19 8.25976e-05
48 20 5.52316e-05
48 21 3.6221e-05
48 22 2.33063e-05
48 23 1.47207e-05
48 24 9.13133e-06
48 25 5.56568e-06
48 26 3.33513e-06
48 27 1.96589e-06
48 28 1.14051e-06
48 29 6.51607e-07
48 30 3.66826e-07
48 31 2.03595e-07
48 32 1.11466e-07
48 33 6.02297e-08
48 34 3.2136e-08
48 35 1.6939e-08
48 36 8.82449e-09
48 37 4.54539e-09
48 38 2.31577e-09
48 39 1.16739e-09
48 40 5.82462e-10
48 41 2.87731e-10
48 42 1.40766e-10
48 43 6.82222e-11
48 44 3.27634e-11
48 45 1.55961e-11
48 46 7.36127e-12
48 47 3.44737e-12
48 48 1.60532e-12
48 49 7.50422e-13
48 50 3.67649e-13
48 51 2.21755e-13

49 1 0.00113397
49 2 0.00111045
49 3 0.00106483
49 4 0.000999842
49 5 0.000919245
49 6 0.000827473
49 7 0.000729247
49 8 0.000629174
49 9 0.000531407
49 10 0.000439378
49 11 0.000355638
49 12 0.00028181
49 13 0.000218635
49 14 0.00016609
49 15 0.000123567
49 16 9.00481e-05
49 17 6.42931e-05
49 18 4.49873e-05
49 19 3.08593e-05
49 20 2.07589e-05
49 21 1.36997e-05
49 22 8.87327e-06
49 23 5.64311e-06
49 24 3.52549e-06
49 25 2.16472e-06
49 26 1.30705e-06
49 27 7.76452e-07
49 28 4.54054e-07
49 29 2.61519e-07
49 30 1.48435e-07
49 31 8.30679e-08
49 32 4.58586e-08
49 33 2.49869e-08
49 34 1.34435e-08
49 35 7.14517e-09
49 36 3.75315e-09
49 37 1.94909e-09
49 38 1.0011e-09
49 39 5.08728e-10
49 40 2.55856e-10
49 41 1.27392e-10
49 42 6.28138e-11
49 43 3.06805e-11
49 44 1.48488e-11
49 45 7.1231e-12
49 46 3.38808e-12
49 47 1.59897e-12
49 48 7.50422e-13
49 49 3.53656e-13
49 50 1.74801e-13
49 51 1.06283e-13

50 1 0.000415669
50 2 0.000407162
50 3 0.000390661
50 4 0.000367138
50 5 0.000337938
50 6 0.000304649
50 7 0.000268966
50 8 0.000232547
50 9 0.000196891
50 10 0.000163245
50 11 0.000132545
50 12 0.000105394
50 13 8.20797e-05
50 14 6.26138e-05
50 15 4.67939e-05
50 16 3.42671e-05
50 17 2.45942e-05
50 18 1.73051e-05
50 19 1.19407e-05
50 20 8.08263e-06
50 21 5.36907e-06
50 22 3.50143e-06
50 23 2.24273e-06
50 24 1.41154e-06
50 25 8.7337e-07
50 26 5.31505e-07
50 27 3.18301e-07
50 28 1.87678e-07
50 29 1.09007e-07
50 30 6.23995e-08
50 31 3.52218e-08
50 32 1.96135e-08
50 33 1.07799e-08
50 34 5.8504e-09
50 35 3.13654e-09
50 36 1.66183e-09
50 37 8.70472e-10
50 38 4.50937e-10
50 39 2.31109e-10
50 40 1.1722e-10
50 41 5.88579e-11
50 42 2.92661e-11
50 43 1.44148e-11
50 44 7.03501e-12
50 45 3.40304e-12
50 46 1.6322e-12
50 47 7.76769e-13
50 48 3.67649e-13
50 49 1.74801e-13
50 50 8.72291e-14
50 51 5.34973e-14

51 1 0.000190123
51 2 0.000186287
51 3 0.000178844
51 4 0.000168226
51 5 0.000155032
51 6 0.000139972
51 7 0.000123803
51 8 0.00010727
51 9 9.10472e-05
51 10 7.57007e-05
51 11 6.16576e-05
51 12 4.91982e-05
51 13 3.84614e-05
51 14 2.94621e-05
51 15 2.21174e-05
51 16 1.62749e-05
51 17 1.17413e-05
51 18 8.30687e-06
51 19 5.76518e-06
51 20 3.92632e-06
51 21 2.62488e-06
51 22 1.72327e-06
51 23 1.11146e-06
51 24 7.04571e-07
51 25 4.39176e-07
51 26 2.69302e-07
51 27 1.62531e-07
51 28 9.65908e-08
51 29 5.65523e-08
51 30 3.26353e-08
51 31 1.85717e-08
51 32 1.04266e-08
51 33 5.77766e-09
51 34 3.16131e-09
51 35 1.70869e-09
51 36 9.12663e-10
51 37 4.81917e-10
51 38 2.51653e-10
51 39 1.30002e-10
51 40 6.64603e-11
51 41 3.36337e-11
51 42 1.68548e-11
51 43 8.36644e-12
51 44 4.11487e-12
51 45 2.00586e-12
51 46 9.69476e-13
51 47 4.64921e-13
51 48 2.21755e-13
51 49 1.06283e-13
51 50 5.34973e-14
51 51 3.30642e-14

