#x #y #phase
1 1 1
1 2 1
1 3 1
1 4 1
1 5 1
1 6 1
1 7 1
1 8 1
1 9 1
1 10 1
1 11 1
1 12 1
1 13 1
1 14 1
1 15 1
1 16 1
1 17 1
1 18 1
1 19 1
1 20 1
1 21 1
1 22 1
1 23 1
1 24 1
1 25 1
1 26 1
1 27 1
1 28 1
1 29 0.999999
1 30 0.999999
1 31 0.999995
1 32 0.999986
1 33 0.999958
1 34 0.999872
1 35 0.99961
1 36 0.998812
1 37 0.996384
1 38 0.98902
1 39 0.966996
1 40 0.903932
1 41 0.745203
1 42 0.464585
1 43 0.214606
1 44 0.0841221
1 45 0.0308359
1 46 0.0110274
1 47 0.00390953
1 48 0.0013826
1 49 0.000490484
1 50 0.000179704
1 51 8.21465e-05

2 1 1
2 2 1
2 3 1
2 4 1
2 5 1
2 6 1
2 7 1
2 8 1
2 9 1
2 10 1
2 11 1
2 12 1
2 13 1
2 14 1
2 15 1
2 16 1
2 17 1
2 18 1
2 19 1
2 20 1
2 21 1
2 22 1
2 23 1
2 24 1
2 25 1
2 26 1
2 27 1
2 28 1
2 29 1
2 30 0.999998
2 31 0.999995
2 32 0.999986
2 33 0.999957
2 34 0.999868
2 35 0.999599
2 36 0.998778
2 37 0.996281
2 38 0.988716
2 39 0.966116
2 40 0.901544
2 41 0.739896
2 42 0.457908
2 43 0.210497
2 44 0.0823523
2 45 0.030171
2 46 0.0107896
2 47 0.00382597
2 48 0.00135339
2 49 0.000480255
2 50 0.000176009
2 51 8.04816e-05

3 1 1
3 2 1
3 3 1
3 4 1
3 5 1
3 6 1
3 7 1
3 8 1
3 9 1
3 10 1
3 11 1
3 12 1
3 13 1
3 14 0.999999
3 15 1
3 16 0.999999
3 17 1
3 18 0.999999
3 19 1
3 20 1
3 21 1
3 22 1
3 23 1
3 24 1
3 25 1
3 26 1
3 27 1
3 28 1
3 29 0.999999
3 30 0.999998
3 31 0.999995
3 32 0.999985
3 33 0.999954
3 34 0.99986
3 35 0.999574
3 36 0.998705
3 37 0.996065
3 38 0.988081
3 39 0.964287
3 40 0.896604
3 41 0.729049
3 42 0.444629
3 43 0.202465
3 44 0.0789149
3 45 0.0288824
3 46 0.010329
3 47 0.00366407
3 48 0.00129679
3 49 0.000460422
3 50 0.000168841
3 51 7.72508e-05

4 1 1
4 2 1
4 3 1
4 4 1
4 5 1
4 6 1
4 7 1
4 8 1
4 9 1
4 10 1
4 11 0.999999
4 12 1
4 13 0.999999
4 14 1
4 15 0.999999
4 16 1
4 17 0.999999
4 18 1
4 19 0.999999
4 20 1
4 21 0.999999
4 22 1
4 23 1
4 24 1
4 25 1
4 26 1
4 27 1
4 28 1
4 29 1
4 30 0.999998
4 31 0.999995
4 32 0.999983
4 33 0.99995
4 34 0.999847
4 35 0.999535
4 36 0.998587
4 37 0.995718
4 38 0.987062
4 39 0.96136
4 40 0.888772
4 41 0.712202
4 42 0.424937
4 43 0.190875
4 44 0.0740062
4 45 0.0270483
4 46 0.00967393
4 47 0.00343374
4 48 0.00121621
4 49 0.000432176
4 50 0.000158625
4 51 7.2643e-05

5 1 1
5 2 1
5 3 1
5 4 1
5 5 1
5 6 1
5 7 1
5 8 1
5 9 1
5 10 0.999999
5 11 1
5 12 0.999999
5 13 1
5 14 0.999998
5 15 1
5 16 0.999998
5 17 1
5 18 0.999998
5 19 1
5 20 0.999998
5 21 1
5 22 0.999999
5 23 1
5 24 0.999999
5 25 1
5 26 1
5 27 1
5 28 1
5 29 0.999999
5 30 0.999998
5 31 0.999994
5 32 0.999981
5 33 0.999943
5 34 0.999827
5 35 0.999476
5 36 0.998414
5 37 0.995206
5 38 0.985564
5 39 0.95709
5 40 0.877503
5 41 0.688715
5 42 0.399193
5 43 0.176264
5 44 0.067901
5 45 0.0247767
5 46 0.00886328
5 47 0.00314865
5 48 0.00111641
5 49 0.000397156
5 50 0.000145948
5 51 6.69189e-05

6 1 1
6 2 1
6 3 1
6 4 1
6 5 1
6 6 1
6 7 1
6 8 1
6 9 0.999999
6 10 1
6 11 0.999998
6 12 1
6 13 0.999997
6 14 1
6 15 0.999996
6 16 1
6 17 0.999996
6 18 1
6 19 0.999996
6 20 1
6 21 0.999997
6 22 1
6 23 0.999998
6 24 1
6 25 0.999999
6 26 1
6 27 1
6 28 1
6 29 0.999999
6 30 0.999998
6 31 0.999993
6 32 0.999978
6 33 0.999933
6 34 0.999798
6 35 0.999392
6 36 0.998167
6 37 0.994478
6 38 0.983446
6 39 0.951103
6 40 0.862006
6 41 0.657852
6 42 0.368013
6 43 0.159315
6 44 0.0609305
6 45 0.0221958
6 46 0.00794308
6 47 0.00282486
6 48 0.00100294
6 49 0.000357299
6 50 0.0001315
6 51 6.03874e-05

7 1 1
7 2 1
7 3 1
7 4 1
7 5 1
7 6 1
7 7 1
7 8 0.999999
7 9 1
7 10 0.999998
7 11 1
7 12 0.999996
7 13 1
7 14 0.999995
7 15 1.00001
7 16 0.999994
7 17 1.00001
7 18 0.999993
7 19 1.00001
7 20 0.999994
7 21 1.00001
7 22 0.999996
7 23 1
7 24 0.999998
7 25 1
7 26 0.999999
7 27 1
7 28 0.999999
7 29 0.999999
7 30 0.999997
7 31 0.999991
7 32 0.999973
7 33 0.999919
7 34 0.999758
7 35 0.999274
7 36 0.997819
7 37 0.993459
7 38 0.980492
7 39 0.942844
7 40 0.841187
7 41 0.618953
7 42 0.332325
7 43 0.140821
7 44 0.0534548
7 45 0.0194422
7 46 0.00696205
7 47 0.00247943
7 48 0.000881743
7 49 0.000314664
7 50 0.000116021
7 51 5.33781e-05

8 1 1
8 2 1
8 3 1
8 4 1
8 5 1
8 6 1
8 7 0.999999
8 8 1
8 9 0.999998
8 10 1
8 11 0.999996
8 12 1.00001
8 13 0.999993
8 14 1.00001
8 15 0.999991
8 16 1.00001
8 17 0.99999
8 18 1.00001
8 19 0.99999
8 20 1.00001
8 21 0.999992
8 22 1.00001
8 23 0.999995
8 24 1
8 25 0.999997
8 26 1
8 27 0.999999
8 28 1
8 29 0.999998
8 30 0.999996
8 31 0.999989
8 32 0.999966
8 33 0.9999
8 34 0.999701
8 35 0.999106
8 36 0.997329
8 37 0.99203
8 38 0.976383
8 39 0.931508
8 40 0.813591
8 41 0.571701
8 42 0.293398
8 43 0.121632
8 44 0.0458334
8 45 0.0166491
8 46 0.00596756
8 47 0.0021289
8 48 0.000758567
8 49 0.000271258
8 50 0.000100233
8 51 4.6215e-05

9 1 1
9 2 1
9 3 1
9 4 1
9 5 1
9 6 0.999999
9 7 1
9 8 0.999998
9 9 1
9 10 0.999995
9 11 1.00001
9 12 0.999992
9 13 1.00001
9 14 0.999988
9 15 1.00001
9 16 0.999986
9 17 1.00001
9 18 0.999985
9 19 1.00001
9 20 0.999987
9 21 1.00001
9 22 0.99999
9 23 1.00001
9 24 0.999994
9 25 1
9 26 0.999997
9 27 1
9 28 0.999998
9 29 0.999999
9 30 0.999995
9 31 0.999985
9 32 0.999956
9 33 0.999871
9 34 0.999618
9 35 0.998866
9 36 0.996633
9 37 0.990016
9 38 0.970642
9 39 0.915953
9 40 0.777392
9 41 0.516463
9 42 0.252789
9 43 0.102582
9 44 0.0383963
9 45 0.0139363
9 46 0.00500186
9 47 0.00178807
9 48 0.000638577
9 49 0.000228889
9 50 8.47885e-05
9 51 3.91917e-05

10 1 1
10 2 1
10 3 1
10 4 1
10 5 0.999999
10 6 1
10 7 0.999998
10 8 1
10 9 0.999995
10 10 1.00001
10 11 0.999991
10 12 1.00001
10 13 0.999986
10 14 1.00002
10 15 0.999982
10 16 1.00002
10 17 0.999979
10 18 1.00002
10 19 0.99998
10 20 1.00002
10 21 0.999984
10 22 1.00001
10 23 0.999989
10 24 1.00001
10 25 0.999993
10 26 1
10 27 0.999997
10 28 1
10 29 0.999996
10 30 0.999994
10 31 0.99998
10 32 0.999942
10 33 0.999829
10 34 0.999497
10 35 0.998519
10 36 0.995632
10 37 0.987145
10 38 0.962562
10 39 0.894584
10 40 0.730542
10 41 0.454588
10 42 0.212219
10 43 0.0844287
10 44 0.03142
10 45 0.0114017
10 46 0.00409939
10 47 0.00146901
10 48 0.000526008
10 49 0.000189047
10 50 7.02279e-05
10 51 3.25535e-05

11 1 1
11 2 1
11 3 1
11 4 0.999999
11 5 1
11 6 0.999998
11 7 1
11 8 0.999996
11 9 1.00001
11 10 0.999991
11 11 1.00001
11 12 0.999985
11 13 1.00002
11 14 0.999978
11 15 1.00002
11 16 0.999973
11 17 1.00003
11 18 0.999972
11 19 1.00003
11 20 0.999975
11 21 1.00002
11 22 0.999981
11 23 1.00002
11 24 0.999988
11 25 1.00001
11 26 0.999994
11 27 1
11 28 0.999996
11 29 0.999998
11 30 0.999989
11 31 0.999973
11 32 0.99992
11 33 0.999767
11 34 0.999319
11 35 0.998008
11 36 0.99417
11 37 0.982995
11 38 0.951078
11 39 0.865249
11 40 0.671271
11 41 0.388503
11 42 0.173385
11 43 0.0677823
11 44 0.0251113
11 45 0.00911663
11 46 0.00328515
11 47 0.00118054
11 48 0.000423973
11 49 0.000152836
11 50 5.69561e-05
11 51 2.64853e-05

12 1 1
12 2 1
12 3 1
12 4 1
12 5 0.999999
12 6 1
12 7 0.999996
12 8 1.00001
12 9 0.999992
12 10 1.00001
12 11 0.999985
12 12 1.00002
12 13 0.999977
12 14 1.00003
12 15 0.999969
12 16 1.00003
12 17 0.999964
12 18 1.00004
12 19 0.999966
12 20 1.00003
12 21 0.999972
12 22 1.00002
12 23 0.99998
12 24 1.00002
12 25 0.999989
12 26 1.00001
12 27 0.999994
12 28 1
12 29 0.999993
12 30 0.999988
12 31 0.99996
12 32 0.999887
12 33 0.999671
12 34 0.999049
12 35 0.997242
12 36 0.992
12 37 0.976906
12 38 0.934591
12 39 0.825141
12 40 0.599059
12 41 0.321491
12 42 0.137753
12 43 0.0530708
12 44 0.0195999
12 45 0.00712438
12 46 0.00257426
12 47 0.00092805
12 48 0.000334403
12 49 0.000120952
12 50 4.52329e-05
12 51 2.11077e-05

13 1 1
13 2 1
13 3 1
13 4 0.999999
13 5 1
13 6 0.999997
13 7 1
13 8 0.999993
13 9 1.00001
13 10 0.999986
13 11 1.00002
13 12 0.999977
13 13 1.00003
13 14 0.999966
13 15 1.00004
13 16 0.999958
13 17 1.00004
13 18 0.999956
13 19 1.00004
13 20 0.999961
13 21 1.00003
13 22 0.999971
13 23 1.00002
13 24 0.999981
13 25 1.00001
13 26 0.99999
13 27 1.00001
13 28 0.999993
13 29 0.999995
13 30 0.999978
13 31 0.999942
13 32 0.999833
13 33 0.999524
13 34 0.998634
13 35 0.996074
13 36 0.988721
13 37 0.967842
13 38 0.910734
13 39 0.770885
13 40 0.515766
13 41 0.257139
13 42 0.106394
13 43 0.0405221
13 44 0.014941
13 45 0.00544171
13 46 0.00197263
13 47 0.000713724
13 48 0.000258124
13 49 9.37079e-05
13 50 3.51798e-05
13 51 1.64797e-05

14 1 1
14 2 1
14 3 0.999999
14 4 1
14 5 0.999998
14 6 1
14 7 0.999995
14 8 1.00001
14 9 0.999988
14 10 1.00002
14 11 0.999978
14 12 1.00003
14 13 0.999966
14 14 1.00004
14 15 0.999955
14 16 1.00005
14 17 0.999949
14 18 1.00005
14 19 0.999951
14 20 1.00005
14 21 0.99996
14 22 1.00003
14 23 0.999972
14 24 1.00002
14 25 0.999984
14 26 1.00001
14 27 0.999991
14 28 1
14 29 0.999985
14 30 0.99997
14 31 0.99991
14 32 0.999749
14 33 0.999288
14 34 0.997981
14 35 0.994255
14 36 0.983682
14 37 0.954178
14 38 0.876163
14 39 0.699266
14 40 0.426096
14 41 0.198647
14 42 0.0798899
14 43 0.0301777
14 44 0.011125
14 45 0.00406307
14 46 0.00147839
14 47 0.00053705
14 48 0.000195015
14 49 7.10834e-05
14 50 2.67987e-05
14 51 1.26061e-05

15 1 1
15 2 1
15 3 1
15 4 0.999999
15 5 1
15 6 0.999996
15 7 1.00001
15 8 0.999991
15 9 1.00001
15 10 0.999982
15 11 1.00002
15 12 0.999969
15 13 1.00004
15 14 0.999955
15 15 1.00005
15 16 0.999945
15 17 1.00006
15 18 0.999943
15 19 1.00006
15 20 0.999949
15 21 1.00004
15 22 0.999962
15 23 1.00003
15 24 0.999976
15 25 1.00002
15 26 0.999986
15 27 1.00001
15 28 0.999988
15 29 0.999985
15 30 0.999947
15 31 0.999861
15 32 0.999609
15 33 0.998907
15 34 0.99693
15 35 0.991366
15 36 0.975802
15 37 0.933381
15 38 0.826503
15 39 0.609259
15 40 0.336714
15 41 0.148261
15 42 0.0583465
15 43 0.0219262
15 44 0.008093
15 45 0.00296609
15 46 0.00108382
15 47 0.000395457
15 48 0.000144232
15 49 5.28037e-05
15 50 1.99981e-05
15 51 9.44968e-06

16 1 1
16 2 1
16 3 0.999999
16 4 1
16 5 0.999998
16 6 1
16 7 0.999994
16 8 1.00001
16 9 0.999986
16 10 1.00002
16 11 0.999973
16 12 1.00003
16 13 0.999958
16 14 1.00005
16 15 0.999945
16 16 1.00006
16 17 0.999938
16 18 1.00006
16 19 0.999941
16 20 1.00005
16 21 0.999952
16 22 1.00004
16 23 0.999967
16 24 1.00003
16 25 0.99998
16 26 1.00001
16 27 0.999987
16 28 0.999995
16 29 0.999966
16 30 0.999919
16 31 0.999772
16 32 0.999376
16 33 0.998273
16 34 0.995208
16 35 0.98669
16 36 0.963297
16 37 0.901588
16 38 0.756758
16 39 0.50475
16 40 0.254349
16 41 0.107019
16 42 0.0414746
16 43 0.0155488
16 44 0.00575345
16 45 0.00211752
16 46 0.000777407
16 47 0.000285022
16 48 0.00010445
16 49 3.842e-05
16 50 1.46221e-05
16 51 6.94293e-06

17 1 1
17 2 1
17 3 1
17 4 0.999999
17 5 1
17 6 0.999996
17 7 1.00001
17 8 0.99999
17 9 1.00001
17 10 0.999979
17 11 1.00003
17 12 0.999964
17 13 1.00004
17 14 0.999949
17 15 1.00006
17 16 0.999938
17 17 1.00006
17 18 0.999936
17 19 1.00006
17 20 0.999944
17 21 1.00005
17 22 0.999958
17 23 1.00003
17 24 0.999973
17 25 1.00002
17 26 0.999983
17 27 1
17 28 0.999974
17 29 0.999951
17 30 0.999858
17 31 0.999624
17 32 0.998974
17 33 0.9972
17 34 0.992325
17 35 0.978993
17 36 0.943251
17 37 0.853318
17 38 0.663216
17 39 0.395109
17 40 0.183933
17 41 0.0748264
17 42 0.0287182
17 43 0.010767
17 44 0.00399859
17 45 0.00147881
17 46 0.000545734
17 47 0.000201125
17 48 7.40819e-05
17 49 2.73878e-05
17 50 1.04782e-05
17 51 5.00108e-06

18 1 1
18 2 1
18 3 0.999999
18 4 1
18 5 0.999998
18 6 1
18 7 0.999993
18 8 1.00001
18 9 0.999985
18 10 1.00002
18 11 0.999972
18 12 1.00004
18 13 0.999956
18 14 1.00005
18 15 0.999943
18 16 1.00006
18 17 0.999936
18 18 1.00006
18 19 0.999939
18 20 1.00006
18 21 0.999951
18 22 1.00004
18 23 0.999966
18 24 1.00002
18 25 0.999979
18 26 1.00001
18 27 0.999978
18 28 0.999971
18 29 0.999905
18 30 0.99976
18 31 0.999354
18 32 0.998271
18 33 0.995339
18 34 0.987407
18 35 0.966137
18 36 0.911026
18 37 0.781889
18 38 0.5479
18 39 0.291891
18 40 0.127705
18 41 0.0507689
18 42 0.0193885
18 43 0.00728437
18 44 0.00271779
18 45 0.00101061
18 46 0.000375052
18 47 0.000138994
18 48 5.14763e-05
18 49 1.91332e-05
18 50 7.36113e-06
18 51 3.53267e-06

19 1 1
19 2 1
19 3 1
19 4 0.999999
19 5 1
19 6 0.999996
19 7 1.00001
19 8 0.99999
19 9 1.00001
19 10 0.99998
19 11 1.00003
19 12 0.999966
19 13 1.00004
19 14 0.999951
19 15 1.00006
19 16 0.999941
19 17 1.00006
19 18 0.999939
19 19 1.00006
19 20 0.999947
19 21 1.00005
19 22 0.999961
19 23 1.00003
19 24 0.999975
19 25 1.00001
19 26 0.999978
19 27 0.999983
19 28 0.999931
19 29 0.999837
19 30 0.999567
19 31 0.998869
19 32 0.997009
19 33 0.992053
19 34 0.978878
19 35 0.944474
19 36 0.859732
19 37 0.681685
19 38 0.42217
19 39 0.204167
19 40 0.085434
19 41 0.0334887
19 42 0.0127748
19 43 0.00481774
19 44 0.00180737
19 45 0.000676097
19 46 0.000252428
19 47 9.41055e-05
19 48 3.50541e-05
19 49 1.31038e-05
19 50 5.07131e-06
19 51 2.4479e-06

20 1 1
20 2 1
20 3 1
20 4 1
20 5 0.999998
20 6 1
20 7 0.999994
20 8 1.00001
20 9 0.999987
20 10 1.00002
20 11 0.999975
20 12 1.00003
20 13 0.999961
20 14 1.00005
20 15 0.999949
20 16 1.00005
20 17 0.999944
20 18 1.00006
20 19 0.999947
20 20 1.00005
20 21 0.999958
20 22 1.00003
20 23 0.999971
20 24 1.00002
20 25 0.999977
20 26 0.999991
20 27 0.999945
20 28 0.999884
20 29 0.999691
20 30 0.999215
20 31 0.997965
20 32 0.994703
20 33 0.986147
20 34 0.963906
20 35 0.908017
20 36 0.780762
20 37 0.554223
20 38 0.302851
20 39 0.135988
20 40 0.0552732
20 41 0.0215144
20 42 0.00822234
20 43 0.00311681
20 44 0.00117654
20 45 0.000442973
20 46 0.000166454
20 47 6.24447e-05
20 48 2.34029e-05
20 49 8.80118e-06
20 50 3.42744e-06
20 51 1.66452e-06

21 1 1
21 2 1
21 3 1
21 4 0.999999
21 5 1
21 6 0.999997
21 7 1.00001
21 8 0.999992
21 9 1.00001
21 10 0.999984
21 11 1.00002
21 12 0.999972
21 13 1.00003
21 14 0.99996
21 15 1.00004
21 16 0.999952
21 17 1.00005
21 18 0.999951
21 19 1.00005
21 20 0.999958
21 21 1.00004
21 22 0.999969
21 23 1.00002
21 24 0.999975
21 25 0.999997
21 26 0.999952
21 27 0.999911
21 28 0.999763
21 29 0.99942
21 30 0.99853
21 31 0.996259
21 32 0.990407
21 33 0.975376
21 34 0.937498
21 35 0.847784
21 36 0.667409
21 37 0.414377
21 38 0.203449
21 39 0.0868126
21 40 0.0346994
21 41 0.0134834
21 42 0.00517439
21 43 0.00197363
21 44 0.000750109
21 45 0.000284374
21 46 0.000107585
21 47 4.06276e-05
21 48 1.53243e-05
21 49 5.79955e-06
21 50 2.27333e-06
21 51 1.11109e-06

22 1 1
22 2 1
22 3 1
22 4 1
22 5 0.999999
22 6 1
22 7 0.999996
22 8 1.00001
22 9 0.99999
22 10 1.00001
22 11 0.999981
22 12 1.00002
22 13 0.999971
22 14 1.00003
22 15 0.999962
22 16 1.00004
22 17 0.999958
22 18 1.00004
22 19 0.999961
22 20 1.00003
22 21 0.999969
22 22 1.00002
22 23 0.999974
22 24 1
22 25 0.999956
22 26 0.999928
22 27 0.999806
22 28 0.999543
22 29 0.998869
22 30 0.997195
22 31 0.992966
22 32 0.982288
22 33 0.95558
22 34 0.891368
22 35 0.753115
22 36 0.523901
22 37 0.28475
22 38 0.129219
22 39 0.0534408
22 40 0.0211992
22 41 0.00825539
22 42 0.00318658
22 43 0.00122402
22 44 0.000468635
22 45 0.000178965
22 46 6.81905e-05
22 47 2.59295e-05
22 48 9.84617e-06
22 49 3.75098e-06
22 50 1.4804e-06
22 51 7.28363e-07

23 1 1
23 2 1
23 3 1
23 4 1
23 5 1
23 6 0.999998
23 7 1
23 8 0.999995
23 9 1.00001
23 10 0.999989
23 11 1.00002
23 12 0.99998
23 13 1.00002
23 14 0.999972
23 15 1.00003
23 16 0.999967
23 17 1.00003
23 18 0.999966
23 19 1.00003
23 20 0.999971
23 21 1.00002
23 22 0.999974
23 23 1
23 24 0.999958
23 25 0.999937
23 26 0.99983
23 27 0.999616
23 28 0.999072
23 29 0.997762
23 30 0.994527
23 31 0.986523
23 32 0.966786
23 33 0.91933
23 34 0.81357
23 35 0.618518
23 36 0.372465
23 37 0.181699
23 38 0.0783753
23 39 0.0318861
23 40 0.0126345
23 41 0.0049443
23 42 0.00192201
23 43 0.000743988
23 44 0.000287073
23 45 0.00011047
23 46 4.24065e-05
23 47 1.62417e-05
23 48 6.21061e-06
23 49 2.38228e-06
23 50 9.46916e-07
23 51 4.69105e-07

24 1 1
24 2 1
24 3 1
24 4 1
24 5 0.999999
24 6 1
24 7 0.999998
24 8 1
24 9 0.999994
24 10 1.00001
24 11 0.999988
24 12 1.00002
24 13 0.999981
24 14 1.00002
24 15 0.999976
24 16 1.00003
24 17 0.999973
24 18 1.00002
24 19 0.999975
24 20 1.00002
24 21 0.999975
24 22 1
24 23 0.999958
24 24 0.99994
24 25 0.999841
24 26 0.999654
24 27 0.999188
24 28 0.998098
24 29 0.995472
24 30 0.989127
24 31 0.973773
24 32 0.937202
24 33 0.854648
24 34 0.692574
24 35 0.457134
24 36 0.241037
24 37 0.109213
24 38 0.045788
24 39 0.0185158
24 40 0.00736058
24 41 0.00290001
24 42 0.00113634
24 43 0.000443498
24 44 0.000172529
24 45 6.69229e-05
24 46 2.5889e-05
24 47 9.9898e-06
24 48 3.84771e-06
24 49 1.48644e-06
24 50 5.95199e-07
24 51 2.96967e-07

25 1 1
25 2 1
25 3 1
25 4 1
25 5 1
25 6 0.999999
25 7 1
25 8 0.999997
25 9 1
25 10 0.999993
25 11 1.00001
25 12 0.999989
25 13 1.00001
25 14 0.999984
25 15 1.00002
25 16 0.99998
25 17 1.00002
25 18 0.999979
25 19 1.00001
25 20 0.999977
25 21 0.999997
25 22 0.999956
25 23 0.999937
25 24 0.999841
25 25 0.999666
25 26 0.99924
25 27 0.998276
25 28 0.996013
25 29 0.990684
25 30 0.978073
25 31 0.948511
25 32 0.88186
25 33 0.746693
25 34 0.530859
25 35 0.302046
25 36 0.144422
25 37 0.0626647
25 38 0.0259388
25 39 0.010497
25 40 0.00419847
25 41 0.00166754
25 42 0.000659062
25 43 0.000259458
25 44 0.000101794
25 45 3.98122e-05
25 46 1.55247e-05
25 47 6.03689e-06
25 48 2.34261e-06
25 49 9.11657e-07
25 50 3.67825e-07
25 51 1.84868e-07

26 1 1
26 2 1
26 3 1
26 4 1
26 5 1
26 6 1
26 7 0.999999
26 8 1
26 9 0.999997
26 10 1
26 11 0.999994
26 12 1.00001
26 13 0.99999
26 14 1.00001
26 15 0.999986
26 16 1.00001
26 17 0.999983
26 18 1.00001
26 19 0.999978
26 20 0.999991
26 21 0.999952
26 22 0.999928
26 23 0.99983
26 24 0.999654
26 25 0.99924
26 26 0.998331
26 27 0.996259
26 28 0.991513
26 29 0.980558
26 30 0.955401
26 31 0.899288
26 32 0.784138
26 33 0.589429
26 34 0.358941
26 35 0.181271
26 36 0.0816433
26 37 0.0346851
26 38 0.014319
26 39 0.00582389
26 40 0.00234799
26 41 0.000940925
26 42 0.000375282
26 43 0.000149074
26 44 5.9001e-05
26 45 2.32724e-05
26 46 9.14983e-06
26 47 3.5863e-06
26 48 1.40237e-06
26 49 5.4988e-07
26 50 2.23595e-07
26 51 1.13223e-07

27 1 1
27 2 1
27 3 1
27 4 1
27 5 1
27 6 1
27 7 1
27 8 0.999999
27 9 1
27 10 0.999997
27 11 1
27 12 0.999994
27 13 1.00001
27 14 0.999991
27 15 1.00001
27 16 0.999987
27 17 1
27 18 0.999978
27 19 0.999983
27 20 0.999945
27 21 0.999911
27 22 0.999806
27 23 0.999616
27 24 0.999188
27 25 0.998276
27 26 0.996259
27 27 0.991773
27 28 0.981697
27 29 0.959112
27 30 0.909616
27 31 0.808312
27 32 0.63195
27 33 0.40684
27 34 0.216293
27 35 0.10122
27 36 0.0442216
27 37 0.018659
27 38 0.00773013
27 39 0.00316816
27 40 0.00128898
27 41 0.000521473
27 42 0.000209963
27 43 8.41791e-05
27 44 3.36177e-05
27 45 1.33761e-05
27 46 5.3034e-06
27 47 2.09562e-06
27 48 8.25914e-07
27 49 3.26352e-07
27 50 1.33766e-07
27 51 6.82554e-08

28 1 1
28 2 1
28 3 1
28 4 1
28 5 1
28 6 1
28 7 0.999999
28 8 1
28 9 0.999998
28 10 1
28 11 0.999996
28 12 1
28 13 0.999993
28 14 1
28 15 0.999988
28 16 0.999995
28 17 0.999974
28 18 0.999971
28 19 0.999931
28 20 0.999884
28 21 0.999763
28 22 0.999543
28 23 0.999072
28 24 0.998098
28 25 0.996013
28 26 0.991513
28 27 0.981697
28 28 0.960284
28 29 0.914418
28 30 0.821794
28 31 0.659261
28 32 0.442531
28 33 0.245988
28 34 0.119454
28 35 0.053717
28 36 0.023201
28 37 0.00980588
28 38 0.00409151
28 39 0.00169238
28 40 0.000695359
28 41 0.000284112
28 42 0.00011551
28 43 4.67515e-05
28 44 1.88429e-05
28 45 7.56426e-06
28 46 3.02493e-06
28 47 1.20522e-06
28 48 4.78804e-07
28 49 1.90686e-07
28 50 7.87966e-08
28 51 4.05203e-08

29 1 0.999999
29 2 1
29 3 0.999999
29 4 1
29 5 0.999999
29 6 0.999999
29 7 0.999999
29 8 0.999998
29 9 0.999999
29 10 0.999996
29 11 0.999998
29 12 0.999993
29 13 0.999995
29 14 0.999985
29 15 0.999985
29 16 0.999966
29 17 0.999951
29 18 0.999905
29 19 0.999837
29 20 0.999691
29 21 0.99942
29 22 0.998869
29 23 0.997762
29 24 0.995472
29 25 0.990684
29 26 0.980558
29 27 0.959112
29 28 0.914418
29 29 0.826119
29 30 0.672544
29 31 0.464363
29 32 0.267441
29 33 0.134305
29 34 0.0621493
29 35 0.0275047
29 36 0.0118758
29 37 0.00505191
29 38 0.00212734
29 39 0.000888862
29 40 0.000368983
29 41 0.000152298
29 42 6.25365e-05
29 43 2.55559e-05
29 44 1.03967e-05
29 45 4.2115e-06
29 46 1.6989e-06
29 47 6.82594e-07
29 48 2.73385e-07
29 49 1.09748e-07
29 50 4.57266e-08
29 51 2.37002e-08

30 1 0.999999
30 2 0.999998
30 3 0.999998
30 4 0.999998
30 5 0.999998
30 6 0.999998
30 7 0.999997
30 8 0.999996
30 9 0.999995
30 10 0.999994
30 11 0.999989
30 12 0.999988
30 13 0.999978
30 14 0.99997
30 15 0.999947
30 16 0.999919
30 17 0.999858
30 18 0.99976
30 19 0.999567
30 20 0.999215
30 21 0.99853
30 22 0.997195
30 23 0.994527
30 24 0.989127
30 25 0.978073
30 26 0.955401
30 27 0.909616
30 28 0.821794
30 29 0.672544
30 30 0.471691
30 31 0.278659
30 32 0.144008
30 33 0.0684856
30 34 0.0310697
30 35 0.01372
30 36 0.00595822
30 37 0.00255769
30 38 0.00108816
30 39 0.000459508
30 40 0.00019277
30 41 8.03917e-05
30 42 3.33437e-05
30 43 1.37598e-05
30 44 5.65093e-06
30 45 2.31008e-06
30 46 9.40118e-07
30 47 3.80942e-07
30 48 1.53825e-07
30 49 6.22508e-08
30 50 2.61544e-08
30 51 1.36639e-08

31 1 0.999995
31 2 0.999995
31 3 0.999995
31 4 0.999995
31 5 0.999994
31 6 0.999993
31 7 0.999991
31 8 0.999989
31 9 0.999985
31 10 0.99998
31 11 0.999973
31 12 0.99996
31 13 0.999942
31 14 0.99991
31 15 0.999861
31 16 0.999772
31 17 0.999624
31 18 0.999354
31 19 0.998869
31 20 0.997965
31 21 0.996259
31 22 0.992966
31 23 0.986523
31 24 0.973773
31 25 0.948511
31 26 0.899288
31 27 0.808312
31 28 0.659261
31 29 0.464363
31 30 0.278659
31 31 0.14738
31 32 0.0718881
31 33 0.0334308
31 34 0.0151111
31 35 0.0067072
31 36 0.00293886
31 37 0.00127476
31 38 0.000548263
31 39 0.000234047
31 40 9.92402e-05
31 41 4.18203e-05
31 42 1.75224e-05
31 43 7.30237e-06
31 44 3.02768e-06
31 45 1.24914e-06
31 46 5.12883e-07
31 47 2.09605e-07
31 48 8.53388e-08
31 49 3.48166e-08
31 50 1.47518e-08
31 51 7.76866e-09

32 1 0.999986
32 2 0.999986
32 3 0.999985
32 4 0.999983
32 5 0.999981
32 6 0.999978
32 7 0.999973
32 8 0.999966
32 9 0.999956
32 10 0.999942
32 11 0.99992
32 12 0.999887
32 13 0.999833
32 14 0.999749
32 15 0.999609
32 16 0.999376
32 17 0.998974
32 18 0.998271
32 19 0.997009
32 20 0.994703
32 21 0.990407
32 22 0.982288
32 23 0.966786
32 24 0.937202
32 25 0.88186
32 26 0.784138
32 27 0.63195
32 28 0.442531
32 29 0.267441
32 30 0.144008
32 31 0.0718881
32 32 0.0342576
32 33 0.0158602
32 34 0.00720264
32 35 0.0032252
32 36 0.00142806
32 37 0.000626313
32 38 0.000272383
32 39 0.00011756
32 40 5.03864e-05
32 41 2.14567e-05
32 42 9.08226e-06
32 43 3.82256e-06
32 44 1.60013e-06
32 45 6.66292e-07
32 46 2.76014e-07
32 47 1.1377e-07
32 48 4.67045e-08
32 49 1.92103e-08
32 50 8.20862e-09
32 51 4.35771e-09

33 1 0.999958
33 2 0.999957
33 3 0.999954
33 4 0.99995
33 5 0.999943
33 6 0.999933
33 7 0.999919
33 8 0.9999
33 9 0.999871
33 10 0.999829
33 11 0.999767
33 12 0.999671
33 13 0.999524
33 14 0.999288
33 15 0.998907
33 16 0.998273
33 17 0.9972
33 18 0.995339
33 19 0.992053
33 20 0.986147
33 21 0.975376
33 22 0.95558
33 23 0.91933
33 24 0.854648
33 25 0.746693
33 26 0.589429
33 27 0.40684
33 28 0.245988
33 29 0.134305
33 30 0.0684856
33 31 0.0334308
33 32 0.0158602
33 33 0.00737606
33 34 0.00337904
33 35 0.00152906
33 36 0.000684642
33 37 0.000303683
33 38 0.00013356
33 39 5.82825e-05
33 40 2.525e-05
33 41 1.08659e-05
33 42 4.64646e-06
33 43 1.97504e-06
33 44 8.34693e-07
33 45 3.50785e-07
33 46 1.4661e-07
33 47 6.09489e-08
33 48 2.52278e-08
33 49 1.04614e-08
33 50 4.50836e-09
33 51 2.41268e-09

34 1 0.999872
34 2 0.999868
34 3 0.99986
34 4 0.999847
34 5 0.999827
34 6 0.999798
34 7 0.999758
34 8 0.999701
34 9 0.999618
34 10 0.999497
34 11 0.999319
34 12 0.999049
34 13 0.998634
34 14 0.997981
34 15 0.99693
34 16 0.995208
34 17 0.992325
34 18 0.987407
34 19 0.978878
34 20 0.963906
34 21 0.937498
34 22 0.891368
34 23 0.81357
34 24 0.692574
34 25 0.530859
34 26 0.358941
34 27 0.216293
34 28 0.119454
34 29 0.0621493
34 30 0.0310697
34 31 0.0151111
34 32 0.00720264
34 33 0.00337904
34 34 0.00156434
34 35 0.000715881
34 36 0.000324221
34 37 0.000145457
34 38 6.46925e-05
34 39 2.85419e-05
34 40 1.24987e-05
34 41 5.43505e-06
34 42 2.34786e-06
34 43 1.00786e-06
34 44 4.30017e-07
34 45 1.82383e-07
34 46 7.69022e-08
34 47 3.22426e-08
34 48 1.34558e-08
34 49 5.62541e-09
34 50 2.44499e-09
34 51 1.31902e-09

35 1 0.99961
35 2 0.999599
35 3 0.999574
35 4 0.999535
35 5 0.999476
35 6 0.999392
35 7 0.999274
35 8 0.999106
35 9 0.998866
35 10 0.998519
35 11 0.998008
35 12 0.997242
35 13 0.996074
35 14 0.994255
35 15 0.991366
35 16 0.98669
35 17 0.978993
35 18 0.966137
35 19 0.944474
35 20 0.908017
35 21 0.847784
35 22 0.753115
35 23 0.618518
35 24 0.457134
35 25 0.302046
35 26 0.181271
35 27 0.10122
35 28 0.053717
35 29 0.0275047
35 30 0.01372
35 31 0.0067072
35 32 0.0032252
35 33 0.00152906
35 34 0.000715881
35 35 0.00033138
35 36 0.000151809
35 37 6.8882e-05
35 38 3.09782e-05
35 39 1.38172e-05
35 40 6.11541e-06
35 41 2.68703e-06
35 42 1.17252e-06
35 43 5.08267e-07
35 44 2.18914e-07
35 45 9.36956e-08
35 46 3.9854e-08
35 47 1.68507e-08
35 48 7.08994e-09
35 49 2.98817e-09
35 50 1.30986e-09
35 51 7.1235e-10

36 1 0.998812
36 2 0.998778
36 3 0.998705
36 4 0.998587
36 5 0.998414
36 6 0.998167
36 7 0.997819
36 8 0.997329
36 9 0.996633
36 10 0.995632
36 11 0.99417
36 12 0.992
36 13 0.988721
36 14 0.983682
36 15 0.975802
36 16 0.963297
36 17 0.943251
36 18 0.911026
36 19 0.859732
36 20 0.780762
36 21 0.667409
36 22 0.523901
36 23 0.372465
36 24 0.241037
36 25 0.144422
36 26 0.0816433
36 27 0.0442216
36 28 0.023201
36 29 0.0118758
36 30 0.00595822
36 31 0.00293886
36 32 0.00142806
36 33 0.000684642
36 34 0.000324221
36 35 0.000151809
36 36 7.03397e-05
36 37 3.22755e-05
36 38 1.46759e-05
36 39 6.61684e-06
36 40 2.9596e-06
36 41 1.31383e-06
36 42 5.79051e-07
36 43 2.53442e-07
36 44 1.10181e-07
36 45 4.75828e-08
36 46 2.04152e-08
36 47 8.70398e-09
36 48 3.69195e-09
36 49 1.56863e-09
36 50 6.93484e-10
36 51 3.80181e-10

37 1 0.996384
37 2 0.996281
37 3 0.996065
37 4 0.995718
37 5 0.995206
37 6 0.994478
37 7 0.993459
37 8 0.99203
37 9 0.990016
37 10 0.987145
37 11 0.982995
37 12 0.976906
37 13 0.967842
37 14 0.954178
37 15 0.933381
37 16 0.901588
37 17 0.853318
37 18 0.781889
37 19 0.681685
37 20 0.554223
37 21 0.414377
37 22 0.28475
37 23 0.181699
37 24 0.109213
37 25 0.0626647
37 26 0.0346851
37 27 0.018659
37 28 0.00980588
37 29 0.00505191
37 30 0.00255769
37 31 0.00127476
37 32 0.000626313
37 33 0.000303683
37 34 0.000145457
37 35 6.8882e-05
37 36 3.22755e-05
37 37 1.49741e-05
37 38 6.88314e-06
37 39 3.13655e-06
37 40 1.41758e-06
37 41 6.35692e-07
37 42 2.82936e-07
37 43 1.25019e-07
37 44 5.48509e-08
37 45 2.38981e-08
37 46 1.0341e-08
37 47 4.44528e-09
37 48 1.90071e-09
37 49 8.14079e-10
37 50 3.62972e-10
37 51 2.00589e-10

38 1 0.98902
38 2 0.988716
38 3 0.988081
38 4 0.987062
38 5 0.985564
38 6 0.983446
38 7 0.980492
38 8 0.976383
38 9 0.970642
38 10 0.962562
38 11 0.951078
38 12 0.934591
38 13 0.910734
38 14 0.876163
38 15 0.826503
38 16 0.756758
38 17 0.663216
38 18 0.5479
38 19 0.42217
38 20 0.302851
38 21 0.203449
38 22 0.129219
38 23 0.0783753
38 24 0.045788
38 25 0.0259388
38 26 0.014319
38 27 0.00773013
38 28 0.00409151
38 29 0.00212734
38 30 0.00108816
38 31 0.000548263
38 32 0.000272383
38 33 0.00013356
38 34 6.46925e-05
38 35 3.09782e-05
38 36 1.46759e-05
38 37 6.88314e-06
38 38 3.19791e-06
38 39 1.47255e-06
38 40 6.72355e-07
38 41 3.04516e-07
38 42 1.36847e-07
38 43 6.10334e-08
38 44 2.70197e-08
38 45 1.18748e-08
38 46 5.1816e-09
38 47 2.24554e-09
38 48 9.67794e-10
38 49 4.1783e-10
38 50 1.87885e-10
38 51 1.04665e-10

39 1 0.966996
39 2 0.966116
39 3 0.964287
39 4 0.96136
39 5 0.95709
39 6 0.951103
39 7 0.942844
39 8 0.931508
39 9 0.915953
39 10 0.894584
39 11 0.865249
39 12 0.825141
39 13 0.770885
39 14 0.699266
39 15 0.609259
39 16 0.50475
39 17 0.395109
39 18 0.291891
39 19 0.204167
39 20 0.135988
39 21 0.0868126
39 22 0.0534408
39 23 0.0318861
39 24 0.0185158
39 25 0.010497
39 26 0.00582389
39 27 0.00316816
39 28 0.00169238
39 29 0.000888862
39 30 0.000459508
39 31 0.000234047
39 32 0.00011756
39 33 5.82825e-05
39 34 2.85419e-05
39 35 1.38172e-05
39 36 6.61684e-06
39 37 3.13655e-06
39 38 1.47255e-06
39 39 6.85049e-07
39 40 3.15928e-07
39 41 1.44483e-07
39 42 6.55436e-08
39 43 2.94998e-08
39 44 1.31751e-08
39 45 5.83972e-09
39 46 2.56922e-09
39 47 1.12236e-09
39 48 4.87534e-10
39 49 2.12164e-10
39 50 9.62164e-11
39 51 5.40288e-11

40 1 0.903932
40 2 0.901544
40 3 0.896604
40 4 0.888772
40 5 0.877503
40 6 0.862006
40 7 0.841187
40 8 0.813591
40 9 0.777392
40 10 0.730542
40 11 0.671271
40 12 0.599059
40 13 0.515766
40 14 0.426096
40 15 0.336714
40 16 0.254349
40 17 0.183933
40 18 0.127705
40 19 0.085434
40 20 0.0552732
40 21 0.0346994
40 22 0.0211992
40 23 0.0126345
40 24 0.00736058
40 25 0.00419847
40 26 0.00234799
40 27 0.00128898
40 28 0.000695359
40 29 0.000368983
40 30 0.00019277
40 31 9.92402e-05
40 32 5.03864e-05
40 33 2.525e-05
40 34 1.24987e-05
40 35 6.11541e-06
40 36 2.9596e-06
40 37 1.41758e-06
40 38 6.72355e-07
40 39 3.15928e-07
40 40 1.47124e-07
40 41 6.79241e-08
40 42 3.10973e-08
40 43 1.41212e-08
40 44 6.36119e-09
40 45 2.84311e-09
40 46 1.261e-09
40 47 5.55228e-10
40 48 2.43067e-10
40 49 1.06617e-10
40 50 4.87629e-11
40 51 2.76011e-11

41 1 0.745203
41 2 0.739896
41 3 0.729049
41 4 0.712202
41 5 0.688715
41 6 0.657852
41 7 0.618953
41 8 0.571701
41 9 0.516463
41 10 0.454588
41 11 0.388503
41 12 0.321491
41 13 0.257139
41 14 0.198647
41 15 0.148261
41 16 0.107019
41 17 0.0748264
41 18 0.0507689
41 19 0.0334887
41 20 0.0215144
41 21 0.0134834
41 22 0.00825539
41 23 0.0049443
41 24 0.00290001
41 25 0.00166754
41 26 0.000940925
41 27 0.000521473
41 28 0.000284112
41 29 0.000152298
41 30 8.03917e-05
41 31 4.18203e-05
41 32 2.14567e-05
41 33 1.08659e-05
41 34 5.43505e-06
41 35 2.68703e-06
41 36 1.31383e-06
41 37 6.35692e-07
41 38 3.04516e-07
41 39 1.44483e-07
41 40 6.79241e-08
41 41 3.16491e-08
41 42 1.46197e-08
41 43 6.69646e-09
41 44 3.042e-09
41 45 1.37075e-09
41 46 6.12822e-10
41 47 2.71941e-10
41 48 1.19973e-10
41 49 5.30408e-11
41 50 2.44657e-11
41 51 1.39588e-11

42 1 0.464585
42 2 0.457908
42 3 0.444629
42 4 0.424937
42 5 0.399193
42 6 0.368013
42 7 0.332325
42 8 0.293398
42 9 0.252789
42 10 0.212219
42 11 0.173385
42 12 0.137753
42 13 0.106394
42 14 0.0798899
42 15 0.0583465
42 16 0.0414746
42 17 0.0287182
42 18 0.0193885
42 19 0.0127748
42 20 0.00822234
42 21 0.00517439
42 22 0.00318658
42 23 0.00192201
42 24 0.00113634
42 25 0.000659062
42 26 0.000375282
42 27 0.000209963
42 28 0.00011551
42 29 6.25365e-05
42 30 3.33437e-05
42 31 1.75224e-05
42 32 9.08226e-06
42 33 4.64646e-06
42 34 2.34786e-06
42 35 1.17252e-06
42 36 5.79051e-07
42 37 2.82936e-07
42 38 1.36847e-07
42 39 6.55436e-08
42 40 3.10973e-08
42 41 1.46197e-08
42 42 6.81214e-09
42 43 3.14667e-09
42 44 1.44122e-09
42 45 6.54644e-10
42 46 2.94974e-10
42 47 1.31909e-10
42 48 5.8643e-11
42 49 2.61311e-11
42 50 1.2156e-11
42 51 6.99076e-12

43 1 0.214606
43 2 0.210497
43 3 0.202465
43 4 0.190875
43 5 0.176264
43 6 0.159315
43 7 0.140821
43 8 0.121632
43 9 0.102582
43 10 0.0844287
43 11 0.0677823
43 12 0.0530708
43 13 0.0405221
43 14 0.0301777
43 15 0.0219262
43 16 0.0155488
43 17 0.010767
43 18 0.00728437
43 19 0.00481774
43 20 0.00311681
43 21 0.00197363
43 22 0.00122402
43 23 0.000743988
43 24 0.000443498
43 25 0.000259458
43 26 0.000149074
43 27 8.41791e-05
43 28 4.67515e-05
43 29 2.55559e-05
43 30 1.37598e-05
43 31 7.30237e-06
43 32 3.82256e-06
43 33 1.97504e-06
43 34 1.00786e-06
43 35 5.08267e-07
43 36 2.53442e-07
43 37 1.25019e-07
43 38 6.10334e-08
43 39 2.94998e-08
43 40 1.41212e-08
43 41 6.69646e-09
43 42 3.14667e-09
43 43 1.46552e-09
43 44 6.76638e-10
43 45 3.09776e-10
43 46 1.40664e-10
43 47 6.3386e-11
43 48 2.83957e-11
43 49 1.27528e-11
43 50 5.98311e-12
43 51 3.46811e-12

44 1 0.0841221
44 2 0.0823523
44 3 0.0789149
44 4 0.0740062
44 5 0.067901
44 6 0.0609305
44 7 0.0534548
44 8 0.0458334
44 9 0.0383963
44 10 0.03142
44 11 0.0251113
44 12 0.0195999
44 13 0.014941
44 14 0.011125
44 15 0.008093
44 16 0.00575345
44 17 0.00399859
44 18 0.00271779
44 19 0.00180737
44 20 0.00117654
44 21 0.000750109
44 22 0.000468635
44 23 0.000287073
44 24 0.000172529
44 25 0.000101794
44 26 5.9001e-05
44 27 3.36177e-05
44 28 1.88429e-05
44 29 1.03967e-05
44 30 5.65093e-06
44 31 3.02768e-06
44 32 1.60013e-06
44 33 8.34693e-07
44 34 4.30017e-07
44 35 2.18914e-07
44 36 1.10181e-07
44 37 5.48509e-08
44 38 2.70197e-08
44 39 1.31751e-08
44 40 6.36119e-09
44 41 3.042e-09
44 42 1.44122e-09
44 43 6.76638e-10
44 44 3.14879e-10
44 45 1.45278e-10
44 46 6.64752e-11
44 47 3.0183e-11
44 48 1.36246e-11
44 49 6.16717e-12
44 50 2.91806e-12
44 51 1.70482e-12

45 1 0.0308359
45 2 0.030171
45 3 0.0288824
45 4 0.0270483
45 5 0.0247767
45 6 0.0221958
45 7 0.0194422
45 8 0.0166491
45 9 0.0139363
45 10 0.0114017
45 11 0.00911663
45 12 0.00712438
45 13 0.00544171
45 14 0.00406307
45 15 0.00296609
45 16 0.00211752
45 17 0.00147881
45 18 0.00101061
45 19 0.000676097
45 20 0.000442973
45 21 0.000284374
45 22 0.000178965
45 23 0.00011047
45 24 6.69229e-05
45 25 3.98122e-05
45 26 2.32724e-05
45 27 1.33761e-05
45 28 7.56426e-06
45 29 4.2115e-06
45 30 2.31008e-06
45 31 1.24914e-06
45 32 6.66292e-07
45 33 3.50785e-07
45 34 1.82383e-07
45 35 9.36956e-08
45 36 4.75828e-08
45 37 2.38981e-08
45 38 1.18748e-08
45 39 5.83972e-09
45 40 2.84311e-09
45 41 1.37075e-09
45 42 6.54644e-10
45 43 3.09776e-10
45 44 1.45278e-10
45 45 6.75433e-11
45 46 3.11411e-11
45 47 1.42467e-11
45 48 6.47989e-12
45 49 2.95619e-12
45 50 1.41067e-12
45 51 8.30646e-13

46 1 0.0110274
46 2 0.0107896
46 3 0.010329
46 4 0.00967393
46 5 0.00886328
46 6 0.00794308
46 7 0.00696205
46 8 0.00596756
46 9 0.00500186
46 10 0.00409939
46 11 0.00328515
46 12 0.00257426
46 13 0.00197263
46 14 0.00147839
46 15 0.00108382
46 16 0.000777407
46 17 0.000545734
46 18 0.000375052
46 19 0.000252428
46 20 0.000166454
46 21 0.000107585
46 22 6.81905e-05
46 23 4.24065e-05
46 24 2.5889e-05
46 25 1.55247e-05
46 26 9.14983e-06
46 27 5.3034e-06
46 28 3.02493e-06
46 29 1.6989e-06
46 30 9.40118e-07
46 31 5.12883e-07
46 32 2.76014e-07
46 33 1.4661e-07
46 34 7.69022e-08
46 35 3.9854e-08
46 36 2.04152e-08
46 37 1.0341e-08
46 38 5.1816e-09
46 39 2.56922e-09
46 40 1.261e-09
46 41 6.12822e-10
46 42 2.94974e-10
46 43 1.40664e-10
46 44 6.64752e-11
46 45 3.11411e-11
46 46 1.44663e-11
46 47 6.66806e-12
46 48 3.0559e-12
46 49 1.4051e-12
46 50 6.76214e-13
46 51 4.01293e-13

47 1 0.00390953
47 2 0.00382597
47 3 0.00366407
47 4 0.00343374
47 5 0.00314865
47 6 0.00282486
47 7 0.00247943
47 8 0.0021289
47 9 0.00178807
47 10 0.00146901
47 11 0.00118054
47 12 0.00092805
47 13 0.000713724
47 14 0.00053705
47 15 0.000395457
47 16 0.000285022
47 17 0.000201125
47 18 0.000138994
47 19 9.41055e-05
47 20 6.24447e-05
47 21 4.06276e-05
47 22 2.59295e-05
47 23 1.62417e-05
47 24 9.9898e-06
47 25 6.03689e-06
47 26 3.5863e-06
47 27 2.09562e-06
47 28 1.20522e-06
47 29 6.82594e-07
47 30 3.80942e-07
47 31 2.09605e-07
47 32 1.1377e-07
47 33 6.09489e-08
47 34 3.22426e-08
47 35 1.68507e-08
47 36 8.70398e-09
47 37 4.44528e-09
47 38 2.24554e-09
47 39 1.12236e-09
47 40 5.55228e-10
47 41 2.71941e-10
47 42 1.31909e-10
47 43 6.3386e-11
47 44 3.0183e-11
47 45 1.42467e-11
47 46 6.66806e-12
47 47 3.09671e-12
47 48 1.42997e-12
47 49 6.62677e-13
47 50 3.21641e-13
47 51 1.92365e-13

48 1 0.0013826
48 2 0.00135339
48 3 0.00129679
48 4 0.00121621
48 5 0.00111641
48 6 0.00100294
48 7 0.000881743
48 8 0.000758567
48 9 0.000638577
48 10 0.000526008
48 11 0.000423973
48 12 0.000334403
48 13 0.000258124
48 14 0.000195015
48 15 0.000144232
48 16 0.00010445
48 17 7.40819e-05
48 18 5.14763e-05
48 19 3.50541e-05
48 20 2.34029e-05
48 21 1.53243e-05
48 22 9.84617e-06
48 23 6.21061e-06
48 24 3.84771e-06
48 25 2.34261e-06
48 26 1.40237e-06
48 27 8.25914e-07
48 28 4.78804e-07
48 29 2.73385e-07
48 30 1.53825e-07
48 31 8.53388e-08
48 32 4.67045e-08
48 33 2.52278e-08
48 34 1.34558e-08
48 35 7.08994e-09
48 36 3.69195e-09
48 37 1.90071e-09
48 38 9.67794e-10
48 39 4.87534e-10
48 40 2.43067e-10
48 41 1.19973e-10
48 42 5.8643e-11
48 43 2.83957e-11
48 44 1.36246e-11
48 45 6.47989e-12
48 46 3.0559e-12
48 47 1.42997e-12
48 48 6.6538e-13
48 49 3.10808e-13
48 50 1.52158e-13
48 51 9.17166e-14

49 1 0.000490484
49 2 0.000480255
49 3 0.000460422
49 4 0.000432176
49 5 0.000397156
49 6 0.000357299
49 7 0.000314664
49 8 0.000271258
49 9 0.000228889
49 10 0.000189047
49 11 0.000152836
49 12 0.000120952
49 13 9.37079e-05
49 14 7.10834e-05
49 15 5.28037e-05
49 16 3.842e-05
49 17 2.73878e-05
49 18 1.91332e-05
49 19 1.31038e-05
49 20 8.80118e-06
49 21 5.79955e-06
49 22 3.75098e-06
49 23 2.38228e-06
49 24 1.48644e-06
49 25 9.11657e-07
49 26 5.4988e-07
49 27 3.26352e-07
49 28 1.90686e-07
49 29 1.09748e-07
49 30 6.22508e-08
49 31 3.48166e-08
49 32 1.92103e-08
49 33 1.04614e-08
49 34 5.62541e-09
49 35 2.98817e-09
49 36 1.56863e-09
49 37 8.14079e-10
49 38 4.1783e-10
49 39 2.12164e-10
49 40 1.06617e-10
49 41 5.30408e-11
49 42 2.61311e-11
49 43 1.27528e-11
49 44 6.16717e-12
49 45 2.95619e-12
49 46 1.4051e-12
49 47 6.62677e-13
49 48 3.10808e-13
49 49 1.46386e-13
49 50 7.23078e-14
49 51 4.39402e-14

50 1 0.000179704
50 2 0.000176009
50 3 0.000168841
50 4 0.000158625
50 5 0.000145948
50 6 0.0001315
50 7 0.000116021
50 8 0.000100233
50 9 8.47885e-05
50 10 7.02279e-05
50 11 5.69561e-05
50 12 4.52329e-05
50 13 3.51798e-05
50 14 2.67987e-05
50 15 1.99981e-05
50 16 1.46221e-05
50 17 1.04782e-05
50 18 7.36113e-06
50 19 5.07131e-06
50 20 3.42744e-06
50 21 2.27333e-06
50 22 1.4804e-06
50 23 9.46916e-07
50 24 5.95199e-07
50 25 3.67825e-07
50 26 2.23595e-07
50 27 1.33766e-07
50 28 7.87966e-08
50 29 4.57266e-08
50 30 2.61544e-08
50 31 1.47518e-08
50 32 8.20862e-09
50 33 4.50836e-09
50 34 2.44499e-09
50 35 1.30986e-09
50 36 6.93484e-10
50 37 3.62972e-10
50 38 1.87885e-10
50 39 9.62164e-11
50 40 4.87629e-11
50 41 2.44657e-11
50 42 1.2156e-11
50 43 5.98311e-12
50 44 2.91806e-12
50 45 1.41067e-12
50 46 6.76214e-13
50 47 3.21641e-13
50 48 1.52158e-13
50 49 7.23078e-14
50 50 3.60641e-14
50 51 2.21076e-14

51 1 8.21465e-05
51 2 8.04816e-05
51 3 7.72508e-05
51 4 7.2643e-05
51 5 6.69189e-05
51 6 6.03874e-05
51 7 5.33781e-05
51 8 4.6215e-05
51 9 3.91917e-05
51 10 3.25535e-05
51 11 2.64853e-05
51 12 2.11077e-05
51 13 1.64797e-05
51 14 1.26061e-05
51 15 9.44968e-06
51 16 6.94293e-06
51 17 5.00108e-06
51 18 3.53267e-06
51 19 2.4479e-06
51 20 1.66452e-06
51 21 1.11109e-06
51 22 7.28363e-07
51 23 4.69105e-07
51 24 2.96967e-07
51 25 1.84868e-07
51 26 1.13223e-07
51 27 6.82554e-08
51 28 4.05203e-08
51 29 2.37002e-08
51 30 1.36639e-08
51 31 7.76866e-09
51 32 4.35771e-09
51 33 2.41268e-09
51 34 1.31902e-09
51 35 7.1235e-10
51 36 3.80181e-10
51 37 2.00589e-10
51 38 1.04665e-10
51 39 5.40288e-11
51 40 2.76011e-11
51 41 1.39588e-11
51 42 6.99076e-12
51 43 3.46811e-12
51 44 1.70482e-12
51 45 8.30646e-13
51 46 4.01293e-13
51 47 1.92365e-13
51 48 9.17166e-14
51 49 4.39402e-14
51 50 2.21076e-14
51 51 1.36582e-14

