#x #y #phase
1 1 1
1 2 1
1 3 1
1 4 1
1 5 1
1 6 1
1 7 1
1 8 1
1 9 1
1 10 1
1 11 0.999999
1 12 1
1 13 0.999999
1 14 1
1 15 0.999999
1 16 1
1 17 0.999999
1 18 1
1 19 0.999999
1 20 1
1 21 0.999999
1 22 1
1 23 0.999999
1 24 1
1 25 1
1 26 1
1 27 1
1 28 1
1 29 1
1 30 1
1 31 1
1 32 1
1 33 0.999999
1 34 0.999998
1 35 0.999995
1 36 0.999983
1 37 0.999949
1 38 0.999845
1 39 0.999529
1 40 0.998562
1 41 0.995623
1 42 0.986725
1 43 0.960219
1 44 0.885237
1 45 0.703588
1 46 0.413871
1 47 0.183955
1 48 0.0709462
1 49 0.0259661
1 50 0.00962251
1 51 0.00442034

2 1 1
2 2 1
2 3 1
2 4 1
2 5 1
2 6 1
2 7 1
2 8 0.999999
2 9 1
2 10 0.999998
2 11 1
2 12 0.999998
2 13 1
2 14 0.999997
2 15 1
2 16 0.999996
2 17 1
2 18 0.999996
2 19 1
2 20 0.999997
2 21 1
2 22 0.999998
2 23 1
2 24 0.999999
2 25 1
2 26 0.999999
2 27 1
2 28 1
2 29 1
2 30 1
2 31 1
2 32 1
2 33 0.999999
2 34 0.999998
2 35 0.999994
2 36 0.999983
2 37 0.999948
2 38 0.999841
2 39 0.999516
2 40 0.998524
2 41 0.995509
2 42 0.98639
2 43 0.959256
2 44 0.882675
2 45 0.6982
2 46 0.407962
2 47 0.180614
2 48 0.0695532
2 49 0.0254463
2 50 0.00943023
2 51 0.00433281

3 1 1
3 2 1
3 3 1
3 4 1
3 5 0.999999
3 6 1
3 7 0.999999
3 8 1
3 9 0.999998
3 10 1
3 11 0.999996
3 12 1
3 13 0.999995
3 14 1.00001
3 15 0.999994
3 16 1.00001
3 17 0.999993
3 18 1.00001
3 19 0.999993
3 20 1.00001
3 21 0.999995
3 22 1
3 23 0.999996
3 24 1
3 25 0.999998
3 26 1
3 27 0.999999
3 28 1
3 29 1
3 30 1
3 31 1
3 32 1
3 33 0.999999
3 34 0.999998
3 35 0.999994
3 36 0.999982
3 37 0.999945
3 38 0.999832
3 39 0.999489
3 40 0.998445
3 41 0.995273
3 42 0.985694
3 43 0.957263
3 44 0.877399
3 45 0.687248
3 46 0.396253
3 47 0.174082
3 48 0.0668437
3 49 0.0244368
3 50 0.00905694
3 51 0.00416286

4 1 1
4 2 1
4 3 1
4 4 0.999999
4 5 1
4 6 0.999999
4 7 1
4 8 0.999997
4 9 1
4 10 0.999995
4 11 1.00001
4 12 0.999993
4 13 1.00001
4 14 0.99999
4 15 1.00001
4 16 0.999989
4 17 1.00001
4 18 0.999988
4 19 1.00001
4 20 0.99999
4 21 1.00001
4 22 0.999992
4 23 1.00001
4 24 0.999995
4 25 1
4 26 0.999997
4 27 1
4 28 0.999999
4 29 1
4 30 1
4 31 1
4 32 1
4 33 0.999999
4 34 0.999998
4 35 0.999993
4 36 0.99998
4 37 0.99994
4 38 0.999818
4 39 0.999446
4 40 0.998317
4 41 0.994895
4 42 0.984583
4 43 0.954093
4 44 0.869094
4 45 0.670402
4 46 0.378979
4 47 0.164655
4 48 0.0629647
4 49 0.0229953
4 50 0.00852413
4 51 0.00392024

5 1 1
5 2 1
5 3 0.999999
5 4 1
5 5 0.999999
5 6 1
5 7 0.999997
5 8 1
5 9 0.999994
5 10 1.00001
5 11 0.999991
5 12 1.00001
5 13 0.999987
5 14 1.00002
5 15 0.999983
5 16 1.00002
5 17 0.999982
5 18 1.00002
5 19 0.999982
5 20 1.00002
5 21 0.999985
5 22 1.00001
5 23 0.999989
5 24 1.00001
5 25 0.999994
5 26 1
5 27 0.999997
5 28 1
5 29 0.999999
5 30 1
5 31 0.999999
5 32 1
5 33 0.999999
5 34 0.999998
5 35 0.999993
5 36 0.999978
5 37 0.999933
5 38 0.999797
5 39 0.999384
5 40 0.998131
5 41 0.994344
5 42 0.982967
5 43 0.94951
5 44 0.857259
5 45 0.647224
5 46 0.356543
5 47 0.152762
5 48 0.0581222
5 49 0.0212015
5 50 0.00786151
5 51 0.00361841

6 1 1
6 2 1
6 3 1
6 4 0.999999
6 5 1
6 6 0.999997
6 7 1
6 8 0.999994
6 9 1.00001
6 10 0.999989
6 11 1.00001
6 12 0.999983
6 13 1.00002
6 14 0.999977
6 15 1.00003
6 16 0.999973
6 17 1.00003
6 18 0.999973
6 19 1.00003
6 20 0.999975
6 21 1.00002
6 22 0.999981
6 23 1.00002
6 24 0.999987
6 25 1.00001
6 26 0.999992
6 27 1.00001
6 28 0.999996
6 29 1
6 30 0.999998
6 31 1
6 32 0.999999
6 33 0.999999
6 34 0.999997
6 35 0.999992
6 36 0.999974
6 37 0.999923
6 38 0.999767
6 39 0.999295
6 40 0.99787
6 41 0.99357
6 42 0.980709
6 43 0.943155
6 44 0.841176
6 45 0.617261
6 46 0.329551
6 47 0.138941
6 48 0.0525644
6 49 0.0191505
6 50 0.00710433
6 51 0.00327334

7 1 1
7 2 1
7 3 0.999999
7 4 1
7 5 0.999997
7 6 1
7 7 0.999993
7 8 1.00001
7 9 0.999988
7 10 1.00002
7 11 0.99998
7 12 1.00002
7 13 0.999971
7 14 1.00003
7 15 0.999964
7 16 1.00004
7 17 0.99996
7 18 1.00004
7 19 0.999962
7 20 1.00004
7 21 0.999968
7 22 1.00003
7 23 0.999976
7 24 1.00002
7 25 0.999985
7 26 1.00001
7 27 0.999992
7 28 1.00001
7 29 0.999996
7 30 1
7 31 0.999998
7 32 1
7 33 0.999998
7 34 0.999997
7 35 0.99999
7 36 0.99997
7 37 0.999909
7 38 0.999725
7 39 0.999172
7 40 0.997507
7 41 0.992502
7 42 0.977606
7 43 0.934509
7 44 0.819873
7 45 0.580191
7 46 0.298842
7 47 0.123811
7 48 0.0465627
7 49 0.0169446
7 50 0.00629035
7 51 0.00290213

8 1 1
8 2 0.999999
8 3 1
8 4 0.999997
8 5 1
8 6 0.999994
8 7 1.00001
8 8 0.999987
8 9 1.00002
8 10 0.999978
8 11 1.00003
8 12 0.999966
8 13 1.00004
8 14 0.999955
8 15 1.00005
8 16 0.999947
8 17 1.00005
8 18 0.999945
8 19 1.00005
8 20 0.99995
8 21 1.00004
8 22 0.999961
8 23 1.00003
8 24 0.999973
8 25 1.00002
8 26 0.999984
8 27 1.00001
8 28 0.999991
8 29 1.00001
8 30 0.999996
8 31 1
8 32 0.999998
8 33 0.999999
8 34 0.999995
8 35 0.999988
8 36 0.999963
8 37 0.999889
8 38 0.999667
8 39 0.999002
8 40 0.997005
8 41 0.991033
8 42 0.973365
8 43 0.922842
8 44 0.792092
8 45 0.536021
8 46 0.265485
8 47 0.108029
8 48 0.04039
8 49 0.0146848
8 50 0.00545677
8 51 0.00252162

9 1 1
9 2 1
9 3 0.999998
9 4 1
9 5 0.999994
9 6 1.00001
9 7 0.999988
9 8 1.00002
9 9 0.999977
9 10 1.00003
9 11 0.999963
9 12 1.00004
9 13 0.999947
9 14 1.00006
9 15 0.999934
9 16 1.00007
9 17 0.999927
9 18 1.00007
9 19 0.999929
9 20 1.00007
9 21 0.99994
9 22 1.00005
9 23 0.999955
9 24 1.00004
9 25 0.999971
9 26 1.00002
9 27 0.999983
9 28 1.00001
9 29 0.999992
9 30 1.00001
9 31 0.999996
9 32 1
9 33 0.999997
9 34 0.999995
9 35 0.999984
9 36 0.999954
9 37 0.999861
9 38 0.999585
9 39 0.998763
9 40 0.996307
9 41 0.989003
9 42 0.967558
9 43 0.90714
9 44 0.756324
9 45 0.48531
9 46 0.230738
9 47 0.0922434
9 48 0.0343006
9 49 0.0124637
9 50 0.0046375
9 51 0.00214718

10 1 1
10 2 0.999998
10 3 1
10 4 0.999995
10 5 1.00001
10 6 0.999989
10 7 1.00002
10 8 0.999978
10 9 1.00003
10 10 0.999962
10 11 1.00005
10 12 0.999942
10 13 1.00007
10 14 0.999922
10 15 1.00009
10 16 0.999909
10 17 1.00009
10 18 0.999905
10 19 1.00009
10 20 0.999914
10 21 1.00008
10 22 0.999931
10 23 1.00006
10 24 0.999952
10 25 1.00004
10 26 0.999971
10 27 1.00002
10 28 0.999984
10 29 1.00001
10 30 0.999993
10 31 1
10 32 0.999996
10 33 0.999999
10 34 0.999992
10 35 0.99998
10 36 0.999939
10 37 0.999821
10 38 0.999469
10 39 0.998425
10 40 0.995327
10 41 0.986173
10 42 0.959561
10 43 0.886033
10 44 0.71098
10 45 0.429331
10 46 0.19595
10 47 0.0770448
10 48 0.0285132
10 49 0.0103596
10 50 0.00386106
10 51 0.00179176

11 1 0.999999
11 2 1
11 3 0.999996
11 4 1.00001
11 5 0.999991
11 6 1.00001
11 7 0.99998
11 8 1.00003
11 9 0.999963
11 10 1.00005
11 11 0.99994
11 12 1.00007
11 13 0.999915
11 14 1.0001
11 15 0.999893
11 16 1.00011
11 17 0.999882
11 18 1.00012
11 19 0.999885
11 20 1.00011
11 21 0.999902
11 22 1.00009
11 23 0.999927
11 24 1.00006
11 25 0.999952
11 26 1.00004
11 27 0.999972
11 28 1.00002
11 29 0.999986
11 30 1.00001
11 31 0.999994
11 32 1
11 33 0.999995
11 34 0.999992
11 35 0.999972
11 36 0.99992
11 37 0.999763
11 38 0.999303
11 39 0.997943
11 40 0.993933
11 41 0.982182
11 42 0.94846
11 43 0.857708
11 44 0.654827
11 45 0.370098
11 46 0.16244
11 47 0.0629235
11 48 0.0231979
11 49 0.00843194
11 50 0.00314919
11 51 0.00146526

12 1 1
12 2 0.999998
12 3 1
12 4 0.999993
12 5 1.00001
12 6 0.999983
12 7 1.00002
12 8 0.999966
12 9 1.00004
12 10 0.999942
12 11 1.00007
12 12 0.999912
12 13 1.0001
12 14 0.999882
12 15 1.00013
12 16 0.999862
12 17 1.00014
12 18 0.999857
12 19 1.00014
12 20 0.99987
12 21 1.00012
12 22 0.999896
12 23 1.00009
12 24 0.999927
12 25 1.00006
12 26 0.999955
12 27 1.00003
12 28 0.999976
12 29 1.00002
12 30 0.999989
12 31 1.00001
12 32 0.999994
12 33 0.999998
12 34 0.999985
12 35 0.999963
12 36 0.999889
12 37 0.999678
12 38 0.999058
12 39 0.997241
12 40 0.991921
12 41 0.976482
12 42 0.932911
12 43 0.819837
12 44 0.587702
12 45 0.310191
12 46 0.131361
12 47 0.05024
12 48 0.0184707
12 49 0.00672051
12 50 0.00251633
12 51 0.00117432

13 1 0.999999
13 2 1
13 3 0.999995
13 4 1.00001
13 5 0.999987
13 6 1.00002
13 7 0.999971
13 8 1.00004
13 9 0.999947
13 10 1.00007
13 11 0.999915
13 12 1.0001
13 13 0.999878
13 14 1.00014
13 15 0.999848
13 16 1.00016
13 17 0.999833
13 18 1.00017
13 19 0.999838
13 20 1.00015
13 21 0.999862
13 22 1.00012
13 23 0.999897
13 24 1.00009
13 25 0.999932
13 26 1.00005
13 27 0.999961
13 28 1.00003
13 29 0.99998
13 30 1.00001
13 31 0.999991
13 32 1
13 33 0.99999
13 34 0.999983
13 35 0.999945
13 36 0.999845
13 37 0.99955
13 38 0.998694
13 39 0.996203
13 40 0.988973
13 41 0.968235
13 42 0.910979
13 43 0.769647
13 44 0.511248
13 45 0.252384
13 46 0.103588
13 47 0.0392118
13 48 0.014393
13 49 0.0052454
13 50 0.00196984
13 51 0.000922389

14 1 1
14 2 0.999997
14 3 1.00001
14 4 0.99999
14 5 1.00002
14 6 0.999977
14 7 1.00003
14 8 0.999955
14 9 1.00006
14 10 0.999922
14 11 1.0001
14 12 0.999882
14 13 1.00014
14 14 0.999843
14 15 1.00017
14 16 0.999816
14 17 1.00019
14 18 0.999811
14 19 1.00018
14 20 0.999828
14 21 1.00016
14 22 0.999863
14 23 1.00012
14 24 0.999904
14 25 1.00008
14 26 0.999941
14 27 1.00004
14 28 0.999968
14 29 1.00002
14 30 0.999985
14 31 1.00001
14 32 0.999991
14 33 0.999994
14 34 0.999971
14 35 0.999923
14 36 0.999775
14 37 0.999355
14 38 0.998142
14 39 0.994643
14 40 0.984586
14 41 0.956169
14 42 0.879988
14 43 0.704469
14 44 0.429173
14 45 0.199196
14 46 0.0796521
14 47 0.0299182
14 48 0.0109768
14 49 0.00400947
14 50 0.00151086
14 51 0.000710126

15 1 0.999999
15 2 1
15 3 0.999994
15 4 1.00001
15 5 0.999983
15 6 1.00003
15 7 0.999964
15 8 1.00005
15 9 0.999934
15 10 1.00009
15 11 0.999893
15 12 1.00013
15 13 0.999848
15 14 1.00017
15 15 0.999811
15 16 1.0002
15 17 0.999792
15 18 1.00021
15 19 0.999799
15 20 1.00019
15 21 0.99983
15 22 1.00015
15 23 0.999873
15 24 1.0001
15 25 0.999917
15 26 1.00006
15 27 0.999952
15 28 1.00003
15 29 0.999976
15 30 1.00002
15 31 0.999988
15 32 1
15 33 0.999982
15 34 0.999961
15 35 0.999881
15 36 0.999667
15 37 0.99905
15 38 0.997288
15 39 0.992251
15 40 0.977953
15 41 0.93834
15 42 0.836453
15 43 0.623189
15 44 0.346679
15 45 0.152499
15 46 0.0597337
15 47 0.0223188
15 48 0.00819429
15 49 0.00300176
15 50 0.00113551
15 51 0.000535915

16 1 1
16 2 0.999996
16 3 1.00001
16 4 0.999989
16 5 1.00002
16 6 0.999973
16 7 1.00004
16 8 0.999947
16 9 1.00007
16 10 0.999909
16 11 1.00011
16 12 0.999862
16 13 1.00016
16 14 0.999816
16 15 1.0002
16 16 0.999786
16 17 1.00022
16 18 0.99978
16 19 1.00021
16 20 0.999801
16 21 1.00018
16 22 0.999842
16 23 1.00013
16 24 0.99989
16 25 1.00009
16 26 0.999933
16 27 1.00005
16 28 0.999964
16 29 1.00002
16 30 0.999982
16 31 1.00001
16 32 0.999985
16 33 0.999981
16 34 0.999933
16 35 0.99982
16 36 0.999491
16 37 0.998565
16 38 0.995941
16 39 0.988524
16 40 0.967776
16 41 0.911828
16 42 0.776252
16 43 0.528255
16 44 0.269199
16 45 0.11331
16 46 0.0437074
16 47 0.0162829
16 48 0.00598873
16 49 0.00220145
16 50 0.000836362
16 51 0.000396512

17 1 0.999999
17 2 1
17 3 0.999993
17 4 1.00001
17 5 0.999982
17 6 1.00003
17 7 0.99996
17 8 1.00005
17 9 0.999927
17 10 1.00009
17 11 0.999882
17 12 1.00014
17 13 0.999833
17 14 1.00019
17 15 0.999792
17 16 1.00022
17 17 0.999773
17 18 1.00023
17 19 0.999782
17 20 1.0002
17 21 0.999816
17 22 1.00016
17 23 0.999863
17 24 1.00011
17 25 0.999911
17 26 1.00007
17 27 0.999949
17 28 1.00004
17 29 0.999974
17 30 1.00001
17 31 0.999984
17 32 0.999993
17 33 0.999959
17 34 0.999899
17 35 0.999713
17 36 0.999204
17 37 0.997776
17 38 0.993778
17 39 0.982615
17 40 0.951987
17 41 0.87247
17 42 0.695676
17 43 0.42647
17 44 0.201071
17 45 0.0817949
17 46 0.031221
17 47 0.0116213
17 48 0.0042859
17 49 0.00158187
17 50 0.000603826
17 51 0.000287667

18 1 1
18 2 0.999996
18 3 1.00001
18 4 0.999988
18 5 1.00002
18 6 0.999973
18 7 1.00004
18 8 0.999945
18 9 1.00007
18 10 0.999905
18 11 1.00012
18 12 0.999857
18 13 1.00017
18 14 0.999811
18 15 1.00021
18 16 0.99978
18 17 1.00023
18 18 0.999775
18 19 1.00022
18 20 0.999798
18 21 1.00018
18 22 0.999841
18 23 1.00013
18 24 0.99989
18 25 1.00009
18 26 0.999933
18 27 1.00005
18 28 0.999964
18 29 1.00002
18 30 0.999981
18 31 1
18 32 0.999971
18 33 0.999941
18 34 0.999828
18 35 0.999537
18 36 0.998722
18 37 0.996472
18 38 0.990239
18 39 0.973109
18 40 0.92734
18 41 0.814928
18 42 0.594337
18 43 0.327159
18 44 0.144732
18 45 0.0574368
18 46 0.0217859
18 47 0.00811705
18 48 0.00300433
18 49 0.00111392
18 50 0.0004274
18 51 0.000204684

19 1 0.999999
19 2 1
19 3 0.999993
19 4 1.00001
19 5 0.999982
19 6 1.00003
19 7 0.999962
19 8 1.00005
19 9 0.999929
19 10 1.00009
19 11 0.999885
19 12 1.00014
19 13 0.999838
19 14 1.00018
19 15 0.999799
19 16 1.00021
19 17 0.999782
19 18 1.00022
19 19 0.999792
19 20 1.00019
19 21 0.999825
19 22 1.00015
19 23 0.999871
19 24 1.0001
19 25 0.999917
19 26 1.00006
19 27 0.999953
19 28 1.00003
19 29 0.999975
19 30 1.00001
19 31 0.999976
19 32 0.999966
19 33 0.999891
19 34 0.999716
19 35 0.999227
19 36 0.997901
19 37 0.994268
19 38 0.984351
19 39 0.957637
19 40 0.888919
19 41 0.733641
19 42 0.478766
19 43 0.238797
19 44 0.100655
19 45 0.0392882
19 46 0.0148608
19 47 0.00555061
19 48 0.00206339
19 49 0.000768914
19 50 0.000296666
19 51 0.00014287

20 1 1
20 2 0.999997
20 3 1.00001
20 4 0.99999
20 5 1.00002
20 6 0.999975
20 7 1.00004
20 8 0.99995
20 9 1.00007
20 10 0.999914
20 11 1.00011
20 12 0.99987
20 13 1.00015
20 14 0.999828
20 15 1.00019
20 16 0.999801
20 17 1.0002
20 18 0.999798
20 19 1.00019
20 20 0.99982
20 21 1.00016
20 22 0.999859
20 23 1.00012
20 24 0.999903
20 25 1.00008
20 26 0.999942
20 27 1.00004
20 28 0.999969
20 29 1.00002
20 30 0.999976
20 31 0.999981
20 32 0.999925
20 33 0.999818
20 34 0.999507
20 35 0.998687
20 36 0.996469
20 37 0.990483
20 38 0.974413
20 39 0.932321
20 40 0.830016
20 41 0.626053
20 42 0.361888
20 43 0.166479
20 44 0.0678236
20 45 0.0262145
20 46 0.00991624
20 47 0.00371766
20 48 0.00138896
20 49 0.000520435
20 50 0.000201991
20 51 9.78531e-05

21 1 0.999999
21 2 1
21 3 0.999995
21 4 1.00001
21 5 0.999985
21 6 1.00002
21 7 0.999968
21 8 1.00004
21 9 0.99994
21 10 1.00008
21 11 0.999902
21 12 1.00012
21 13 0.999862
21 14 1.00016
21 15 0.99983
21 16 1.00018
21 17 0.999816
21 18 1.00018
21 19 0.999825
21 20 1.00016
21 21 0.999855
21 22 1.00013
21 23 0.999894
21 24 1.00009
21 25 0.999933
21 26 1.00005
21 27 0.999962
21 28 1.00002
21 29 0.999975
21 30 0.999992
21 31 0.999944
21 32 0.999877
21 33 0.999667
21 34 0.999134
21 35 0.997711
21 36 0.99393
21 37 0.983874
21 38 0.957473
21 39 0.891101
21 40 0.743347
21 41 0.49849
21 42 0.257171
21 43 0.111405
21 44 0.0444016
21 45 0.017084
21 46 0.00647726
21 47 0.00243996
21 48 0.000916701
21 49 0.000345512
21 50 0.000134947
21 51 6.57833e-05

22 1 1
22 2 0.999998
22 3 1
22 4 0.999992
22 5 1.00001
22 6 0.999981
22 7 1.00003
22 8 0.999961
22 9 1.00005
22 10 0.999931
22 11 1.00009
22 12 0.999896
22 13 1.00012
22 14 0.999863
22 15 1.00015
22 16 0.999842
22 17 1.00016
22 18 0.999841
22 19 1.00015
22 20 0.999859
22 21 1.00013
22 22 0.999891
22 23 1.00009
22 24 0.999926
22 25 1.00006
22 26 0.999956
22 27 1.00003
22 28 0.999972
22 29 1
22 30 0.999954
22 31 0.999913
22 32 0.999761
22 33 0.999397
22 34 0.998435
22 35 0.995927
22 36 0.989347
22 37 0.972188
22 38 0.928534
22 39 0.825522
22 40 0.625408
22 41 0.367666
22 42 0.17293
22 43 0.0719236
22 44 0.0283113
22 45 0.0108874
22 46 0.00414442
22 47 0.00156994
22 48 0.000593429
22 49 0.000225074
22 50 8.84929e-05
22 51 4.34215e-05

23 1 0.999999
23 2 1
23 3 0.999996
23 4 1.00001
23 5 0.999989
23 6 1.00002
23 7 0.999976
23 8 1.00003
23 9 0.999955
23 10 1.00006
23 11 0.999927
23 12 1.00009
23 13 0.999897
23 14 1.00012
23 15 0.999873
23 16 1.00013
23 17 0.999863
23 18 1.00013
23 19 0.999871
23 20 1.00012
23 21 0.999894
23 22 1.00009
23 23 0.999924
23 24 1.00006
23 25 0.999952
23 26 1.00003
23 27 0.999969
23 28 1.00001
23 29 0.999959
23 30 0.999936
23 31 0.999817
23 32 0.999556
23 33 0.998869
23 34 0.997119
23 35 0.992601
23 36 0.980965
23 37 0.95139
23 38 0.879682
23 39 0.726737
23 40 0.484707
23 41 0.252045
23 42 0.110931
23 43 0.0450032
23 44 0.0176193
23 45 0.00679211
23 46 0.00259924
23 47 0.000990793
23 48 0.00037696
23 49 0.000143919
23 50 5.69809e-05
23 51 2.81512e-05

24 1 1
24 2 0.999999
24 3 1
24 4 0.999995
24 5 1.00001
24 6 0.999987
24 7 1.00002
24 8 0.999973
24 9 1.00004
24 10 0.999952
24 11 1.00006
24 12 0.999927
24 13 1.00009
24 14 0.999904
24 15 1.0001
24 16 0.99989
24 17 1.00011
24 18 0.99989
24 19 1.0001
24 20 0.999903
24 21 1.00009
24 22 0.999926
24 23 1.00006
24 24 0.99995
24 25 1.00004
24 26 0.999968
24 27 1.00001
24 28 0.999962
24 29 0.99995
24 30 0.999851
24 31 0.999654
24 32 0.999135
24 33 0.997848
24 34 0.994585
24 35 0.986316
24 36 0.965486
24 37 0.914544
24 38 0.800192
24 39 0.59248
24 40 0.343511
24 41 0.162227
24 42 0.0684179
24 43 0.0273954
24 44 0.0107216
24 45 0.00415189
24 46 0.00159887
24 47 0.00061362
24 48 0.000235071
24 49 9.0371e-05
24 50 3.60412e-05
24 51 1.79333e-05

25 1 1
25 2 1
25 3 0.999998
25 4 1
25 5 0.999994
25 6 1.00001
25 7 0.999985
25 8 1.00002
25 9 0.999971
25 10 1.00004
25 11 0.999952
25 12 1.00006
25 13 0.999932
25 14 1.00008
25 15 0.999917
25 16 1.00009
25 17 0.999911
25 18 1.00009
25 19 0.999917
25 20 1.00008
25 21 0.999933
25 22 1.00006
25 23 0.999952
25 24 1.00004
25 25 0.999967
25 26 1.00001
25 27 0.999963
25 28 0.999958
25 29 0.999871
25 30 0.999714
25 31 0.999299
25 32 0.998299
25 33 0.995815
25 34 0.989641
25 35 0.974304
25 36 0.936904
25 37 0.850879
25 38 0.680762
25 39 0.437954
25 40 0.224259
25 41 0.099207
25 42 0.0408389
25 43 0.0162741
25 44 0.00638879
25 45 0.00248898
25 46 0.000965229
25 47 0.000373128
25 48 0.000143975
25 49 5.57504e-05
25 50 2.24029e-05
25 51 1.12297e-05

26 1 1
26 2 0.999999
26 3 1
26 4 0.999997
26 5 1
26 6 0.999992
26 7 1.00001
26 8 0.999984
26 9 1.00002
26 10 0.999971
26 11 1.00004
26 12 0.999955
26 13 1.00005
26 14 0.999941
26 15 1.00006
26 16 0.999933
26 17 1.00007
26 18 0.999933
26 19 1.00006
26 20 0.999942
26 21 1.00005
26 22 0.999956
26 23 1.00003
26 24 0.999968
26 25 1.00001
26 26 0.999963
26 27 0.999962
26 28 0.999882
26 29 0.999748
26 30 0.999397
26 31 0.998576
26 32 0.996581
26 33 0.991727
26 34 0.97988
26 35 0.951289
26 36 0.885031
26 37 0.747483
26 38 0.525388
26 39 0.292791
26 40 0.136913
26 41 0.0582546
26 42 0.0237131
26 43 0.00945652
26 44 0.00373252
26 45 0.00146446
26 46 0.000572224
26 47 0.00022289
26 48 8.66509e-05
26 49 3.38049e-05
26 50 1.36912e-05
26 51 6.91533e-06

27 1 1
27 2 1
27 3 0.999999
27 4 1
27 5 0.999997
27 6 1.00001
27 7 0.999992
27 8 1.00001
27 9 0.999983
27 10 1.00002
27 11 0.999972
27 12 1.00003
27 13 0.999961
27 14 1.00004
27 15 0.999952
27 16 1.00005
27 17 0.999949
27 18 1.00005
27 19 0.999953
27 20 1.00004
27 21 0.999962
27 22 1.00003
27 23 0.999969
27 24 1.00001
27 25 0.999963
27 26 0.999962
27 27 0.999885
27 28 0.999764
27 29 0.999449
27 30 0.998736
27 31 0.997042
27 32 0.993019
27 33 0.983398
27 34 0.960532
27 35 0.907729
27 36 0.795433
27 37 0.59901
27 38 0.361787
27 39 0.179663
27 40 0.07939
27 41 0.0331183
27 42 0.0134452
27 43 0.00538498
27 44 0.00214028
27 45 0.000846318
27 46 0.000333338
27 47 0.000130868
27 48 5.12722e-05
27 49 2.01575e-05
27 50 8.23023e-06
27 51 4.18974e-06

28 1 1
28 2 1
28 3 1
28 4 0.999999
28 5 1
28 6 0.999996
28 7 1.00001
28 8 0.999991
28 9 1.00001
28 10 0.999984
28 11 1.00002
28 12 0.999976
28 13 1.00003
28 14 0.999968
28 15 1.00003
28 16 0.999964
28 17 1.00004
28 18 0.999964
28 19 1.00003
28 20 0.999969
28 21 1.00002
28 22 0.999972
28 23 1.00001
28 24 0.999962
28 25 0.999958
28 26 0.999882
28 27 0.999764
28 28 0.999465
28 29 0.99881
28 30 0.99729
28 31 0.99377
28 32 0.985541
28 33 0.966355
28 34 0.922536
28 35 0.828634
28 36 0.656388
28 37 0.425171
28 38 0.224305
28 39 0.103272
28 40 0.0442764
28 41 0.0183379
28 42 0.00746478
28 43 0.00300947
28 44 0.00120567
28 45 0.00048073
28 46 0.000190921
28 47 7.5568e-05
28 48 2.98432e-05
28 49 1.18262e-05
28 50 4.86892e-06
28 51 2.4986e-06

29 1 1
29 2 1
29 3 1
29 4 1
29 5 0.999999
29 6 1
29 7 0.999996
29 8 1.00001
29 9 0.999992
29 10 1.00001
29 11 0.999986
29 12 1.00002
29 13 0.99998
29 14 1.00002
29 15 0.999976
29 16 1.00002
29 17 0.999974
29 18 1.00002
29 19 0.999975
29 20 1.00002
29 21 0.999975
29 22 1
29 23 0.999959
29 24 0.99995
29 25 0.999871
29 26 0.999748
29 27 0.999449
29 28 0.99881
29 29 0.997368
29 30 0.994115
29 31 0.986696
29 32 0.969775
29 33 0.931761
29 34 0.850614
29 35 0.69815
29 36 0.478396
29 37 0.267007
29 38 0.128211
29 39 0.0566108
29 40 0.0239651
29 41 0.00993085
29 42 0.00406662
29 43 0.0016526
29 44 0.000667788
29 45 0.000268584
29 46 0.000107583
29 47 4.29389e-05
29 48 1.70963e-05
29 49 6.83013e-06
29 50 2.8361e-06
29 51 1.46741e-06

30 1 1
30 2 1
30 3 1
30 4 1
30 5 1
30 6 0.999998
30 7 1
30 8 0.999996
30 9 1.00001
30 10 0.999993
30 11 1.00001
30 12 0.999989
30 13 1.00001
30 14 0.999985
30 15 1.00002
30 16 0.999982
30 17 1.00001
30 18 0.999981
30 19 1.00001
30 20 0.999976
30 21 0.999992
30 22 0.999954
30 23 0.999936
30 24 0.999851
30 25 0.999714
30 26 0.999397
30 27 0.998736
30 28 0.99729
30 29 0.994115
30 30 0.987062
30 31 0.97136
30 32 0.936804
30 33 0.863939
30 34 0.726123
30 35 0.518965
30 36 0.304053
30 37 0.152024
30 38 0.0691891
30 39 0.0299815
30 40 0.0126658
30 41 0.00527516
30 42 0.00217718
30 43 0.000892593
30 44 0.000363951
30 45 0.000147694
30 46 5.96792e-05
30 47 2.40231e-05
30 48 9.64484e-06
30 49 3.88532e-06
30 50 1.62744e-06
30 51 8.49114e-07

31 1 1
31 2 1
31 3 1
31 4 1
31 5 0.999999
31 6 1
31 7 0.999998
31 8 1
31 9 0.999996
31 10 1
31 11 0.999994
31 12 1.00001
31 13 0.999991
31 14 1.00001
31 15 0.999988
31 16 1.00001
31 17 0.999984
31 18 1
31 19 0.999976
31 20 0.999981
31 21 0.999944
31 22 0.999913
31 23 0.999817
31 24 0.999654
31 25 0.999299
31 26 0.998576
31 27 0.997042
31 28 0.99377
31 29 0.986696
31 30 0.97136
31 31 0.938407
31 32 0.870219
31 33 0.7421
31 34 0.545999
31 35 0.332463
31 36 0.172389
31 37 0.0808287
31 38 0.0358822
31 39 0.0154726
31 40 0.00656258
31 41 0.00275414
31 42 0.00114692
31 43 0.000474611
31 44 0.000195327
31 45 7.99914e-05
31 46 3.2611e-05
31 47 1.32413e-05
31 48 5.36135e-06
31 49 2.17808e-06
31 50 9.20468e-07
31 51 4.84347e-07

32 1 1
32 2 1
32 3 1
32 4 1
32 5 1
32 6 0.999999
32 7 1
32 8 0.999998
32 9 1
32 10 0.999996
32 11 1
32 12 0.999994
32 13 1
32 14 0.999991
32 15 1
32 16 0.999985
32 17 0.999993
32 18 0.999971
32 19 0.999966
32 20 0.999925
32 21 0.999877
32 22 0.999761
32 23 0.999556
32 24 0.999135
32 25 0.998299
32 26 0.996581
32 27 0.993019
32 28 0.985541
32 29 0.969775
32 30 0.936804
32 31 0.870219
32 32 0.747288
32 33 0.559446
32 34 0.350231
32 35 0.18724
32 36 0.0902813
32 37 0.0410659
32 38 0.0180913
32 39 0.00782328
32 40 0.00334248
32 41 0.00141546
32 42 0.000595105
32 43 0.000248641
32 44 0.000103302
32 45 4.26978e-05
32 46 1.75646e-05
32 47 7.19474e-06
32 48 2.93825e-06
32 49 1.20396e-06
32 50 5.13408e-07
32 51 2.72484e-07

33 1 0.999999
33 2 0.999999
33 3 0.999999
33 4 0.999999
33 5 0.999999
33 6 0.999999
33 7 0.999998
33 8 0.999999
33 9 0.999997
33 10 0.999999
33 11 0.999995
33 12 0.999998
33 13 0.99999
33 14 0.999994
33 15 0.999982
33 16 0.999981
33 17 0.999959
33 18 0.999941
33 19 0.999891
33 20 0.999818
33 21 0.999667
33 22 0.999397
33 23 0.998869
33 24 0.997848
33 25 0.995815
33 26 0.991727
33 27 0.983398
33 28 0.966355
33 29 0.931761
33 30 0.863939
33 31 0.7421
33 32 0.559446
33 33 0.356267
33 34 0.195062
33 35 0.0964526
33 36 0.0449335
33 37 0.020236
33 38 0.00893066
33 39 0.0038888
33 40 0.00167654
33 41 0.00071693
33 42 0.000304415
33 43 0.000128437
33 44 5.38745e-05
33 45 2.24768e-05
33 46 9.33074e-06
33 47 3.85606e-06
33 48 1.5885e-06
33 49 6.56567e-07
33 50 2.8255e-07
33 51 1.51265e-07

34 1 0.999998
34 2 0.999998
34 3 0.999998
34 4 0.999998
34 5 0.999998
34 6 0.999997
34 7 0.999997
34 8 0.999995
34 9 0.999995
34 10 0.999992
34 11 0.999992
34 12 0.999985
34 13 0.999983
34 14 0.999971
34 15 0.999961
34 16 0.999933
34 17 0.999899
34 18 0.999828
34 19 0.999716
34 20 0.999507
34 21 0.999134
34 22 0.998435
34 23 0.997119
34 24 0.994585
34 25 0.989641
34 26 0.97988
34 27 0.960532
34 28 0.922536
34 29 0.850614
34 30 0.726123
34 31 0.545999
34 32 0.350231
34 33 0.195062
34 34 0.0985976
34 35 0.0470021
34 36 0.0216458
34 37 0.00975745
34 38 0.00433479
34 39 0.00190462
34 40 0.000829281
34 41 0.000358221
34 42 0.000153638
34 43 6.54643e-05
34 44 2.77255e-05
34 45 1.16764e-05
34 46 4.89178e-06
34 47 2.03973e-06
34 48 8.47649e-07
34 49 3.53437e-07
34 50 1.53509e-07
34 51 8.29009e-08

35 1 0.999995
35 2 0.999994
35 3 0.999994
35 4 0.999993
35 5 0.999993
35 6 0.999992
35 7 0.99999
35 8 0.999988
35 9 0.999984
35 10 0.99998
35 11 0.999972
35 12 0.999963
35 13 0.999945
35 14 0.999923
35 15 0.999881
35 16 0.99982
35 17 0.999713
35 18 0.999537
35 19 0.999227
35 20 0.998687
35 21 0.997711
35 22 0.995927
35 23 0.992601
35 24 0.986316
35 25 0.974304
35 26 0.951289
35 27 0.907729
35 28 0.828634
35 29 0.69815
35 30 0.518965
35 31 0.332463
35 32 0.18724
35 33 0.0964526
35 34 0.0470021
35 35 0.0221377
35 36 0.0102
35 37 0.0046274
35 38 0.00207425
35 39 0.000920524
35 40 0.000404938
35 41 0.000176721
35 42 7.65631e-05
35 43 3.2947e-05
35 44 1.40891e-05
35 45 5.98968e-06
35 46 2.53252e-06
35 47 1.0655e-06
35 48 4.46704e-07
35 49 1.87907e-07
35 50 8.2375e-08
35 51 4.4876e-08

36 1 0.999983
36 2 0.999983
36 3 0.999982
36 4 0.99998
36 5 0.999978
36 6 0.999974
36 7 0.99997
36 8 0.999963
36 9 0.999954
36 10 0.999939
36 11 0.99992
36 12 0.999889
36 13 0.999845
36 14 0.999775
36 15 0.999667
36 16 0.999491
36 17 0.999204
36 18 0.998722
36 19 0.997901
36 20 0.996469
36 21 0.99393
36 22 0.989347
36 23 0.980965
36 24 0.965486
36 25 0.936904
36 26 0.885031
36 27 0.795433
36 28 0.656388
36 29 0.478396
36 30 0.304053
36 31 0.172389
36 32 0.0902813
36 33 0.0449335
36 34 0.0216458
36 35 0.0102
36 36 0.0047294
36 37 0.00216484
36 38 0.000980179
36 39 0.000439528
36 40 0.00019537
36 41 8.61431e-05
36 42 3.76991e-05
36 43 1.63838e-05
36 44 7.07412e-06
36 45 3.03589e-06
36 46 1.29549e-06
36 47 5.49969e-07
36 48 2.32614e-07
36 49 9.87187e-08
36 50 4.36813e-08
36 51 2.40051e-08

37 1 0.999949
37 2 0.999948
37 3 0.999945
37 4 0.99994
37 5 0.999933
37 6 0.999923
37 7 0.999909
37 8 0.999889
37 9 0.999861
37 10 0.999821
37 11 0.999763
37 12 0.999678
37 13 0.99955
37 14 0.999355
37 15 0.99905
37 16 0.998565
37 17 0.997776
37 18 0.996472
37 19 0.994268
37 20 0.990483
37 21 0.983874
37 22 0.972188
37 23 0.95139
37 24 0.914544
37 25 0.850879
37 26 0.747483
37 27 0.59901
37 28 0.425171
37 29 0.267007
37 30 0.152024
37 31 0.0808287
37 32 0.0410659
37 33 0.020236
37 34 0.00975745
37 35 0.0046274
37 36 0.00216484
37 37 0.00100094
37 38 0.000457951
37 39 0.000207519
37 40 9.32065e-05
37 41 4.15197e-05
37 42 1.83538e-05
37 43 8.05525e-06
37 44 3.51168e-06
37 45 1.5213e-06
37 46 6.55171e-07
37 47 2.80648e-07
37 48 1.19754e-07
37 49 5.12739e-08
37 50 2.29002e-08
37 51 1.26947e-08

38 1 0.999845
38 2 0.999841
38 3 0.999832
38 4 0.999818
38 5 0.999797
38 6 0.999767
38 7 0.999725
38 8 0.999667
38 9 0.999585
38 10 0.999469
38 11 0.999303
38 12 0.999058
38 13 0.998694
38 14 0.998142
38 15 0.997288
38 16 0.995941
38 17 0.993778
38 18 0.990239
38 19 0.984351
38 20 0.974413
38 21 0.957473
38 22 0.928534
38 23 0.879682
38 24 0.800192
38 25 0.680762
38 26 0.525388
38 27 0.361787
38 28 0.224305
38 29 0.128211
38 30 0.0691891
38 31 0.0358822
38 32 0.0180913
38 33 0.00893066
38 34 0.00433479
38 35 0.00207425
38 36 0.000980179
38 37 0.000457951
38 38 0.00021174
38 39 9.69587e-05
38 40 4.40006e-05
38 41 1.98005e-05
38 42 8.84051e-06
38 43 3.91811e-06
38 44 1.72453e-06
38 45 7.54119e-07
38 46 3.27761e-07
38 47 1.41662e-07
38 48 6.09821e-08
38 49 2.63415e-08
38 50 1.18746e-08
38 51 6.63969e-09

39 1 0.999529
39 2 0.999516
39 3 0.999489
39 4 0.999446
39 5 0.999384
39 6 0.999295
39 7 0.999172
39 8 0.999002
39 9 0.998763
39 10 0.998425
39 11 0.997943
39 12 0.997241
39 13 0.996203
39 14 0.994643
39 15 0.992251
39 16 0.988524
39 17 0.982615
39 18 0.973109
39 19 0.957637
39 20 0.932321
39 21 0.891101
39 22 0.825522
39 23 0.726737
39 24 0.59248
39 25 0.437954
39 26 0.292791
39 27 0.179663
39 28 0.103272
39 29 0.0566108
39 30 0.0299815
39 31 0.0154726
39 32 0.00782328
39 33 0.0038888
39 34 0.00190462
39 35 0.000920524
39 36 0.000439528
39 37 0.000207519
39 38 9.69587e-05
39 39 4.4861e-05
39 40 2.05672e-05
39 41 9.34887e-06
39 42 4.21551e-06
39 43 1.88651e-06
39 44 8.38268e-07
39 45 3.69995e-07
39 46 1.62281e-07
39 47 7.0767e-08
39 48 3.07309e-08
39 49 1.33914e-08
39 50 6.09278e-09
39 51 3.43601e-09

40 1 0.998562
40 2 0.998524
40 3 0.998445
40 4 0.998317
40 5 0.998131
40 6 0.99787
40 7 0.997507
40 8 0.997005
40 9 0.996307
40 10 0.995327
40 11 0.993933
40 12 0.991921
40 13 0.988973
40 14 0.984586
40 15 0.977953
40 16 0.967776
40 17 0.951987
40 18 0.92734
40 19 0.888919
40 20 0.830016
40 21 0.743347
40 22 0.625408
40 23 0.484707
40 24 0.343511
40 25 0.224259
40 26 0.136913
40 27 0.07939
40 28 0.0442764
40 29 0.0239651
40 30 0.0126658
40 31 0.00656258
40 32 0.00334248
40 33 0.00167654
40 34 0.000829281
40 35 0.000404938
40 36 0.00019537
40 37 9.32065e-05
40 38 4.40006e-05
40 39 2.05672e-05
40 40 9.52491e-06
40 41 4.37277e-06
40 42 1.99109e-06
40 43 8.99642e-07
40 44 4.03538e-07
40 45 1.79765e-07
40 46 7.95604e-08
40 47 3.5002e-08
40 48 1.53321e-08
40 49 6.73955e-09
40 50 3.09456e-09
40 51 1.75995e-09

41 1 0.995623
41 2 0.995509
41 3 0.995273
41 4 0.994895
41 5 0.994344
41 6 0.99357
41 7 0.992502
41 8 0.991033
41 9 0.989003
41 10 0.986173
41 11 0.982182
41 12 0.976482
41 13 0.968235
41 14 0.956169
41 15 0.93834
41 16 0.911828
41 17 0.87247
41 18 0.814928
41 19 0.733641
41 20 0.626053
41 21 0.49849
41 22 0.367666
41 23 0.252045
41 24 0.162227
41 25 0.099207
41 26 0.0582546
41 27 0.0331183
41 28 0.0183379
41 29 0.00993085
41 30 0.00527516
41 31 0.00275414
41 32 0.00141546
41 33 0.00071693
41 34 0.000358221
41 35 0.000176721
41 36 8.61431e-05
41 37 4.15197e-05
41 38 1.98005e-05
41 39 9.34887e-06
41 40 4.37277e-06
41 41 2.02725e-06
41 42 9.32031e-07
41 43 4.25139e-07
41 44 1.92482e-07
41 45 8.65316e-08
41 46 3.86404e-08
41 47 1.71484e-08
41 48 7.57623e-09
41 49 3.35908e-09
41 50 1.5564e-09
41 51 8.92545e-10

42 1 0.986725
42 2 0.98639
42 3 0.985694
42 4 0.984583
42 5 0.982967
42 6 0.980709
42 7 0.977606
42 8 0.973365
42 9 0.967558
42 10 0.959561
42 11 0.94846
42 12 0.932911
42 13 0.910979
42 14 0.879988
42 15 0.836453
42 16 0.776252
42 17 0.695676
42 18 0.594337
42 19 0.478766
42 20 0.361888
42 21 0.257171
42 22 0.17293
42 23 0.110931
42 24 0.0684179
42 25 0.0408389
42 26 0.0237131
42 27 0.0134452
42 28 0.00746478
42 29 0.00406662
42 30 0.00217718
42 31 0.00114692
42 32 0.000595105
42 33 0.000304415
42 34 0.000153638
42 35 7.65631e-05
42 36 3.76991e-05
42 37 1.83538e-05
42 38 8.84051e-06
42 39 4.21551e-06
42 40 1.99109e-06
42 41 9.32031e-07
42 42 4.32598e-07
42 43 1.99181e-07
42 44 9.1012e-08
42 45 4.12849e-08
42 46 1.85985e-08
42 47 8.32519e-09
42 48 3.70927e-09
42 49 1.6586e-09
42 50 7.75399e-10
42 51 4.48311e-10

43 1 0.960219
43 2 0.959256
43 3 0.957263
43 4 0.954093
43 5 0.94951
43 6 0.943155
43 7 0.934509
43 8 0.922842
43 9 0.90714
43 10 0.886033
43 11 0.857708
43 12 0.819837
43 13 0.769647
43 14 0.704469
43 15 0.623189
43 16 0.528255
43 17 0.42647
43 18 0.327159
43 19 0.238797
43 20 0.166479
43 21 0.111405
43 22 0.0719236
43 23 0.0450032
43 24 0.0273954
43 25 0.0162741
43 26 0.00945652
43 27 0.00538498
43 28 0.00300947
43 29 0.0016526
43 30 0.000892593
43 31 0.000474611
43 32 0.000248641
43 33 0.000128437
43 34 6.54643e-05
43 35 3.2947e-05
43 36 1.63838e-05
43 37 8.05525e-06
43 38 3.91811e-06
43 39 1.88651e-06
43 40 8.99642e-07
43 41 4.25139e-07
43 42 1.99181e-07
43 43 9.25576e-08
43 44 4.26763e-08
43 45 1.95309e-08
43 46 8.87497e-09
43 47 4.00637e-09
43 48 1.7999e-09
43 49 8.11576e-10
43 50 3.82768e-10
43 51 2.23085e-10

44 1 0.885237
44 2 0.882675
44 3 0.877399
44 4 0.869094
44 5 0.857259
44 6 0.841176
44 7 0.819873
44 8 0.792092
44 9 0.756324
44 10 0.71098
44 11 0.654827
44 12 0.587702
44 13 0.511248
44 14 0.429173
44 15 0.346679
44 16 0.269199
44 17 0.201071
44 18 0.144732
44 19 0.100655
44 20 0.0678236
44 21 0.0444016
44 22 0.0283113
44 23 0.0176193
44 24 0.0107216
44 25 0.00638879
44 26 0.00373252
44 27 0.00214028
44 28 0.00120567
44 29 0.000667788
44 30 0.000363951
44 31 0.000195327
44 32 0.000103302
44 33 5.38745e-05
44 34 2.77255e-05
44 35 1.40891e-05
44 36 7.07412e-06
44 37 3.51168e-06
44 38 1.72453e-06
44 39 8.38268e-07
44 40 4.03538e-07
44 41 1.92482e-07
44 42 9.1012e-08
44 43 4.26763e-08
44 44 1.98524e-08
44 45 9.16474e-09
44 46 4.19997e-09
44 47 1.91173e-09
44 48 8.65883e-10
44 49 3.93644e-10
44 50 1.87271e-10
44 51 1.10007e-10

45 1 0.703588
45 2 0.6982
45 3 0.687248
45 4 0.670402
45 5 0.647224
45 6 0.617261
45 7 0.580191
45 8 0.536021
45 9 0.48531
45 10 0.429331
45 11 0.370098
45 12 0.310191
45 13 0.252384
45 14 0.199196
45 15 0.152499
45 16 0.11331
45 17 0.0817949
45 18 0.0574368
45 19 0.0392882
45 20 0.0262145
45 21 0.017084
45 22 0.0108874
45 23 0.00679211
45 24 0.00415189
45 25 0.00248898
45 26 0.00146446
45 27 0.000846318
45 28 0.00048073
45 29 0.000268584
45 30 0.000147694
45 31 7.99914e-05
45 32 4.26978e-05
45 33 2.24768e-05
45 34 1.16764e-05
45 35 5.98968e-06
45 36 3.03589e-06
45 37 1.5213e-06
45 38 7.54119e-07
45 39 3.69995e-07
45 40 1.79765e-07
45 41 8.65316e-08
45 42 4.12849e-08
45 43 1.95309e-08
45 44 9.16474e-09
45 45 4.26692e-09
45 46 1.97171e-09
45 47 9.04776e-10
45 48 4.13082e-10
45 49 1.89312e-10
45 50 9.08331e-11
45 51 5.377e-11

46 1 0.413871
46 2 0.407962
46 3 0.396253
46 4 0.378979
46 5 0.356543
46 6 0.329551
46 7 0.298842
46 8 0.265485
46 9 0.230738
46 10 0.19595
46 11 0.16244
46 12 0.131361
46 13 0.103588
46 14 0.0796521
46 15 0.0597337
46 16 0.0437074
46 17 0.031221
46 18 0.0217859
46 19 0.0148608
46 20 0.00991624
46 21 0.00647726
46 22 0.00414442
46 23 0.00259924
46 24 0.00159887
46 25 0.000965229
46 26 0.000572224
46 27 0.000333338
46 28 0.000190921
46 29 0.000107583
46 30 5.96792e-05
46 31 3.2611e-05
46 32 1.75646e-05
46 33 9.33074e-06
46 34 4.89178e-06
46 35 2.53252e-06
46 36 1.29549e-06
46 37 6.55171e-07
46 38 3.27761e-07
46 39 1.62281e-07
46 40 7.95604e-08
46 41 3.86404e-08
46 42 1.85985e-08
46 43 8.87497e-09
46 44 4.19997e-09
46 45 1.97171e-09
46 46 9.18519e-10
46 47 4.24841e-10
46 48 1.95484e-10
46 49 9.02998e-11
46 50 4.36911e-11
46 51 2.60601e-11

47 1 0.183955
47 2 0.180614
47 3 0.174082
47 4 0.164655
47 5 0.152762
47 6 0.138941
47 7 0.123811
47 8 0.108029
47 9 0.0922434
47 10 0.0770448
47 11 0.0629235
47 12 0.05024
47 13 0.0392118
47 14 0.0299182
47 15 0.0223188
47 16 0.0162829
47 17 0.0116213
47 18 0.00811705
47 19 0.00555061
47 20 0.00371766
47 21 0.00243996
47 22 0.00156994
47 23 0.000990793
47 24 0.00061362
47 25 0.000373128
47 26 0.00022289
47 27 0.000130868
47 28 7.5568e-05
47 29 4.29389e-05
47 30 2.40231e-05
47 31 1.32413e-05
47 32 7.19474e-06
47 33 3.85606e-06
47 34 2.03973e-06
47 35 1.0655e-06
47 36 5.49969e-07
47 37 2.80648e-07
47 38 1.41662e-07
47 39 7.0767e-08
47 40 3.5002e-08
47 41 1.71484e-08
47 42 8.32519e-09
47 43 4.00637e-09
47 44 1.91173e-09
47 45 9.04776e-10
47 46 4.24841e-10
47 47 1.9803e-10
47 48 9.18211e-11
47 49 4.27464e-11
47 50 2.08546e-11
47 51 1.25322e-11

48 1 0.0709462
48 2 0.0695532
48 3 0.0668437
48 4 0.0629647
48 5 0.0581222
48 6 0.0525644
48 7 0.0465627
48 8 0.04039
48 9 0.0343006
48 10 0.0285132
48 11 0.0231979
48 12 0.0184707
48 13 0.014393
48 14 0.0109768
48 15 0.00819429
48 16 0.00598873
48 17 0.0042859
48 18 0.00300433
48 19 0.00206339
48 20 0.00138896
48 21 0.000916701
48 22 0.000593429
48 23 0.00037696
48 24 0.000235071
48 25 0.000143975
48 26 8.66509e-05
48 27 5.12722e-05
48 28 2.98432e-05
48 29 1.70963e-05
48 30 9.64484e-06
48 31 5.36135e-06
48 32 2.93825e-06
48 33 1.5885e-06
48 34 8.47649e-07
48 35 4.46704e-07
48 36 2.32614e-07
48 37 1.19754e-07
48 38 6.09821e-08
48 39 3.07309e-08
48 40 1.53321e-08
48 41 7.57623e-09
48 42 3.70927e-09
48 43 1.7999e-09
48 44 8.65883e-10
48 45 4.13082e-10
48 46 1.95484e-10
48 47 9.18211e-11
48 48 4.28993e-11
48 49 2.01268e-11
48 50 9.90079e-12
48 51 5.99419e-12

49 1 0.0259661
49 2 0.0254463
49 3 0.0244368
49 4 0.0229953
49 5 0.0212015
49 6 0.0191505
49 7 0.0169446
49 8 0.0146848
49 9 0.0124637
49 10 0.0103596
49 11 0.00843194
49 12 0.00672051
49 13 0.0052454
49 14 0.00400947
49 15 0.00300176
49 16 0.00220145
49 17 0.00158187
49 18 0.00111392
49 19 0.000768914
49 20 0.000520435
49 21 0.000345512
49 22 0.000225074
49 23 0.000143919
49 24 9.0371e-05
49 25 5.57504e-05
49 26 3.38049e-05
49 27 2.01575e-05
49 28 1.18262e-05
49 29 6.83013e-06
49 30 3.88532e-06
49 31 2.17808e-06
49 32 1.20396e-06
49 33 6.56567e-07
49 34 3.53437e-07
49 35 1.87907e-07
49 36 9.87187e-08
49 37 5.12739e-08
49 38 2.63415e-08
49 39 1.33914e-08
49 40 6.73955e-09
49 41 3.35908e-09
49 42 1.6586e-09
49 43 8.11576e-10
49 44 3.93644e-10
49 45 1.89312e-10
49 46 9.02998e-11
49 47 4.27464e-11
49 48 2.01268e-11
49 49 9.51823e-12
49 50 4.72235e-12
49 51 2.88106e-12

50 1 0.00962251
50 2 0.00943023
50 3 0.00905694
50 4 0.00852413
50 5 0.00786151
50 6 0.00710433
50 7 0.00629035
50 8 0.00545677
50 9 0.0046375
50 10 0.00386106
50 11 0.00314919
50 12 0.00251633
50 13 0.00196984
50 14 0.00151086
50 15 0.00113551
50 16 0.000836362
50 17 0.000603826
50 18 0.0004274
50 19 0.000296666
50 20 0.000201991
50 21 0.000134947
50 22 8.84929e-05
50 23 5.69809e-05
50 24 3.60412e-05
50 25 2.24029e-05
50 26 1.36912e-05
50 27 8.23023e-06
50 28 4.86892e-06
50 29 2.8361e-06
50 30 1.62744e-06
50 31 9.20468e-07
50 32 5.13408e-07
50 33 2.8255e-07
50 34 1.53509e-07
50 35 8.2375e-08
50 36 4.36813e-08
50 37 2.29002e-08
50 38 1.18746e-08
50 39 6.09278e-09
50 40 3.09456e-09
50 41 1.5564e-09
50 42 7.75399e-10
50 43 3.82768e-10
50 44 1.87271e-10
50 45 9.08331e-11
50 46 4.36911e-11
50 47 2.08546e-11
50 48 9.90079e-12
50 49 4.72235e-12
50 50 2.36453e-12
50 51 1.4545e-12

51 1 0.00442034
51 2 0.00433281
51 3 0.00416286
51 4 0.00392024
51 5 0.00361841
51 6 0.00327334
51 7 0.00290213
51 8 0.00252162
51 9 0.00214718
51 10 0.00179176
51 11 0.00146526
51 12 0.00117432
51 13 0.000922389
51 14 0.000710126
51 15 0.000535915
51 16 0.000396512
51 17 0.000287667
51 18 0.000204684
51 19 0.00014287
51 20 9.78531e-05
51 21 6.57833e-05
51 22 4.34215e-05
51 23 2.81512e-05
51 24 1.79333e-05
51 25 1.12297e-05
51 26 6.91533e-06
51 27 4.18974e-06
51 28 2.4986e-06
51 29 1.46741e-06
51 30 8.49114e-07
51 31 4.84347e-07
51 32 2.72484e-07
51 33 1.51265e-07
51 34 8.29009e-08
51 35 4.4876e-08
51 36 2.40051e-08
51 37 1.26947e-08
51 38 6.63969e-09
51 39 3.43601e-09
51 40 1.75995e-09
51 41 8.92545e-10
51 42 4.48311e-10
51 43 2.23085e-10
51 44 1.10007e-10
51 45 5.377e-11
51 46 2.60601e-11
51 47 1.25322e-11
51 48 5.99419e-12
51 49 2.88106e-12
51 50 1.4545e-12
51 51 9.01293e-13

#x #y #phase
1 1 1
1 2 1
1 3 1
1 4 1
1 5 1
1 6 1
1 7 1
1 8 1
1 9 1
1 10 1
1 11 0.999999
1 12 1
1 13 0.999999
1 14 1
1 15 0.999999
1 16 1
1 17 0.999999
1 18 1
1 19 0.999999
1 20 1
1 21 0.999999
1 22 1
1 23 0.999999
1 24 1
1 25 1
1 26 1
1 27 1
1 28 1
1 29 1
1 30 1
1 31 1
1 32 1
1 33 0.999999
1 34 0.999998
1 35 0.999995
1 36 0.999983
1 37 0.999949
1 38 0.999845
1 39 0.999529
1 40 0.998562
1 41 0.995623
1 42 0.986725
1 43 0.960219
1 44 0.885237
1 45 0.703588
1 46 0.413871
1 47 0.183955
1 48 0.0709462
1 49 0.0259661
1 50 0.00962251
1 51 0.00442034

2 1 1
2 2 1
2 3 1
2 4 1
2 5 1
2 6 1
2 7 1
2 8 0.999999
2 9 1
2 10 0.999998
2 11 1
2 12 0.999998
2 13 1
2 14 0.999997
2 15 1
2 16 0.999996
2 17 1
2 18 0.999996
2 19 1
2 20 0.999997
2 21 1
2 22 0.999998
2 23 1
2 24 0.999999
2 25 1
2 26 0.999999
2 27 1
2 28 1
2 29 1
2 30 1
2 31 1
2 32 1
2 33 0.999999
2 34 0.999998
2 35 0.999994
2 36 0.999983
2 37 0.999948
2 38 0.999841
2 39 0.999516
2 40 0.998524
2 41 0.995509
2 42 0.98639
2 43 0.959256
2 44 0.882675
2 45 0.6982
2 46 0.407962
2 47 0.180614
2 48 0.0695532
2 49 0.0254463
2 50 0.00943023
2 51 0.00433281

3 1 1
3 2 1
3 3 1
3 4 1
3 5 0.999999
3 6 1
3 7 0.999999
3 8 1
3 9 0.999998
3 10 1
3 11 0.999996
3 12 1
3 13 0.999995
3 14 1.00001
3 15 0.999994
3 16 1.00001
3 17 0.999993
3 18 1.00001
3 19 0.999993
3 20 1.00001
3 21 0.999995
3 22 1
3 23 0.999996
3 24 1
3 25 0.999998
3 26 1
3 27 0.999999
3 28 1
3 29 1
3 30 1
3 31 1
3 32 1
3 33 0.999999
3 34 0.999998
3 35 0.999994
3 36 0.999982
3 37 0.999945
3 38 0.999832
3 39 0.999489
3 40 0.998445
3 41 0.995273
