#x #y #phase
1 1 1
1 2 1
1 3 1
1 4 1
1 5 1
1 6 1
1 7 1
1 8 1
1 9 1
1 10 1
1 11 1
1 12 1
1 13 1
1 14 1
1 15 1
1 16 1
1 17 1
1 18 1
1 19 1
1 20 1
1 21 0.999999
1 22 0.999998
1 23 0.999994
1 24 0.999982
1 25 0.999945
1 26 0.999832
1 27 0.999489
1 28 0.998445
1 29 0.995273
1 30 0.985691
1 31 0.957241
1 32 0.877299
1 33 0.686926
1 34 0.395804
1 35 0.173784
1 36 0.0666579
1 37 0.0242309
1 38 0.00863139
1 39 0.00304888
1 40 0.00107172
1 41 0.000375052
1 42 0.000130591
1 43 4.52082e-05
1 44 1.55523e-05
1 45 5.31654e-06
1 46 1.80682e-06
1 47 6.10979e-07
1 48 2.0585e-07
1 49 6.93773e-08
1 50 2.40172e-08
1 51 1.03386e-08

2 1 1
2 2 1
2 3 1
2 4 1
2 5 1
2 6 1
2 7 1
2 8 1
2 9 1
2 10 1
2 11 1
2 12 1
2 13 1
2 14 1
2 15 1
2 16 1
2 17 1
2 18 1
2 19 1
2 20 1
2 21 0.999999
2 22 0.999998
2 23 0.999994
2 24 0.999981
2 25 0.999943
2 26 0.999826
2 27 0.99947
2 28 0.998388
2 29 0.995106
2 30 0.985204
2 31 0.955863
2 32 0.873705
2 33 0.679641
2 34 0.388301
2 35 0.169689
2 36 0.0649788
2 37 0.0236128
2 38 0.00841261
2 39 0.00297258
2 40 0.00104529
2 41 0.00036594
2 42 0.000127465
2 43 4.41419e-05
2 44 1.51909e-05
2 45 5.19493e-06
2 46 1.76617e-06
2 47 5.97472e-07
2 48 2.01383e-07
2 49 6.79013e-08
2 50 2.35172e-08
2 51 1.01283e-08

3 1 1
3 2 1
3 3 1
3 4 1
3 5 1
3 6 1
3 7 1
3 8 1
3 9 1
3 10 1
3 11 1
3 12 1
3 13 1
3 14 1
3 15 1
3 16 1
3 17 1
3 18 1
3 19 1
3 20 1
3 21 0.999999
3 22 0.999998
3 23 0.999993
3 24 0.999979
3 25 0.999938
3 26 0.999812
3 27 0.999429
3 28 0.998268
3 29 0.994753
3 30 0.984178
3 31 0.952965
3 32 0.866212
3 33 0.664751
3 34 0.373457
3 35 0.161717
3 36 0.0617297
3 37 0.0224189
3 38 0.00799007
3 39 0.00282516
3 40 0.000994197
3 41 0.000348316
3 42 0.000121415
3 43 4.20773e-05
3 44 1.44909e-05
3 45 4.9592e-06
3 46 1.68732e-06
3 47 5.71258e-07
3 48 1.92709e-07
3 49 6.50331e-08
3 50 2.2545e-08
3 51 9.71913e-09

4 1 1
4 2 1
4 3 1
4 4 1
4 5 1
4 6 1
4 7 1
4 8 1
4 9 1
4 10 1
4 11 1
4 12 1
4 13 1
4 14 1
4 15 1
4 16 1
4 17 1
4 18 1
4 19 1
4 20 1
4 21 0.999999
4 22 0.999997
4 23 0.999992
4 24 0.999977
4 25 0.99993
4 26 0.999789
4 27 0.999361
4 28 0.99807
4 29 0.994172
4 30 0.982495
4 31 0.948245
4 32 0.85419
4 33 0.641682
4 34 0.35165
4 35 0.150309
4 36 0.0571223
4 37 0.0207301
4 38 0.00739258
4 39 0.00261659
4 40 0.000921849
4 41 0.000323337
4 42 0.000112833
4 43 3.91457e-05
4 44 1.3496e-05
4 45 4.62385e-06
4 46 1.57505e-06
4 47 5.3389e-07
4 48 1.8033e-07
4 49 6.09355e-08
4 50 2.11543e-08
4 51 9.13304e-09

5 1 1
5 2 1
5 3 1
5 4 1
5 5 1
5 6 1
5 7 1
5 8 1
5 9 1
5 10 1
5 11 1
5 12 1
5 13 1
5 14 1
5 15 1
5 16 1
5 17 1
5 18 1
5 19 1
5 20 1
5 21 0.999999
5 22 0.999997
5 23 0.999991
5 24 0.999973
5 25 0.999918
5 26 0.999753
5 27 0.999258
5 28 0.997768
5 29 0.993292
5 30 0.979956
5 31 0.941192
5 32 0.836624
5 33 0.609744
5 34 0.323568
5 35 0.136109
5 36 0.0514555
5 37 0.0186599
5 38 0.00666027
5 39 0.00236073
5 40 0.00083299
5 41 0.000292617
5 42 0.000102265
5 43 3.55311e-05
5 44 1.22677e-05
5 45 4.20932e-06
5 46 1.43607e-06
5 47 4.87573e-07
5 48 1.64964e-07
5 49 5.58408e-08
5 50 1.94222e-08
5 51 8.40174e-09

6 1 1
6 2 1
6 3 1
6 4 1
6 5 1
6 6 1
6 7 1
6 8 1
6 9 1
6 10 1
6 11 1
6 12 1
6 13 1
6 14 1
6 15 1
6 16 1
6 17 1
6 18 1
6 19 1
6 20 1
6 21 0.999999
6 22 0.999996
6 23 0.999989
6 24 0.999966
6 25 0.999899
6 26 0.9997
6 27 0.999104
6 28 0.99732
6 29 0.991995
6 30 0.976245
6 31 0.931012
6 32 0.812049
6 33 0.568399
6 34 0.290294
6 35 0.119939
6 36 0.0450899
6 37 0.0163428
6 38 0.00584063
6 39 0.00207402
6 40 0.000733257
6 41 0.000258081
6 42 9.03646e-05
6 43 3.14541e-05
6 44 1.088e-05
6 45 3.74023e-06
6 46 1.27854e-06
6 47 4.34976e-07
6 48 1.47481e-07
6 49 5.00327e-08
6 50 1.74433e-08
6 51 7.56427e-09

7 1 1
7 2 1
7 3 1
7 4 1
7 5 1
7 6 1
7 7 1
7 8 1
7 9 1
7 10 1
7 11 1
7 12 1
7 13 1
7 14 1
7 15 1
7 16 1
7 17 1
7 18 1
7 19 1
7 20 0.999999
7 21 0.999998
7 22 0.999995
7 23 0.999985
7 24 0.999956
7 25 0.999872
7 26 0.99962
7 27 0.998875
7 28 0.99666
7 29 0.990098
7 30 0.970869
7 31 0.91652
7 32 0.778511
7 33 0.517641
7 34 0.253344
7 35 0.102735
7 36 0.0384133
7 37 0.0139209
7 38 0.00498369
7 39 0.00177378
7 40 0.000628612
7 41 0.000221769
7 42 7.7827e-05
7 43 2.71504e-05
7 44 9.4124e-06
7 45 3.24311e-06
7 46 1.11124e-06
7 47 3.78997e-07
7 48 1.28831e-07
7 49 4.38219e-08
7 50 1.53215e-08
7 51 6.66381e-09

8 1 1
8 2 1
8 3 1
8 4 1
8 5 1
8 6 1
8 7 1
8 8 1
8 9 1
8 10 1
8 11 1
8 12 1
8 13 1
8 14 1
8 15 1
8 16 1
8 17 1
8 18 1
8 19 1
8 20 0.999999
8 21 0.999998
8 22 0.999993
8 23 0.99998
8 24 0.999942
8 25 0.999829
8 26 0.9995
8 27 0.998531
8 28 0.995678
8 29 0.987304
8 30 0.963062
8 31 0.895992
8 32 0.733663
8 33 0.458437
8 34 0.214592
8 35 0.0854535
8 36 0.0317997
8 37 0.0115294
8 38 0.0041368
8 39 0.00147645
8 40 0.000524733
8 41 0.000185635
8 42 6.53212e-05
8 43 2.28477e-05
8 44 7.94169e-06
8 45 2.74378e-06
8 46 9.42793e-07
8 47 3.22485e-07
8 48 1.09952e-07
8 49 3.75167e-08
8 50 1.31607e-08
8 51 5.74374e-09

9 1 1
9 2 1
9 3 1
9 4 1
9 5 1
9 6 1
9 7 1
9 8 1
9 9 1
9 10 1
9 11 1
9 12 1
9 13 1
9 14 1
9 15 1
9 16 1
9 17 1
9 18 1
9 19 0.999999
9 20 0.999999
9 21 0.999996
9 22 0.99999
9 23 0.999972
9 24 0.999918
9 25 0.999763
9 26 0.999314
9 27 0.998007
9 28 0.994197
9 29 0.98314
9 30 0.951639
9 31 0.867
9 32 0.675243
9 33 0.393034
9 34 0.176087
9 35 0.0689713
9 36 0.0255719
9 37 0.00928249
9 38 0.00334009
9 39 0.00119603
9 40 0.00042648
9 41 0.000151361
9 42 5.34261e-05
9 43 1.87441e-05
9 44 6.53528e-06
9 45 2.26497e-06
9 46 7.80803e-07
9 47 2.67977e-07
9 48 9.16847e-08
9 49 3.13955e-08
9 50 1.10553e-08
9 51 4.84389e-09

10 1 1
10 2 1
10 3 1
10 4 1
10 5 1
10 6 1
10 7 1
10 8 1
10 9 1
10 10 1
10 11 1
10 12 1
10 13 1
10 14 1
10 15 1
10 16 1
10 17 1
10 18 0.999999
10 19 1
10 20 0.999998
10 21 0.999995
10 22 0.999985
10 23 0.999958
10 24 0.99988
10 25 0.999659
10 26 0.999023
10 27 0.997193
10 28 0.991921
10 29 0.976834
10 30 0.934747
10 31 0.826258
10 32 0.602154
10 33 0.324913
10 34 0.139784
10 35 0.0539933
10 36 0.0199732
10 37 0.00726511
10 38 0.00262328
10 39 0.000942948
10 40 0.000337514
10 41 0.000120225
10 42 4.2586e-05
10 43 1.49929e-05
10 44 5.24569e-06
10 45 1.82456e-06
10 46 6.31314e-07
10 47 2.17502e-07
10 48 7.47079e-08
10 49 2.56852e-08
10 50 9.0833e-09
10 51 3.99737e-09

11 1 1
11 2 1
11 3 1
11 4 1
11 5 1
11 6 1
11 7 1
11 8 1
11 9 1
11 10 1
11 11 1
11 12 1
11 13 1
11 14 1
11 15 0.999999
11 16 1
11 17 0.999999
11 18 1
11 19 0.999998
11 20 0.999997
11 21 0.999991
11 22 0.999977
11 23 0.999935
11 24 0.999818
11 25 0.999488
11 26 0.998555
11 27 0.9959
11 28 0.988355
11 29 0.967125
11 30 0.909554
11 31 0.769678
11 32 0.515953
11 33 0.258255
11 34 0.107272
11 35 0.0409905
11 36 0.0151531
11 37 0.00552835
11 38 0.00200446
11 39 0.000723662
11 40 0.000260133
11 41 9.30422e-05
11 42 3.30885e-05
11 43 1.16949e-05
11 44 4.10795e-06
11 45 1.43461e-06
11 46 4.98462e-07
11 47 1.72469e-07
11 48 5.95e-08
11 49 2.05482e-08
11 50 7.30111e-09
11 51 3.22869e-09

12 1 1
12 2 1
12 3 1
12 4 1
12 5 1
12 6 1
12 7 1
12 8 1
12 9 1
12 10 1
12 11 1
12 12 1
12 13 1
12 14 0.999999
12 15 1
12 16 0.999999
12 17 1
12 18 0.999998
12 19 0.999999
12 20 0.999994
12 21 0.999987
12 22 0.999961
12 23 0.999895
12 24 0.999712
12 25 0.999204
12 26 0.997782
12 27 0.993797
12 28 0.982649
12 29 0.951954
12 30 0.87191
12 31 0.693265
12 32 0.421759
12 33 0.197073
12 34 0.0795707
12 35 0.0301833
12 36 0.0111694
12 37 0.0040911
12 38 0.0014905
12 39 0.00054076
12 40 0.000195313
12 41 7.01773e-05
12 42 2.50675e-05
12 43 8.89867e-06
12 44 3.13954e-06
12 45 1.10137e-06
12 46 3.84452e-07
12 47 1.33655e-07
12 48 4.63323e-08
12 49 1.60794e-08
12 50 5.74292e-09
12 51 2.55309e-09

13 1 1
13 2 1
13 3 1
13 4 1
13 5 1
13 6 1
13 7 1
13 8 1
13 9 1
13 10 1
13 11 1
13 12 1
13 13 0.999999
13 14 1
13 15 0.999998
13 16 1
13 17 0.999997
13 18 1
13 19 0.999994
13 20 0.999992
13 21 0.999974
13 22 0.999936
13 23 0.999825
13 24 0.999528
13 25 0.998714
13 26 0.996475
13 27 0.990296
13 28 0.973335
13 29 0.927983
13 30 0.816257
13 31 0.595776
13 32 0.327428
13 33 0.144364
13 34 0.0570749
13 35 0.0215662
13 36 0.00800205
13 37 0.00294538
13 38 0.00107898
13 39 0.000393601
13 40 0.000142909
13 41 5.16063e-05
13 42 1.85239e-05
13 43 6.60751e-06
13 44 2.34257e-06
13 45 8.25884e-07
13 46 2.89764e-07
13 47 1.01262e-07
13 48 3.52882e-08
13 49 1.23119e-08
13 50 4.42204e-09
13 51 1.97712e-09

14 1 1
14 2 1
14 3 1
14 4 1
14 5 1
14 6 1
14 7 1
14 8 1
14 9 1
14 10 1
14 11 1
14 12 0.999999
14 13 1
14 14 0.999998
14 15 1
14 16 0.999997
14 17 1
14 18 0.999994
14 19 0.999996
14 20 0.99998
14 21 0.999958
14 22 0.999883
14 23 0.999698
14 24 0.999197
14 25 0.997852
14 26 0.994209
14 27 0.984335
14 28 0.957877
14 29 0.889982
14 30 0.736363
14 31 0.482399
14 32 0.241115
14 33 0.101626
14 34 0.039622
14 35 0.0149615
14 36 0.00557501
14 37 0.002064
14 38 0.000760753
14 39 0.000279179
14 40 0.000101945
14 41 3.70159e-05
14 42 1.33576e-05
14 43 4.7899e-06
14 44 1.70726e-06
14 45 6.0519e-07
14 46 2.13517e-07
14 47 7.50385e-08
14 48 2.62986e-08
14 49 9.22812e-09
14 50 3.33441e-09
14 51 1.49994e-09

15 1 1
15 2 1
15 3 1
15 4 1
15 5 1
15 6 1
15 7 1
15 8 1
15 9 1
15 10 1
15 11 0.999999
15 12 1
15 13 0.999998
15 14 1
15 15 0.999996
15 16 1
15 17 0.999993
15 18 0.999999
15 19 0.999982
15 20 0.999971
15 21 0.999914
15 22 0.999791
15 23 0.999457
15 24 0.99859
15 25 0.996292
15 26 0.990183
15 27 0.973983
15 28 0.93196
15 29 0.830499
15 30 0.628559
15 31 0.365272
15 32 0.168702
15 33 0.0688791
15 34 0.0266521
15 35 0.010086
15 36 0.00377958
15 37 0.00140864
15 38 0.000522705
15 39 0.00019307
15 40 7.09381e-05
15 41 2.59101e-05
15 42 9.40405e-06
15 43 3.39164e-06
15 44 1.21591e-06
15 45 4.33574e-07
15 46 1.53891e-07
15 47 5.44127e-08
15 48 1.91861e-08
15 49 6.77352e-09
15 50 2.46317e-09
15 51 1.1152e-09

16 1 1
16 2 1
16 3 1
16 4 1
16 5 1
16 6 1
16 7 1
16 8 1
16 9 1
16 10 1
16 11 1
16 12 0.999999
16 13 1
16 14 0.999997
16 15 1
16 16 0.999993
16 17 1
16 18 0.999983
16 19 0.999978
16 20 0.99993
16 21 0.999844
16 22 0.999601
16 23 0.999
16 24 0.997441
16 25 0.993401
16 26 0.982879
16 27 0.955743
16 28 0.888584
16 29 0.74103
16 30 0.498336
16 31 0.258491
16 32 0.112562
16 33 0.0450537
16 34 0.0173948
16 35 0.00661306
16 36 0.00249526
16 37 0.0009369
16 38 0.000350203
16 39 0.000130257
16 40 4.81769e-05
16 41 1.77088e-05
16 42 6.46748e-06
16 43 2.34706e-06
16 44 8.4672e-07
16 45 3.03853e-07
16 46 1.08546e-07
16 47 3.86284e-08
16 48 1.37086e-08
16 49 4.87101e-09
16 50 1.78331e-09
16 51 8.12896e-10

17 1 1
17 2 1
17 3 1
17 4 1
17 5 1
17 6 1
17 7 1
17 8 1
17 9 1
17 10 1
17 11 0.999999
17 12 1
17 13 0.999997
17 14 1
17 15 0.999993
17 16 1
17 17 0.999983
17 18 0.999982
17 19 0.999938
17 20 0.999872
17 21 0.999679
17 22 0.99923
17 23 0.99809
17 24 0.995223
17 25 0.987925
17 26 0.969402
17 27 0.923453
17 28 0.817669
17 29 0.617116
17 30 0.363202
17 31 0.171806
17 32 0.0719517
17 33 0.0285119
17 34 0.0110314
17 35 0.00422146
17 36 0.00160553
17 37 0.000607729
17 38 0.000228943
17 39 8.5787e-05
17 40 3.19533e-05
17 41 1.18252e-05
17 42 4.34759e-06
17 43 1.58828e-06
17 44 5.76848e-07
17 45 2.08419e-07
17 46 7.49653e-08
17 47 2.68612e-08
17 48 9.59749e-09
17 49 3.4334e-09
17 50 1.26591e-09
17 51 5.8116e-10

18 1 1
18 2 1
18 3 1
18 4 1
18 5 1
18 6 1
18 7 1
18 8 1
18 9 1
18 10 0.999999
18 11 1
18 12 0.999998
18 13 1
18 14 0.999994
18 15 0.999999
18 16 0.999983
18 17 0.999982
18 18 0.99994
18 19 0.999885
18 20 0.999718
18 21 0.999355
18 22 0.998453
18 23 0.996262
18 24 0.990834
18 25 0.977367
18 26 0.944328
18 27 0.867057
18 28 0.708713
18 29 0.46852
18 30 0.243788
18 31 0.108094
18 32 0.0442715
18 33 0.0175005
18 34 0.00680772
18 35 0.00262642
18 36 0.00100772
18 37 0.000384762
18 38 0.000146148
18 39 5.51921e-05
18 40 2.07108e-05
18 41 7.71993e-06
18 42 2.85845e-06
18 43 1.0517e-06
18 44 3.84708e-07
18 45 1.40003e-07
18 46 5.07221e-08
18 47 1.83055e-08
18 48 6.58713e-09
18 49 2.37318e-09
18 50 8.81474e-10
18 51 4.07672e-10

19 1 1
19 2 1
19 3 1
19 4 1
19 5 1
19 6 1
19 7 1
19 8 1
19 9 0.999999
19 10 1
19 11 0.999998
19 12 0.999999
19 13 0.999994
19 14 0.999996
19 15 0.999982
19 16 0.999978
19 17 0.999938
19 18 0.999885
19 19 0.99973
19 20 0.99941
19 21 0.998638
19 22 0.996831
19 23 0.992488
19 24 0.982009
19 25 0.956804
19 26 0.89803
19 27 0.773097
19 28 0.56061
19 29 0.321363
19 30 0.152271
19 31 0.064919
19 32 0.0263354
19 33 0.0104426
19 34 0.00409422
19 35 0.00159435
19 36 0.00061756
19 37 0.000237959
19 38 9.11706e-05
19 39 3.47122e-05
19 40 1.31277e-05
19 41 4.93059e-06
19 42 1.83939e-06
19 43 6.81863e-07
19 44 2.51316e-07
19 45 9.21558e-08
19 46 3.36409e-08
19 47 1.22322e-08
19 48 4.43427e-09
19 49 1.60931e-09
19 50 6.02338e-10
19 51 2.80712e-10

20 1 1
20 2 1
20 3 1
20 4 1
20 5 1
20 6 1
20 7 0.999999
20 8 0.999999
20 9 0.999999
20 10 0.999998
20 11 0.999997
20 12 0.999994
20 13 0.999992
20 14 0.99998
20 15 0.999971
20 16 0.99993
20 17 0.999872
20 18 0.999718
20 19 0.99941
20 20 0.998695
20 21 0.997084
20 22 0.99334
20 23 0.984586
20 24 0.96407
20 25 0.916944
20 26 0.815735
20 27 0.632221
20 28 0.395258
20 29 0.200913
20 30 0.0896838
20 31 0.0374999
20 32 0.0152032
20 33 0.00607056
20 34 0.00240304
20 35 0.000945391
20 36 0.000369877
20 37 0.000143884
20 38 5.56234e-05
20 39 2.13584e-05
20 40 8.14348e-06
20 41 3.08301e-06
20 42 1.15926e-06
20 43 4.3315e-07
20 44 1.60919e-07
20 45 5.94776e-08
20 46 2.18835e-08
20 47 8.01905e-09
20 48 2.92922e-09
20 49 1.07117e-09
20 50 4.04097e-10
20 51 1.89814e-10

21 1 0.999999
21 2 0.999999
21 3 0.999999
21 4 0.999999
21 5 0.999999
21 6 0.999999
21 7 0.999998
21 8 0.999998
21 9 0.999996
21 10 0.999995
21 11 0.999991
21 12 0.999987
21 13 0.999974
21 14 0.999958
21 15 0.999914
21 16 0.999844
21 17 0.999679
21 18 0.999355
21 19 0.998638
21 20 0.997084
21 21 0.993602
21 22 0.985739
21 23 0.967865
21 24 0.927754
21 25 0.842223
21 26 0.682614
21 27 0.45748
21 28 0.248685
21 29 0.116571
21 30 0.0504226
21 31 0.0209637
21 32 0.00854483
21 33 0.00344465
21 34 0.00137839
21 35 0.000548192
21 36 0.000216718
21 37 8.51347e-05
21 38 3.32166e-05
21 39 1.28668e-05
21 40 4.94752e-06
21 41 1.8887e-06
21 42 7.16075e-07
21 43 2.69779e-07
21 44 1.01058e-07
21 45 3.76609e-08
21 46 1.39697e-08
21 47 5.1602e-09
21 48 1.89977e-09
21 49 7.00142e-10
21 50 2.66282e-10
21 51 1.26094e-10

22 1 0.999998
22 2 0.999998
22 3 0.999998
22 4 0.999997
22 5 0.999997
22 6 0.999996
22 7 0.999995
22 8 0.999993
22 9 0.99999
22 10 0.999985
22 11 0.999977
22 12 0.999961
22 13 0.999936
22 14 0.999883
22 15 0.999791
22 16 0.999601
22 17 0.99923
22 18 0.998453
22 19 0.996831
22 20 0.99334
22 21 0.985739
22 22 0.969044
22 23 0.93267
22 24 0.856589
22 25 0.714067
22 26 0.503312
22 27 0.289892
22 28 0.142573
22 29 0.0639297
22 30 0.0273273
22 31 0.011397
22 32 0.00468814
22 33 0.00191123
22 34 0.0007737
22 35 0.000311187
22 36 0.000124339
22 37 4.93355e-05
22 38 1.94313e-05
22 39 7.59508e-06
22 40 2.94614e-06
22 41 1.13444e-06
22 42 4.33828e-07
22 43 1.64855e-07
22 44 6.22851e-08
22 45 2.34095e-08
22 46 8.75632e-09
22 47 3.26108e-09
22 48 1.21027e-09
22 49 4.49601e-10
22 50 1.72424e-10
22 51 8.23265e-11

23 1 0.999994
23 2 0.999994
23 3 0.999993
23 4 0.999992
23 5 0.999991
23 6 0.999989
23 7 0.999985
23 8 0.99998
23 9 0.999972
23 10 0.999958
23 11 0.999935
23 12 0.999895
23 13 0.999825
23 14 0.999698
23 15 0.999457
23 16 0.999
23 17 0.99809
23 18 0.996262
23 19 0.992488
23 20 0.984586
23 21 0.967865
23 22 0.93267
23 23 0.861132
23 24 0.729072
23 25 0.530968
23 26 0.319853
23 27 0.164288
23 28 0.0763762
23 29 0.0336268
23 30 0.0143803
23 31 0.00604819
23 32 0.0025165
23 33 0.00103852
23 34 0.000425503
23 35 0.000173114
23 36 6.99195e-05
23 37 2.8025e-05
23 38 1.11444e-05
23 39 4.39641e-06
23 40 1.72085e-06
23 41 6.68588e-07
23 42 2.57968e-07
23 43 9.89027e-08
23 44 3.76983e-08
23 45 1.42926e-08
23 46 5.39206e-09
23 47 2.02502e-09
23 48 7.5772e-10
23 49 2.83782e-10
23 50 1.09761e-10
23 51 5.28507e-11

24 1 0.999982
24 2 0.999981
24 3 0.999979
24 4 0.999977
24 5 0.999973
24 6 0.999966
24 7 0.999956
24 8 0.999942
24 9 0.999918
24 10 0.99988
24 11 0.999818
24 12 0.999712
24 13 0.999528
24 14 0.999197
24 15 0.99859
24 16 0.997441
24 17 0.995223
24 18 0.990834
24 19 0.982009
24 20 0.96407
24 21 0.927754
24 22 0.856589
24 23 0.729072
24 24 0.540171
24 25 0.335537
24 26 0.178686
24 27 0.0859716
24 28 0.0390201
24 29 0.0171408
24 30 0.0073856
24 31 0.00314211
24 32 0.00132406
24 33 0.000553418
24 34 0.000229537
24 35 9.44691e-05
24 36 3.85702e-05
24 37 1.5618e-05
24 38 6.27141e-06
24 39 2.49752e-06
24 40 9.86711e-07
24 41 3.86911e-07
24 42 1.50663e-07
24 43 5.82923e-08
24 44 2.24205e-08
24 45 8.57619e-09
24 46 3.26377e-09
24 47 1.2362e-09
24 48 4.6643e-10
24 49 1.76139e-10
24 50 6.87201e-11
24 51 3.33739e-11

25 1 0.999945
25 2 0.999943
25 3 0.999938
25 4 0.99993
25 5 0.999918
25 6 0.999899
25 7 0.999872
25 8 0.999829
25 9 0.999763
25 10 0.999659
25 11 0.999488
25 12 0.999204
25 13 0.998714
25 14 0.997852
25 15 0.996292
25 16 0.993401
25 17 0.987925
25 18 0.977367
25 19 0.956804
25 20 0.916944
25 21 0.842223
25 22 0.714067
25 23 0.530968
25 24 0.335537
25 25 0.183723
25 26 0.0912013
25 27 0.0426712
25 28 0.0192807
25 29 0.00852618
25 30 0.00371579
25 31 0.00160159
25 32 0.000683937
25 33 0.000289576
25 34 0.000121582
25 35 5.0616e-05
25 36 2.08897e-05
25 37 8.5458e-06
25 38 3.46556e-06
25 39 1.39348e-06
25 40 5.55802e-07
25 41 2.20014e-07
25 42 8.64831e-08
25 43 3.37742e-08
25 44 1.31103e-08
25 45 5.06034e-09
25 46 1.94285e-09
25 47 7.4226e-10
25 48 2.82436e-10
25 49 1.07557e-10
25 50 4.23343e-11
25 51 2.07391e-11

26 1 0.999832
26 2 0.999826
26 3 0.999812
26 4 0.999789
26 5 0.999753
26 6 0.9997
26 7 0.99962
26 8 0.9995
26 9 0.999314
26 10 0.999023
26 11 0.998555
26 12 0.997782
26 13 0.996475
26 14 0.994209
26 15 0.990183
26 16 0.982879
26 17 0.969402
26 18 0.944328
26 19 0.89803
26 20 0.815735
26 21 0.682614
26 22 0.503312
26 23 0.319853
26 24 0.178686
26 25 0.0912013
26 26 0.0439639
26 27 0.0204523
26 28 0.00929689
26 29 0.00415774
26 30 0.00183619
26 31 0.000802386
26 32 0.000347286
26 33 0.000148936
26 34 6.32916e-05
26 35 2.66492e-05
26 36 1.11169e-05
26 37 4.59476e-06
26 38 1.88199e-06
26 39 7.64203e-07
26 40 3.07789e-07
26 41 1.23022e-07
26 42 4.88232e-08
26 43 1.92483e-08
26 44 7.54163e-09
26 45 2.93764e-09
26 46 1.13798e-09
26 47 4.38571e-10
26 48 1.68312e-10
26 49 6.46436e-11
26 50 2.56721e-11
26 51 1.26876e-11

27 1 0.999489
27 2 0.99947
27 3 0.999429
27 4 0.999361
27 5 0.999258
27 6 0.999104
27 7 0.998875
27 8 0.998531
27 9 0.998007
27 10 0.997193
27 11 0.9959
27 12 0.993797
27 13 0.990296
27 14 0.984335
27 15 0.973983
27 16 0.955743
27 17 0.923453
27 18 0.867057
27 19 0.773097
27 20 0.632221
27 21 0.45748
27 22 0.289892
27 23 0.164288
27 24 0.0859716
27 25 0.0426712
27 26 0.0204523
27 27 0.00956957
27 28 0.00439884
27 29 0.00199377
27 30 0.000892946
27 31 0.000395648
27 32 0.000173534
27 33 7.5362e-05
27 34 3.24062e-05
27 35 1.37979e-05
27 36 5.81748e-06
27 37 2.42933e-06
27 38 1.00513e-06
27 39 4.1224e-07
27 40 1.67686e-07
27 41 6.76852e-08
27 42 2.71244e-08
27 43 1.07966e-08
27 44 4.27015e-09
27 45 1.67871e-09
27 46 6.5618e-10
27 47 2.55121e-10
27 48 9.87561e-11
27 49 3.82569e-11
27 50 1.53312e-11
27 51 7.6445e-12

28 1 0.998445
28 2 0.998388
28 3 0.998268
28 4 0.99807
28 5 0.997768
28 6 0.99732
28 7 0.99666
28 8 0.995678
28 9 0.994197
28 10 0.991921
28 11 0.988355
28 12 0.982649
28 13 0.973335
28 14 0.957877
28 15 0.93196
28 16 0.888584
28 17 0.817669
28 18 0.708713
28 19 0.56061
28 20 0.395258
28 21 0.248685
28 22 0.142573
28 23 0.0763762
28 24 0.0390201
28 25 0.0192807
28 26 0.00929689
28 27 0.00439884
28 28 0.00204935
28 29 0.000942121
28 30 0.000427941
28 31 0.000192213
28 32 8.54036e-05
28 33 3.75442e-05
28 34 1.63315e-05
28 35 7.03038e-06
28 36 2.99572e-06
28 37 1.264e-06
28 38 5.28342e-07
28 39 2.18895e-07
28 40 8.99379e-08
28 41 3.66657e-08
28 42 1.48384e-08
28 43 5.96358e-09
28 44 2.38108e-09
28 45 9.44776e-10
28 46 3.72655e-10
28 47 1.46176e-10
28 48 5.70775e-11
28 49 2.23037e-11
28 50 9.02014e-12
28 51 4.5381e-12

29 1 0.995273
29 2 0.995106
29 3 0.994753
29 4 0.994172
29 5 0.993292
29 6 0.991995
29 7 0.990098
29 8 0.987304
29 9 0.98314
29 10 0.976834
29 11 0.967125
29 12 0.951954
29 13 0.927983
29 14 0.889982
29 15 0.830499
29 16 0.74103
29 17 0.617116
29 18 0.46852
29 19 0.321363
29 20 0.200913
29 21 0.116571
29 22 0.0639297
29 23 0.0336268
29 24 0.0171408
29 25 0.00852618
29 26 0.00415774
29 27 0.00199377
29 28 0.000942121
29 29 0.000439298
29 30 0.000202314
29 31 9.20753e-05
29 32 4.14242e-05
29 33 1.84268e-05
29 34 8.10627e-06
29 35 3.52762e-06
29 36 1.51912e-06
29 37 6.47673e-07
29 38 2.73527e-07
29 39 1.14489e-07
29 40 4.75196e-08
29 41 1.95678e-08
29 42 7.99753e-09
29 43 3.24552e-09
29 44 1.3082e-09
29 45 5.23922e-10
29 46 2.08542e-10
29 47 8.25321e-11
29 48 3.25092e-11
29 49 1.28149e-11
29 50 5.23064e-12
29 51 2.65538e-12

30 1 0.985691
30 2 0.985204
30 3 0.984178
30 4 0.982495
30 5 0.979956
30 6 0.976245
30 7 0.970869
30 8 0.963062
30 9 0.951639
30 10 0.934747
30 11 0.909554
30 12 0.87191
30 13 0.816257
30 14 0.736363
30 15 0.628559
30 16 0.498336
30 17 0.363202
30 18 0.243788
30 19 0.152271
30 20 0.0896838
30 21 0.0504226
30 22 0.0273273
30 23 0.0143803
30 24 0.0073856
30 25 0.00371579
30 26 0.00183619
30 27 0.000892946
30 28 0.000427941
30 29 0.000202314
30 30 9.44157e-05
30 31 4.35152e-05
30 32 1.98134e-05
30 33 8.9151e-06
30 34 3.96539e-06
30 35 1.74426e-06
30 36 7.5912e-07
30 37 3.27052e-07
30 38 1.39563e-07
30 39 5.90212e-08
30 40 2.47484e-08
30 41 1.0294e-08
30 42 4.24906e-09
30 43 1.74115e-09
30 44 7.08529e-10
30 45 2.86413e-10
30 46 1.15048e-10
30 47 4.59391e-11
30 48 1.82547e-11
30 49 7.25938e-12
30 50 2.99071e-12
30 51 1.53205e-12

31 1 0.957241
31 2 0.955863
31 3 0.952965
31 4 0.948245
31 5 0.941192
31 6 0.931012
31 7 0.91652
31 8 0.895992
31 9 0.867
31 10 0.826258
31 11 0.769678
31 12 0.693265
31 13 0.595776
31 14 0.482399
31 15 0.365272
31 16 0.258491
31 17 0.171806
31 18 0.108094
31 19 0.064919
31 20 0.0374999
31 21 0.0209637
31 22 0.011397
31 23 0.00604819
31 24 0.00314211
31 25 0.00160159
31 26 0.000802386
31 27 0.000395648
31 28 0.000192213
31 29 9.20753e-05
31 30 4.35152e-05
31 31 2.02988e-05
31 32 9.3498e-06
31 33 4.25412e-06
31 34 1.91288e-06
31 35 8.50461e-07
31 36 3.74067e-07
31 37 1.62862e-07
31 38 7.02277e-08
31 39 3.0008e-08
31 40 1.27119e-08
31 41 5.34092e-09
31 42 2.22649e-09
31 43 9.21247e-10
31 44 3.78466e-10
31 45 1.54421e-10
31 46 6.25968e-11
31 47 2.52196e-11
31 48 1.011e-11
31 49 4.05612e-12
31 50 1.68672e-12
31 51 8.71928e-13

32 1 0.877299
32 2 0.873705
32 3 0.866212
32 4 0.85419
32 5 0.836624
32 6 0.812049
32 7 0.778511
32 8 0.733663
32 9 0.675243
32 10 0.602154
32 11 0.515953
32 12 0.421759
32 13 0.327428
32 14 0.241115
32 15 0.168702
32 16 0.112562
32 17 0.0719517
32 18 0.0442715
32 19 0.0263354
32 20 0.0152032
32 21 0.00854483
32 22 0.00468814
32 23 0.0025165
32 24 0.00132406
32 25 0.000683937
32 26 0.000347286
32 27 0.000173534
32 28 8.54036e-05
32 29 4.14242e-05
32 30 1.98134e-05
32 31 9.3498e-06
32 32 4.35504e-06
32 33 2.00329e-06
32 34 9.10535e-07
32 35 4.09163e-07
32 36 1.81885e-07
32 37 8.00285e-08
32 38 3.48717e-08
32 39 1.50554e-08
32 40 6.44313e-09
32 41 2.7344e-09
32 42 1.15119e-09
32 43 4.80957e-10
32 44 1.99471e-10
32 45 8.21484e-11
32 46 3.3605e-11
32 47 1.36608e-11
32 48 5.52478e-12
32 49 2.23624e-12
32 50 9.38703e-13
32 51 4.89678e-13

33 1 0.686926
33 2 0.679641
33 3 0.664751
33 4 0.641682
33 5 0.609744
33 6 0.568399
33 7 0.517641
33 8 0.458437
33 9 0.393034
33 10 0.324913
33 11 0.258255
33 12 0.197073
33 13 0.144364
33 14 0.101626
33 15 0.0688791
33 16 0.0450537
33 17 0.0285119
33 18 0.0175005
33 19 0.0104426
33 20 0.00607056
33 21 0.00344465
33 22 0.00191123
33 23 0.00103852
33 24 0.000553418
33 25 0.000289576
33 26 0.000148936
33 27 7.5362e-05
33 28 3.75442e-05
33 29 1.84268e-05
33 30 8.9151e-06
33 31 4.25412e-06
33 32 2.00329e-06
33 33 9.31502e-07
33 34 4.27944e-07
33 35 1.94364e-07
33 36 8.73218e-08
33 37 3.88282e-08
33 38 1.70965e-08
33 39 7.45769e-09
33 40 3.22419e-09
33 41 1.38206e-09
33 42 5.87595e-10
33 43 2.4787e-10
33 44 1.03778e-10
33 45 4.31377e-11
33 46 1.7808e-11
33 47 7.30412e-12
33 48 2.98014e-12
33 49 1.21701e-12
33 50 5.15696e-13
33 51 2.71469e-13

34 1 0.395804
34 2 0.388301
34 3 0.373457
34 4 0.35165
34 5 0.323568
34 6 0.290294
34 7 0.253344
34 8 0.214592
34 9 0.176087
34 10 0.139784
34 11 0.107272
34 12 0.0795707
34 13 0.0570749
34 14 0.039622
34 15 0.0266521
34 16 0.0173948
34 17 0.0110314
34 18 0.00680772
34 19 0.00409422
34 20 0.00240304
34 21 0.00137839
34 22 0.0007737
34 23 0.000425503
34 24 0.000229537
34 25 0.000121582
34 26 6.32916e-05
34 27 3.24062e-05
34 28 1.63315e-05
34 29 8.10627e-06
34 30 3.96539e-06
34 31 1.91288e-06
34 32 9.10535e-07
34 33 4.27944e-07
34 34 1.98713e-07
34 35 9.12173e-08
34 36 4.14173e-08
34 37 1.86109e-08
34 38 8.28017e-09
34 39 3.64912e-09
34 40 1.59364e-09
34 41 6.89939e-10
34 42 2.96213e-10
34 43 1.26159e-10
34 44 5.332e-11
34 45 2.23697e-11
34 46 9.31885e-12
34 47 3.85647e-12
34 48 1.58739e-12
34 49 6.54033e-13
34 50 2.79769e-13
34 51 1.48617e-13

35 1 0.173784
35 2 0.169689
35 3 0.161717
35 4 0.150309
35 5 0.136109
35 6 0.119939
35 7 0.102735
35 8 0.0854535
35 9 0.0689713
35 10 0.0539933
35 11 0.0409905
35 12 0.0301833
35 13 0.0215662
35 14 0.0149615
35 15 0.010086
35 16 0.00661306
35 17 0.00422146
35 18 0.00262642
35 19 0.00159435
35 20 0.000945391
35 21 0.000548192
35 22 0.000311187
35 23 0.000173114
35 24 9.44691e-05
35 25 5.0616e-05
35 26 2.66492e-05
35 27 1.37979e-05
35 28 7.03038e-06
35 29 3.52762e-06
35 30 1.74426e-06
35 31 8.50461e-07
35 32 4.09163e-07
35 33 1.94364e-07
35 34 9.12173e-08
35 35 4.23187e-08
35 36 1.94183e-08
35 37 8.81716e-09
35 38 3.96351e-09
35 39 1.7646e-09
35 40 7.78398e-10
35 41 3.40334e-10
35 42 1.47541e-10
35 43 6.34408e-11
35 44 2.70653e-11
35 45 1.146e-11
35 46 4.81744e-12
35 47 2.01145e-12
35 48 8.35264e-13
35 49 3.47214e-13
35 50 1.49934e-13
35 51 8.03709e-14

36 1 0.0666579
36 2 0.0649788
36 3 0.0617297
36 4 0.0571223
36 5 0.0514555
36 6 0.0450899
36 7 0.0384133
36 8 0.0317997
36 9 0.0255719
36 10 0.0199732
36 11 0.0151531
36 12 0.0111694
36 13 0.00800205
36 14 0.00557501
36 15 0.00377958
36 16 0.00249526
36 17 0.00160553
36 18 0.00100772
36 19 0.00061756
36 20 0.000369877
36 21 0.000216718
36 22 0.000124339
36 23 6.99195e-05
36 24 3.85702e-05
36 25 2.08897e-05
36 26 1.11169e-05
36 27 5.81748e-06
36 28 2.99572e-06
36 29 1.51912e-06
36 30 7.5912e-07
36 31 3.74067e-07
36 32 1.81885e-07
36 33 8.73218e-08
36 34 4.14173e-08
36 35 1.94183e-08
36 36 9.00389e-09
36 37 4.13085e-09
36 38 1.87598e-09
36 39 8.43669e-10
36 40 3.75873e-10
36 41 1.65957e-10
36 42 7.26413e-11
36 43 3.15322e-11
36 44 1.35784e-11
36 45 5.80226e-12
36 46 2.46118e-12
36 47 1.03678e-12
36 48 4.34324e-13
36 49 1.82154e-13
36 50 7.94048e-14
36 51 4.29499e-14

37 1 0.0242309
37 2 0.0236128
37 3 0.0224189
37 4 0.0207301
37 5 0.0186599
37 6 0.0163428
37 7 0.0139209
37 8 0.0115294
37 9 0.00928249
37 10 0.00726511
37 11 0.00552835
37 12 0.0040911
37 13 0.00294538
37 14 0.002064
37 15 0.00140864
37 16 0.0009369
37 17 0.000607729
37 18 0.000384762
37 19 0.000237959
37 20 0.000143884
37 21 8.51347e-05
37 22 4.93355e-05
37 23 2.8025e-05
37 24 1.5618e-05
37 25 8.5458e-06
37 26 4.59476e-06
37 27 2.42933e-06
37 28 1.264e-06
37 29 6.47673e-07
37 30 3.27052e-07
37 31 1.62862e-07
37 32 8.00285e-08
37 33 3.88282e-08
37 34 1.86109e-08
37 35 8.81716e-09
37 36 4.13085e-09
37 37 1.91466e-09
37 38 8.78356e-10
37 39 3.98977e-10
37 40 1.7951e-10
37 41 8.00301e-11
37 42 3.53664e-11
37 43 1.5497e-11
37 44 6.73534e-12
37 45 2.90446e-12
37 46 1.2431e-12
37 47 5.28304e-13
37 48 2.23258e-13
37 49 9.44667e-14
37 50 4.15705e-14
37 51 2.26879e-14

38 1 0.00863139
38 2 0.00841261
38 3 0.00799007
38 4 0.00739258
38 5 0.00666027
38 6 0.00584063
38 7 0.00498369
38 8 0.0041368
38 9 0.00334009
38 10 0.00262328
38 11 0.00200446
38 12 0.0014905
38 13 0.00107898
38 14 0.000760753
38 15 0.000522705
38 16 0.000350203
38 17 0.000228943
38 18 0.000146148
38 19 9.11706e-05
38 20 5.56234e-05
38 21 3.32166e-05
38 22 1.94313e-05
38 23 1.11444e-05
38 24 6.27141e-06
38 25 3.46556e-06
38 26 1.88199e-06
38 27 1.00513e-06
38 28 5.28342e-07
38 29 2.73527e-07
38 30 1.39563e-07
38 31 7.02277e-08
38 32 3.48717e-08
38 33 1.70965e-08
38 34 8.28017e-09
38 35 3.96351e-09
38 36 1.87598e-09
38 37 8.78356e-10
38 38 4.06994e-10
38 39 1.86702e-10
38 40 8.4824e-11
38 41 3.81815e-11
38 42 1.70334e-11
38 43 7.5337e-12
38 44 3.30455e-12
38 45 1.43796e-12
38 46 6.20951e-13
38 47 2.66226e-13
38 48 1.13489e-13
38 49 4.84462e-14
38 50 2.15205e-14
38 51 1.18502e-14

39 1 0.00304888
39 2 0.00297258
39 3 0.00282516
39 4 0.00261659
39 5 0.00236073
39 6 0.00207402
39 7 0.00177378
39 8 0.00147645
39 9 0.00119603
39 10 0.000942948
39 11 0.000723662
39 12 0.00054076
39 13 0.000393601
39 14 0.000279179
39 15 0.00019307
39 16 0.000130257
39 17 8.5787e-05
39 18 5.51921e-05
39 19 3.47122e-05
39 20 2.13584e-05
39 21 1.28668e-05
39 22 7.59508e-06
39 23 4.39641e-06
39 24 2.49752e-06
39 25 1.39348e-06
39 26 7.64203e-07
39 27 4.1224e-07
39 28 2.18895e-07
39 29 1.14489e-07
39 30 5.90212e-08
39 31 3.0008e-08
39 32 1.50554e-08
39 33 7.45769e-09
39 34 3.64912e-09
39 35 1.7646e-09
39 36 8.43669e-10
39 37 3.98977e-10
39 38 1.86702e-10
39 39 8.64858e-11
39 40 3.9673e-11
39 41 1.80284e-11
39 42 8.11851e-12
39 43 3.62409e-12
39 44 1.60421e-12
39 45 7.04365e-13
39 46 3.06868e-13
39 47 1.32719e-13
39 48 5.7069e-14
39 49 2.45764e-14
39 50 1.10198e-14
39 51 6.12174e-15

40 1 0.00107172
40 2 0.00104529
40 3 0.000994197
40 4 0.000921849
40 5 0.00083299
40 6 0.000733257
40 7 0.000628612
40 8 0.000524733
40 9 0.00042648
40 10 0.000337514
40 11 0.000260133
40 12 0.000195313
40 13 0.000142909
40 14 0.000101945
40 15 7.09381e-05
40 16 4.81769e-05
40 17 3.19533e-05
40 18 2.07108e-05
40 19 1.31277e-05
40 20 8.14348e-06
40 21 4.94752e-06
40 22 2.94614e-06
40 23 1.72085e-06
40 24 9.86711e-07
40 25 5.55802e-07
40 26 3.07789e-07
40 27 1.67686e-07
40 28 8.99379e-08
40 29 4.75196e-08
40 30 2.47484e-08
40 31 1.27119e-08
40 32 6.44313e-09
40 33 3.22419e-09
40 34 1.59364e-09
40 35 7.78398e-10
40 36 3.75873e-10
40 37 1.7951e-10
40 38 8.4824e-11
40 39 3.9673e-11
40 40 1.83729e-11
40 41 8.42794e-12
40 42 3.83064e-12
40 43 1.72573e-12
40 44 7.70829e-13
40 45 3.41479e-13
40 46 1.50083e-13
40 47 6.54755e-14
40 48 2.83974e-14
40 49 1.23363e-14
40 50 5.58301e-15
40 51 3.12846e-15

41 1 0.000375052
41 2 0.00036594
41 3 0.000348316
41 4 0.000323337
41 5 0.000292617
41 6 0.000258081
41 7 0.000221769
41 8 0.000185635
41 9 0.000151361
41 10 0.000120225
41 11 9.30422e-05
41 12 7.01773e-05
41 13 5.16063e-05
41 14 3.70159e-05
41 15 2.59101e-05
41 16 1.77088e-05
41 17 1.18252e-05
41 18 7.71993e-06
41 19 4.93059e-06
41 20 3.08301e-06
41 21 1.8887e-06
41 22 1.13444e-06
41 23 6.68588e-07
41 24 3.86911e-07
41 25 2.20014e-07
41 26 1.23022e-07
41 27 6.76852e-08
41 28 3.66657e-08
41 29 1.95678e-08
41 30 1.0294e-08
41 31 5.34092e-09
41 32 2.7344e-09
41 33 1.38206e-09
41 34 6.89939e-10
41 35 3.40334e-10
41 36 1.65957e-10
41 37 8.00301e-11
41 38 3.81815e-11
41 39 1.80284e-11
41 40 8.42794e-12
41 41 3.90211e-12
41 42 1.78994e-12
41 43 8.1372e-13
41 44 3.66731e-13
41 45 1.63903e-13
41 46 7.26671e-14
41 47 3.19755e-14
41 48 1.39868e-14
41 49 6.12874e-15
41 50 2.79912e-15
41 51 1.58182e-15

42 1 0.000130591
42 2 0.000127465
42 3 0.000121415
42 4 0.000112833
42 5 0.000102265
42 6 9.03646e-05
42 7 7.7827e-05
42 8 6.53212e-05
42 9 5.34261e-05
42 10 4.2586e-05
42 11 3.30885e-05
42 12 2.50675e-05
42 13 1.85239e-05
42 14 1.33576e-05
42 15 9.40405e-06
42 16 6.46748e-06
42 17 4.34759e-06
42 18 2.85845e-06
42 19 1.83939e-06
42 20 1.15926e-06
42 21 7.16075e-07
42 22 4.33828e-07
42 23 2.57968e-07
42 24 1.50663e-07
42 25 8.64831e-08
42 26 4.88232e-08
42 27 2.71244e-08
42 28 1.48384e-08
42 29 7.99753e-09
42 30 4.24906e-09
42 31 2.22649e-09
42 32 1.15119e-09
42 33 5.87595e-10
42 34 2.96213e-10
42 35 1.47541e-10
42 36 7.26413e-11
42 37 3.53664e-11
42 38 1.70334e-11
42 39 8.11851e-12
42 40 3.83064e-12
42 41 1.78994e-12
42 42 8.28547e-13
42 43 3.80059e-13
42 44 1.72811e-13
42 45 7.79127e-14
42 46 3.4842e-14
42 47 1.54624e-14
42 48 6.82073e-15
42 49 3.01418e-15
42 50 1.38895e-15
42 51 7.91327e-16

43 1 4.52082e-05
43 2 4.41419e-05
43 3 4.20773e-05
43 4 3.91457e-05
43 5 3.55311e-05
43 6 3.14541e-05
43 7 2.71504e-05
43 8 2.28477e-05
43 9 1.87441e-05
43 10 1.49929e-05
43 11 1.16949e-05
43 12 8.89867e-06
43 13 6.60751e-06
43 14 4.7899e-06
43 15 3.39164e-06
43 16 2.34706e-06
43 17 1.58828e-06
43 18 1.0517e-06
43 19 6.81863e-07
43 20 4.3315e-07
43 21 2.69779e-07
43 22 1.64855e-07
43 23 9.89027e-08
43 24 5.82923e-08
43 25 3.37742e-08
43 26 1.92483e-08
43 27 1.07966e-08
43 28 5.96358e-09
43 29 3.24552e-09
43 30 1.74115e-09
43 31 9.21247e-10
43 32 4.80957e-10
43 33 2.4787e-10
43 34 1.26159e-10
43 35 6.34408e-11
43 36 3.15322e-11
43 37 1.5497e-11
43 38 7.5337e-12
43 39 3.62409e-12
43 40 1.72573e-12
43 41 8.1372e-13
43 42 3.80059e-13
43 43 1.75888e-13
43 44 8.06791e-14
43 45 3.66905e-14
43 46 1.65482e-14
43 47 7.40567e-15
43 48 3.29389e-15
43 49 1.46769e-15
43 50 6.82124e-16
43 51 3.91613e-16

44 1 1.55523e-05
44 2 1.51909e-05
44 3 1.44909e-05
44 4 1.3496e-05
44 5 1.22677e-05
44 6 1.088e-05
44 7 9.4124e-06
44 8 7.94169e-06
44 9 6.53528e-06
44 10 5.24569e-06
44 11 4.10795e-06
44 12 3.13954e-06
44 13 2.34257e-06
44 14 1.70726e-06
44 15 1.21591e-06
44 16 8.4672e-07
44 17 5.76848e-07
44 18 3.84708e-07
44 19 2.51316e-07
44 20 1.60919e-07
44 21 1.01058e-07
44 22 6.22851e-08
44 23 3.76983e-08
44 24 2.24205e-08
44 25 1.31103e-08
44 26 7.54163e-09
44 27 4.27015e-09
44 28 2.38108e-09
44 29 1.3082e-09
44 30 7.08529e-10
44 31 3.78466e-10
44 32 1.99471e-10
44 33 1.03778e-10
44 34 5.332e-11
44 35 2.70653e-11
44 36 1.35784e-11
44 37 6.73534e-12
44 38 3.30455e-12
44 39 1.60421e-12
44 40 7.70829e-13
44 41 3.66731e-13
44 42 1.72811e-13
44 43 8.06791e-14
44 44 3.73289e-14
44 45 1.71217e-14
44 46 7.78732e-15
44 47 3.51378e-15
44 48 1.57548e-15
44 49 7.07583e-16
44 50 3.31488e-16
44 51 1.91634e-16

45 1 5.31654e-06
45 2 5.19493e-06
45 3 4.9592e-06
45 4 4.62385e-06
45 5 4.20932e-06
45 6 3.74023e-06
45 7 3.24311e-06
45 8 2.74378e-06
45 9 2.26497e-06
45 10 1.82456e-06
45 11 1.43461e-06
45 12 1.10137e-06
45 13 8.25884e-07
45 14 6.0519e-07
45 15 4.33574e-07
45 16 3.03853e-07
45 17 2.08419e-07
45 18 1.40003e-07
45 19 9.21558e-08
45 20 5.94776e-08
45 21 3.76609e-08
45 22 2.34095e-08
45 23 1.42926e-08
45 24 8.57619e-09
45 25 5.06034e-09
45 26 2.93764e-09
45 27 1.67871e-09
45 28 9.44776e-10
45 29 5.23922e-10
45 30 2.86413e-10
45 31 1.54421e-10
45 32 8.21484e-11
45 33 4.31377e-11
45 34 2.23697e-11
45 35 1.146e-11
45 36 5.80226e-12
45 37 2.90446e-12
45 38 1.43796e-12
45 39 7.04365e-13
45 40 3.41479e-13
45 41 1.63903e-13
45 42 7.79127e-14
45 43 3.66905e-14
45 44 1.71217e-14
45 45 7.91945e-15
45 46 3.6317e-15
45 47 1.65185e-15
45 48 7.46371e-16
45 49 3.37698e-16
45 50 1.59335e-16
45 51 9.26551e-17

46 1 1.80682e-06
46 2 1.76617e-06
46 3 1.68732e-06
46 4 1.57505e-06
46 5 1.43607e-06
46 6 1.27854e-06
46 7 1.11124e-06
46 8 9.42793e-07
46 9 7.80803e-07
46 10 6.31314e-07
46 11 4.98462e-07
46 12 3.84452e-07
46 13 2.89764e-07
46 14 2.13517e-07
46 15 1.53891e-07
46 16 1.08546e-07
46 17 7.49653e-08
46 18 5.07221e-08
46 19 3.36409e-08
46 20 2.18835e-08
46 21 1.39697e-08
46 22 8.75632e-09
46 23 5.39206e-09
46 24 3.26377e-09
46 25 1.94285e-09
46 26 1.13798e-09
46 27 6.5618e-10
46 28 3.72655e-10
46 29 2.08542e-10
46 30 1.15048e-10
46 31 6.25968e-11
46 32 3.3605e-11
46 33 1.7808e-11
46 34 9.31885e-12
46 35 4.81744e-12
46 36 2.46118e-12
46 37 1.2431e-12
46 38 6.20951e-13
46 39 3.06868e-13
46 40 1.50083e-13
46 41 7.26671e-14
46 42 3.4842e-14
46 43 1.65482e-14
46 44 7.78732e-15
46 45 3.6317e-15
46 46 1.67879e-15
46 47 7.69463e-16
46 48 3.50186e-16
46 49 1.59492e-16
46 50 7.56961e-17
46 51 4.42123e-17

47 1 6.10979e-07
47 2 5.97472e-07
47 3 5.71258e-07
47 4 5.3389e-07
47 5 4.87573e-07
47 6 4.34976e-07
47 7 3.78997e-07
47 8 3.22485e-07
47 9 2.67977e-07
47 10 2.17502e-07
47 11 1.72469e-07
47 12 1.33655e-07
47 13 1.01262e-07
47 14 7.50385e-08
47 15 5.44127e-08
47 16 3.86284e-08
47 17 2.68612e-08
47 18 1.83055e-08
47 19 1.22322e-08
47 20 8.01905e-09
47 21 5.1602e-09
47 22 3.26108e-09
47 23 2.02502e-09
47 24 1.2362e-09
47 25 7.4226e-10
47 26 4.38571e-10
47 27 2.55121e-10
47 28 1.46176e-10
47 29 8.25321e-11
47 30 4.59391e-11
47 31 2.52196e-11
47 32 1.36608e-11
47 33 7.30412e-12
47 34 3.85647e-12
47 35 2.01145e-12
47 36 1.03678e-12
47 37 5.28304e-13
47 38 2.66226e-13
47 39 1.32719e-13
47 40 6.54755e-14
47 41 3.19755e-14
47 42 1.54624e-14
47 43 7.40567e-15
47 44 3.51378e-15
47 45 1.65185e-15
47 46 7.69463e-16
47 47 3.55216e-16
47 48 1.62708e-16
47 49 7.45108e-17
47 50 3.55099e-17
47 51 2.07903e-17

48 1 2.0585e-07
48 2 2.01383e-07
48 3 1.92709e-07
48 4 1.8033e-07
48 5 1.64964e-07
48 6 1.47481e-07
48 7 1.28831e-07
48 8 1.09952e-07
48 9 9.16847e-08
48 10 7.47079e-08
48 11 5.95e-08
48 12 4.63323e-08
48 13 3.52882e-08
48 14 2.62986e-08
48 15 1.91861e-08
48 16 1.37086e-08
48 17 9.59749e-09
48 18 6.58713e-09
48 19 4.43427e-09
48 20 2.92922e-09
48 21 1.89977e-09
48 22 1.21027e-09
48 23 7.5772e-10
48 24 4.6643e-10
48 25 2.82436e-10
48 26 1.68312e-10
48 27 9.87561e-11
48 28 5.70775e-11
48 29 3.25092e-11
48 30 1.82547e-11
48 31 1.011e-11
48 32 5.52478e-12
48 33 2.98014e-12
48 34 1.58739e-12
48 35 8.35264e-13
48 36 4.34324e-13
48 37 2.23258e-13
48 38 1.13489e-13
48 39 5.7069e-14
48 40 2.83974e-14
48 41 1.39868e-14
48 42 6.82073e-15
48 43 3.29389e-15
48 44 1.57548e-15
48 45 7.46371e-16
48 46 3.50186e-16
48 47 1.62708e-16
48 48 7.4931e-17
48 49 3.44465e-17
48 50 1.64451e-17
48 51 9.62541e-18

49 1 6.93773e-08
49 2 6.79013e-08
49 3 6.50331e-08
49 4 6.09355e-08
49 5 5.58408e-08
49 6 5.00327e-08
49 7 4.38219e-08
49 8 3.75167e-08
49 9 3.13955e-08
49 10 2.56852e-08
49 11 2.05482e-08
49 12 1.60794e-08
49 13 1.23119e-08
49 14 9.22812e-09
49 15 6.77352e-09
49 16 4.87101e-09
49 17 3.4334e-09
49 18 2.37318e-09
49 19 1.60931e-09
49 20 1.07117e-09
49 21 7.00142e-10
49 22 4.49601e-10
49 23 2.83782e-10
49 24 1.76139e-10
49 25 1.07557e-10
49 26 6.46436e-11
49 27 3.82569e-11
49 28 2.23037e-11
49 29 1.28149e-11
49 30 7.25938e-12
49 31 4.05612e-12
49 32 2.23624e-12
49 33 1.21701e-12
49 34 6.54033e-13
49 35 3.47214e-13
49 36 1.82154e-13
49 37 9.44667e-14
49 38 4.84462e-14
49 39 2.45764e-14
49 40 1.23363e-14
49 41 6.12874e-15
49 42 3.01418e-15
49 43 1.46769e-15
49 44 7.07583e-16
49 45 3.37698e-16
49 46 1.59492e-16
49 47 7.45108e-17
49 48 3.44465e-17
49 49 1.58604e-17
49 50 7.5602e-18
49 51 4.40744e-18

50 1 2.40172e-08
50 2 2.35172e-08
50 3 2.2545e-08
50 4 2.11543e-08
50 5 1.94222e-08
50 6 1.74433e-08
50 7 1.53215e-08
50 8 1.31607e-08
50 9 1.10553e-08
50 10 9.0833e-09
50 11 7.30111e-09
50 12 5.74292e-09
50 13 4.42204e-09
50 14 3.33441e-09
50 15 2.46317e-09
50 16 1.78331e-09
50 17 1.26591e-09
50 18 8.81474e-10
50 19 6.02338e-10
50 20 4.04097e-10
50 21 2.66282e-10
50 22 1.72424e-10
50 23 1.09761e-10
50 24 6.87201e-11
50 25 4.23343e-11
50 26 2.56721e-11
50 27 1.53312e-11
50 28 9.02014e-12
50 29 5.23064e-12
50 30 2.99071e-12
50 31 1.68672e-12
50 32 9.38703e-13
50 33 5.15696e-13
50 34 2.79769e-13
50 35 1.49934e-13
50 36 7.94048e-14
50 37 4.15705e-14
50 38 2.15205e-14
50 39 1.10198e-14
50 40 5.58301e-15
50 41 2.79912e-15
50 42 1.38895e-15
50 43 6.82124e-16
50 44 3.31488e-16
50 45 1.59335e-16
50 46 7.56961e-17
50 47 3.55099e-17
50 48 1.64451e-17
50 49 7.5602e-18
50 50 3.58182e-18
50 51 2.06915e-18

51 1 1.03386e-08
51 2 1.01283e-08
51 3 9.71913e-09
51 4 9.13304e-09
51 5 8.40174e-09
51 6 7.56427e-09
51 7 6.66381e-09
51 8 5.74374e-09
51 9 4.84389e-09
51 10 3.99737e-09
51 11 3.22869e-09
51 12 2.55309e-09
51 13 1.97712e-09
51 14 1.49994e-09
51 15 1.1152e-09
51 16 8.12896e-10
51 17 5.8116e-10
51 18 4.07672e-10
51 19 2.80712e-10
51 20 1.89814e-10
51 21 1.26094e-10
51 22 8.23265e-11
51 23 5.28507e-11
51 24 3.33739e-11
51 25 2.07391e-11
51 26 1.26876e-11
51 27 7.6445e-12
51 28 4.5381e-12
51 29 2.65538e-12
51 30 1.53205e-12
51 31 8.71928e-13
51 32 4.89678e-13
51 33 2.71469e-13
51 34 1.48617e-13
51 35 8.03709e-14
51 36 4.29499e-14
51 37 2.26879e-14
51 38 1.18502e-14
51 39 6.12174e-15
51 40 3.12846e-15
51 41 1.58182e-15
51 42 7.91327e-16
