#x #y #phase
1 1 1
1 2 1
1 3 1
1 4 1
1 5 1
1 6 1
1 7 1
1 8 1
1 9 1
1 10 1
1 11 1
1 12 1
1 13 1
1 14 1
1 15 1
1 16 1
1 17 1
1 18 1
1 19 1
1 20 1
1 21 1
1 22 1
1 23 1
1 24 1
1 25 1
1 26 1
1 27 1
1 28 0.999999
1 29 0.999998
1 30 0.999994
1 31 0.999983
1 32 0.999947
1 33 0.999839
1 34 0.999509
1 35 0.998502
1 36 0.995443
1 37 0.986189
1 38 0.958666
1 39 0.881063
1 40 0.694728
1 41 0.404092
1 42 0.178391
1 43 0.0685741
1 44 0.024954
1 45 0.00890099
1 46 0.00315267
1 47 0.00111396
1 48 0.000393426
1 49 0.000139437
1 50 5.10163e-05
1 51 2.32722e-05

2 1 1
2 2 1
2 3 1
2 4 1
2 5 1
2 6 1
2 7 1
2 8 1
2 9 1
2 10 1
2 11 1
2 12 1
2 13 1
2 14 1
2 15 1
2 16 1
2 17 1
2 18 1
2 19 1
2 20 1
2 21 1
2 22 1
2 23 1
2 24 1
2 25 1
2 26 1
2 27 1
2 28 0.999999
2 29 0.999998
2 30 0.999994
2 31 0.999982
2 32 0.999945
2 33 0.999834
2 34 0.999493
2 35 0.998457
2 36 0.995309
2 37 0.985797
2 38 0.957545
2 39 0.878106
2 40 0.688613
2 41 0.397597
2 42 0.174783
2 43 0.0670823
2 44 0.024402
2 45 0.00870468
2 46 0.00308383
2 47 0.00108994
2 48 0.00038505
2 49 0.000136508
2 50 4.99599e-05
2 51 2.27973e-05

3 1 1
3 2 1
3 3 1
3 4 1
3 5 1
3 6 1
3 7 1
3 8 1
3 9 1
3 10 1
3 11 1
3 12 1
3 13 1
3 14 1
3 15 1
3 16 1
3 17 1
3 18 1
3 19 1
3 20 1
3 21 1
3 22 1
3 23 1
3 24 1
3 25 1
3 26 1
3 27 1
3 28 0.999999
3 29 0.999998
3 30 0.999994
3 31 0.999981
3 32 0.999942
3 33 0.999823
3 34 0.999462
3 35 0.998363
3 36 0.99503
3 37 0.984978
3 38 0.955212
3 39 0.871993
3 40 0.676171
3 41 0.384743
3 42 0.167747
3 43 0.0641886
3 44 0.0233329
3 45 0.00832462
3 46 0.00295052
3 47 0.00104339
3 48 0.00036882
3 49 0.00013083
3 50 4.79111e-05
3 51 2.18758e-05

4 1 1
4 2 1
4 3 1
4 4 1
4 5 1
4 6 1
4 7 1
4 8 1
4 9 1
4 10 1
4 11 1
4 12 1
4 13 1
4 14 1
4 15 0.999999
4 16 1
4 17 0.999999
4 18 1
4 19 1
4 20 1
4 21 1
4 22 1
4 23 1
4 24 1
4 25 1
4 26 1
4 27 1
4 28 0.999999
4 29 0.999998
4 30 0.999993
4 31 0.999979
4 32 0.999936
4 33 0.999806
4 34 0.99941
4 35 0.998211
4 36 0.994579
4 37 0.98366
4 38 0.951475
4 39 0.862314
4 40 0.657006
4 41 0.365835
4 42 0.157636
4 43 0.0600651
4 44 0.0218134
4 45 0.00778466
4 46 0.00276107
4 47 0.000977211
4 48 0.000345725
4 49 0.000122746
4 50 4.49918e-05
4 51 2.05619e-05

5 1 1
5 2 1
5 3 1
5 4 1
5 5 1
5 6 1
5 7 1
5 8 1
5 9 1
5 10 1
5 11 1
5 12 0.999999
5 13 1
5 14 0.999999
5 15 1
5 16 0.999999
5 17 1
5 18 0.999999
5 19 1
5 20 0.999999
5 21 1
5 22 1
5 23 1
5 24 1
5 25 1
5 26 1
5 27 1
5 28 0.999999
5 29 0.999997
5 30 0.999992
5 31 0.999976
5 32 0.999927
5 33 0.99978
5 34 0.999334
5 35 0.997985
5 36 0.993914
5 37 0.981721
5 38 0.946015
5 39 0.848415
5 40 0.630616
5 41 0.341389
5 42 0.144958
5 43 0.0549518
5 44 0.0199354
5 45 0.0071176
5 46 0.00252691
5 47 0.000895344
5 48 0.000317132
5 49 0.000112726
5 50 4.13701e-05
5 51 1.89301e-05

6 1 1
6 2 1
6 3 1
6 4 1
6 5 1
6 6 1
6 7 1
6 8 1
6 9 1
6 10 1
6 11 0.999999
6 12 1
6 13 0.999999
6 14 1
6 15 0.999998
6 16 1
6 17 0.999998
6 18 1
6 19 0.999998
6 20 1
6 21 0.999999
6 22 1
6 23 0.999999
6 24 1
6 25 1
6 26 1
6 27 1
6 28 0.999999
6 29 0.999997
6 30 0.99999
6 31 0.999972
6 32 0.999914
6 33 0.999743
6 34 0.999224
6 35 0.997662
6 36 0.992966
6 37 0.97897
6 38 0.938344
6 39 0.829351
6 40 0.596529
6 41 0.31218
6 42 0.130352
6 43 0.0491358
6 44 0.0178072
6 45 0.00636203
6 46 0.00226149
6 47 0.000802449
6 48 0.000284647
6 49 0.000101329
6 50 3.7245e-05
6 51 1.7069e-05

7 1 1
7 2 1
7 3 1
7 4 1
7 5 1
7 6 1
7 7 1
7 8 1
7 9 1
7 10 0.999999
7 11 1
7 12 0.999998
7 13 1
7 14 0.999997
7 15 1
7 16 0.999997
7 17 1
7 18 0.999996
7 19 1
7 20 0.999997
7 21 1
7 22 0.999998
7 23 1
7 24 0.999999
7 25 1
7 26 0.999999
7 27 1
7 28 0.999999
7 29 0.999996
7 30 0.999988
7 31 0.999965
7 32 0.999896
7 33 0.999689
7 34 0.999068
7 35 0.997206
7 36 0.991632
7 37 0.975125
7 38 0.92775
7 39 0.803848
7 40 0.554517
7 41 0.279272
7 42 0.114541
7 43 0.0429264
7 44 0.0155438
7 45 0.00555869
7 46 0.00197903
7 47 0.000703452
7 48 0.000249977
7 49 8.91469e-05
7 50 3.28284e-05
7 51 1.5073e-05

8 1 1
8 2 1
8 3 1
8 4 1
8 5 1
8 6 1
8 7 1
8 8 1
8 9 0.999999
8 10 1
8 11 0.999998
8 12 1
8 13 0.999996
8 14 1
8 15 0.999995
8 16 1.00001
8 17 0.999994
8 18 1.00001
8 19 0.999994
8 20 1.00001
8 21 0.999996
8 22 1
8 23 0.999997
8 24 1
8 25 0.999999
8 26 1
8 27 0.999999
8 28 0.999999
8 29 0.999995
8 30 0.999985
8 31 0.999956
8 32 0.99987
8 33 0.999613
8 34 0.998846
8 35 0.996559
8 36 0.989755
8 37 0.969763
8 38 0.913215
8 39 0.770287
8 40 0.504864
8 41 0.243996
8 42 0.0982788
8 43 0.036629
8 44 0.0132568
8 45 0.00474699
8 46 0.00169327
8 47 0.000603131
8 48 0.000214779
8 49 7.67562e-05
8 50 2.83276e-05
8 51 1.3035e-05

9 1 1
9 2 1
9 3 1
9 4 1
9 5 1
9 6 1
9 7 1
9 8 0.999999
9 9 1
9 10 0.999998
9 11 1
9 12 0.999996
9 13 1.00001
9 14 0.999993
9 15 1.00001
9 16 0.999992
9 17 1.00001
9 18 0.999991
9 19 1.00001
9 20 0.999992
9 21 1.00001
9 22 0.999994
9 23 1
9 24 0.999997
9 25 1
9 26 0.999998
9 27 1
9 28 0.999997
9 29 0.999994
9 30 0.999981
9 31 0.999943
9 32 0.999832
9 33 0.999503
9 34 0.998527
9 35 0.995634
9 36 0.987095
9 37 0.962253
9 38 0.893323
9 39 0.72683
9 40 0.448634
9 41 0.20787
9 42 0.0822886
9 43 0.0305197
9 44 0.0110454
9 45 0.00396184
9 46 0.00141641
9 47 0.00050574
9 48 0.000180537
9 49 6.46759e-05
9 50 2.39296e-05
9 51 1.1039e-05

10 1 1
10 2 1
10 3 1
10 4 1
10 5 1
10 6 1
10 7 0.999999
10 8 1
10 9 0.999998
10 10 1
10 11 0.999995
10 12 1.00001
10 13 0.999992
10 14 1.00001
10 15 0.999989
10 16 1.00001
10 17 0.999987
10 18 1.00001
10 19 0.999988
10 20 1.00001
10 21 0.99999
10 22 1.00001
10 23 0.999993
10 24 1
10 25 0.999996
10 26 1
10 27 0.999997
10 28 0.999998
10 29 0.99999
10 30 0.999974
10 31 0.999923
10 32 0.999775
10 33 0.99934
10 34 0.998061
10 35 0.994296
10 36 0.983279
10 37 0.951655
10 38 0.866147
10 39 0.671817
10 40 0.387799
10 41 0.172458
10 42 0.0672025
10 43 0.024826
10 44 0.00898966
10 45 0.00323139
10 46 0.00115833
10 47 0.000414739
10 48 0.000148463
10 49 5.33322e-05
10 50 1.9789e-05
10 51 9.15492e-06

11 1 1
11 2 1
11 3 1
11 4 1
11 5 1
11 6 0.999999
11 7 1
11 8 0.999998
11 9 1
11 10 0.999995
11 11 1.00001
11 12 0.999991
11 13 1.00001
11 14 0.999987
11 15 1.00002
11 16 0.999983
11 17 1.00002
11 18 0.999982
11 19 1.00002
11 20 0.999985
11 21 1.00001
11 22 0.999989
11 23 1.00001
11 24 0.999993
11 25 1
11 26 0.999996
11 27 1
11 28 0.999994
11 29 0.999988
11 30 0.999963
11 31 0.999894
11 32 0.99969
11 33 0.999098
11 34 0.99737
11 35 0.992328
11 36 0.977732
11 37 0.936553
11 38 0.829148
11 39 0.604549
11 40 0.325138
11 41 0.139199
11 42 0.0535122
11 43 0.0197129
11 44 0.00714682
11 45 0.00257568
11 46 0.000926095
11 47 0.000332631
11 48 0.000119442
11 49 4.30396e-05
11 50 1.6021e-05
11 51 7.43533e-06

12 1 1
12 2 1
12 3 1
12 4 1
12 5 0.999999
12 6 1
12 7 0.999998
12 8 1
12 9 0.999996
12 10 1.00001
12 11 0.999991
12 12 1.00001
12 13 0.999986
12 14 1.00002
12 15 0.99998
12 16 1.00002
12 17 0.999977
12 18 1.00002
12 19 0.999978
12 20 1.00002
12 21 0.999982
12 22 1.00001
12 23 0.999988
12 24 1.00001
12 25 0.999993
12 26 1
12 27 0.999995
12 28 0.999995
12 29 0.99998
12 30 0.999947
12 31 0.999847
12 32 0.99956
12 33 0.998729
12 34 0.996326
12 35 0.989385
12 36 0.969549
12 37 0.914855
12 38 0.779199
12 39 0.526269
12 40 0.263852
12 41 0.109247
12 42 0.0415407
12 43 0.0152793
12 44 0.00555009
12 45 0.00200643
12 46 0.000723915
12 47 0.000260925
12 48 9.40182e-05
12 49 3.39945e-05
12 50 1.26989e-05
12 51 5.91425e-06

13 1 1
13 2 1
13 3 1
13 4 1
13 5 1
13 6 0.999999
13 7 1
13 8 0.999996
13 9 1.00001
13 10 0.999992
13 11 1.00001
13 12 0.999986
13 13 1.00002
13 14 0.999978
13 15 1.00002
13 16 0.999973
13 17 1.00003
13 18 0.999971
13 19 1.00003
13 20 0.999975
13 21 1.00002
13 22 0.999981
13 23 1.00001
13 24 0.999989
13 25 1.00001
13 26 0.999993
13 27 1
13 28 0.999988
13 29 0.999973
13 30 0.999919
13 31 0.999773
13 32 0.999354
13 33 0.998155
13 34 0.994719
13 35 0.984908
13 36 0.957324
13 37 0.883582
13 38 0.713092
13 39 0.440738
13 40 0.207001
13 41 0.083353
13 42 0.0314384
13 43 0.011561
13 44 0.00421059
13 45 0.00152768
13 46 0.000553315
13 47 0.000200209
13 48 7.24154e-05
13 49 2.6282e-05
13 50 9.85601e-06
13 51 4.60787e-06

14 1 1
14 2 1
14 3 1
14 4 1
14 5 0.999999
14 6 1
14 7 0.999997
14 8 1
14 9 0.999993
14 10 1.00001
14 11 0.999987
14 12 1.00002
14 13 0.999978
14 14 1.00003
14 15 0.99997
14 16 1.00003
14 17 0.999966
14 18 1.00003
14 19 0.999967
14 20 1.00003
14 21 0.999974
14 22 1.00002
14 23 0.999982
14 24 1.00001
14 25 0.999989
14 26 1
14 27 0.99999
14 28 0.999987
14 29 0.999954
14 30 0.999877
14 31 0.999653
14 32 0.999024
14 33 0.997242
14 34 0.992194
14 35 0.977976
14 36 0.938859
14 37 0.838751
14 38 0.629146
14 39 0.353768
14 40 0.156963
14 41 0.0618382
14 42 0.0232
14 43 0.00854079
14 44 0.00312111
14 45 0.00113705
14 46 0.000413595
14 47 0.00015029
14 48 5.4586e-05
14 49 1.98922e-05
14 50 7.49134e-06
14 51 3.51698e-06

15 1 1
15 2 1
15 3 1
15 4 0.999999
15 5 1
15 6 0.999998
15 7 1
15 8 0.999995
15 9 1.00001
15 10 0.999989
15 11 1.00002
15 12 0.99998
15 13 1.00002
15 14 0.99997
15 15 1.00003
15 16 0.999963
15 17 1.00004
15 18 0.999961
15 19 1.00004
15 20 0.999966
15 21 1.00003
15 22 0.999975
15 23 1.00002
15 24 0.999984
15 25 1.00001
15 26 0.999989
15 27 0.999995
15 28 0.999971
15 29 0.99993
15 30 0.999802
15 31 0.999455
15 32 0.998481
15 33 0.99576
15 34 0.988146
15 35 0.967067
15 36 0.910773
15 37 0.775585
15 38 0.529723
15 39 0.271746
15 40 0.115102
15 41 0.0446295
15 42 0.016699
15 43 0.00616188
15 44 0.00226094
15 45 0.000827476
15 46 0.000302402
15 47 0.000110393
15 48 4.02762e-05
15 49 1.47425e-05
15 50 5.57736e-06
15 51 2.63021e-06

16 1 1
16 2 1
16 3 1
16 4 1
16 5 0.999999
16 6 1
16 7 0.999997
16 8 1.00001
16 9 0.999992
16 10 1.00001
16 11 0.999983
16 12 1.00002
16 13 0.999973
16 14 1.00003
16 15 0.999963
16 16 1.00004
16 17 0.999958
16 18 1.00004
16 19 0.99996
16 20 1.00004
16 21 0.999968
16 22 1.00003
16 23 0.999978
16 24 1.00002
16 25 0.999986
16 26 1
16 27 0.999978
16 28 0.999959
16 29 0.999879
16 30 0.999678
16 31 0.999116
16 32 0.997572
16 33 0.993303
16 34 0.981542
16 35 0.949693
16 36 0.868156
16 37 0.689797
16 38 0.422507
16 39 0.199878
16 40 0.0817203
16 41 0.0313554
16 42 0.0117288
16 43 0.00434287
16 44 0.00160105
16 45 0.000588942
16 46 0.000216327
16 47 7.93653e-05
16 48 2.90963e-05
16 49 1.0701e-05
16 50 4.06828e-06
16 51 1.92782e-06

17 1 1
17 2 1
17 3 1
17 4 0.999999
17 5 1
17 6 0.999998
17 7 1
17 8 0.999994
17 9 1.00001
17 10 0.999987
17 11 1.00002
17 12 0.999977
17 13 1.00003
17 14 0.999966
17 15 1.00004
17 16 0.999958
17 17 1.00004
17 18 0.999956
17 19 1.00004
17 20 0.999962
17 21 1.00003
17 22 0.999972
17 23 1.00002
17 24 0.999982
17 25 1.00001
17 26 0.999981
17 27 0.999976
17 28 0.99992
17 29 0.999798
17 30 0.999453
17 31 0.998528
17 32 0.996009
17 33 0.989147
17 34 0.970589
17 35 0.921854
17 36 0.804681
17 37 0.581253
17 38 0.318355
17 39 0.14108
17 40 0.0562604
17 41 0.0214626
17 42 0.00804246
17 43 0.00299124
17 44 0.00110865
17 45 0.000410076
17 46 0.000151454
17 47 5.58624e-05
17 48 2.05862e-05
17 49 7.60969e-06
17 50 2.90821e-06
17 51 1.3852e-06

18 1 1
18 2 1
18 3 1
18 4 1
18 5 0.999999
18 6 1
18 7 0.999996
18 8 1.00001
18 9 0.999991
18 10 1.00001
18 11 0.999982
18 12 1.00002
18 13 0.999971
18 14 1.00003
18 15 0.999961
18 16 1.00004
18 17 0.999956
18 18 1.00004
18 19 0.999959
18 20 1.00004
18 21 0.999967
18 22 1.00003
18 23 0.999977
18 24 1.00001
18 25 0.99998
18 26 0.999987
18 27 0.999942
18 28 0.999866
18 29 0.999639
18 30 0.999054
18 31 0.997482
18 32 0.993271
18 33 0.981991
18 34 0.952216
18 35 0.877441
18 36 0.714077
18 37 0.45834
18 38 0.227001
18 39 0.0958509
18 40 0.0376215
18 41 0.0143256
18 42 0.00538687
18 43 0.00201429
18 44 0.000750978
18 45 0.000279439
18 46 0.000103812
18 47 3.85085e-05
18 48 1.42694e-05
18 49 5.30321e-06
18 50 2.03804e-06
18 51 9.76027e-07

19 1 1
19 2 1
19 3 1
19 4 1
19 5 1
19 6 0.999998
19 7 1
19 8 0.999994
19 9 1.00001
19 10 0.999988
19 11 1.00002
19 12 0.999978
19 13 1.00003
19 14 0.999967
19 15 1.00004
19 16 0.99996
19 17 1.00004
19 18 0.999959
19 19 1.00004
19 20 0.999964
19 21 1.00003
19 22 0.999974
19 23 1.00002
19 24 0.999979
19 25 0.999995
19 26 0.999954
19 27 0.999906
19 28 0.999746
19 29 0.999353
19 30 0.998313
19 31 0.995585
19 32 0.988382
19 33 0.96949
19 34 0.921296
19 35 0.808266
19 36 0.594827
19 37 0.33665
19 38 0.153898
19 39 0.062897
19 40 0.0244775
19 41 0.00933261
19 42 0.0035266
19 43 0.00132677
19 44 0.000497836
19 45 0.00018643
19 46 6.96916e-05
19 47 2.6008e-05
19 48 9.69358e-06
19 49 3.62323e-06
19 50 1.40062e-06
19 51 6.74628e-07

20 1 1
20 2 1
20 3 1
20 4 1
20 5 0.999999
20 6 1
20 7 0.999997
20 8 1.00001
20 9 0.999992
20 10 1.00001
20 11 0.999985
20 12 1.00002
20 13 0.999975
20 14 1.00003
20 15 0.999966
20 16 1.00004
20 17 0.999962
20 18 1.00004
20 19 0.999964
20 20 1.00003
20 21 0.999972
20 22 1.00002
20 23 0.999977
20 24 1
20 25 0.99996
20 26 0.99993
20 27 0.999807
20 28 0.999528
20 29 0.998797
20 30 0.996925
20 31 0.992071
20 32 0.979508
20 33 0.947468
20 34 0.869841
20 35 0.706382
20 36 0.457349
20 37 0.231126
20 38 0.0998008
20 39 0.0399937
20 40 0.01552
20 41 0.00593936
20 42 0.00225799
20 43 0.000855264
20 44 0.000323131
20 45 0.000121828
20 46 4.58424e-05
20 47 1.72167e-05
20 48 6.45642e-06
20 49 2.42778e-06
20 50 9.44317e-07
20 51 4.57592e-07

21 1 1
21 2 1
21 3 1
21 4 1
21 5 1
21 6 0.999999
21 7 1
21 8 0.999996
21 9 1.00001
21 10 0.99999
21 11 1.00001
21 12 0.999982
21 13 1.00002
21 14 0.999974
21 15 1.00003
21 16 0.999968
21 17 1.00003
21 18 0.999967
21 19 1.00003
21 20 0.999972
21 21 1.00002
21 22 0.999976
21 23 1
21 24 0.999963
21 25 0.999944
21 26 0.999843
21 27 0.999633
21 28 0.999084
21 29 0.997721
21 30 0.994258
21 31 0.985456
21 32 0.963225
21 33 0.908814
21 34 0.787351
21 35 0.571283
21 36 0.322936
21 37 0.149569
21 38 0.0622785
21 39 0.024715
21 40 0.00960397
21 41 0.00369579
21 42 0.00141486
21 43 0.000539856
21 44 0.000205461
21 45 7.80181e-05
21 46 2.95606e-05
21 47 1.11761e-05
21 48 4.21812e-06
21 49 1.59612e-06
21 50 6.24861e-07
21 51 3.04704e-07

22 1 1
22 2 1
22 3 1
22 4 1
22 5 1
22 6 1
22 7 0.999998
22 8 1
22 9 0.999994
22 10 1.00001
22 11 0.999989
22 12 1.00001
22 13 0.999981
22 14 1.00002
22 15 0.999975
22 16 1.00003
22 17 0.999972
22 18 1.00003
22 19 0.999974
22 20 1.00002
22 21 0.999976
22 22 1
22 23 0.999964
22 24 0.999952
22 25 0.999863
22 26 0.999694
22 27 0.999255
22 28 0.998199
22 29 0.995577
22 30 0.989056
22 31 0.972845
22 32 0.933304
22 33 0.842622
22 34 0.665422
22 35 0.419555
22 36 0.210924
22 37 0.0921307
22 38 0.0375958
22 39 0.014881
22 40 0.00580796
22 41 0.00225052
22 42 0.000868224
22 43 0.00033388
22 44 0.00012805
22 45 4.89881e-05
22 46 1.86957e-05
22 47 7.11759e-06
22 48 2.7044e-06
22 49 1.03005e-06
22 50 4.05982e-07
22 51 1.99272e-07

23 1 1
23 2 1
23 3 1
23 4 1
23 5 1
23 6 0.999999
23 7 1
23 8 0.999997
23 9 1
23 10 0.999993
23 11 1.00001
23 12 0.999988
23 13 1.00001
23 14 0.999982
23 15 1.00002
23 16 0.999978
23 17 1.00002
23 18 0.999977
23 19 1.00002
23 20 0.999977
23 21 1
23 22 0.999964
23 23 0.999954
23 24 0.999872
23 25 0.999726
23 26 0.999351
23 27 0.99848
23 28 0.996369
23 29 0.991248
23 30 0.978772
23 31 0.948706
23 32 0.879242
23 33 0.736225
23 34 0.509744
23 35 0.279509
23 36 0.129145
23 37 0.054502
23 38 0.0220505
23 39 0.00874823
23 40 0.00343664
23 41 0.00134225
23 42 0.000522129
23 43 0.000202447
23 44 7.8269e-05
23 45 3.01771e-05
23 46 1.16034e-05
23 47 4.44948e-06
23 48 1.70241e-06
23 49 6.5283e-07
23 50 2.59111e-07
23 51 1.28048e-07

24 1 1
24 2 1
24 3 1
24 4 1
24 5 1
24 6 1
24 7 0.999999
24 8 1
24 9 0.999997
24 10 1
24 11 0.999993
24 12 1.00001
24 13 0.999989
24 14 1.00001
24 15 0.999984
24 16 1.00002
24 17 0.999982
24 18 1.00001
24 19 0.999979
24 20 1
24 21 0.999963
24 22 0.999952
24 23 0.999872
24 24 0.999736
24 25 0.999394
24 26 0.998627
24 27 0.996819
24 28 0.992549
24 29 0.982387
24 30 0.958333
24 31 0.903046
24 32 0.78639
24 33 0.585466
24 34 0.348752
24 35 0.171318
24 36 0.0751535
24 37 0.0311888
24 38 0.0126082
24 39 0.00503028
24 40 0.00199186
24 41 0.000784733
24 42 0.00030794
24 43 0.000120429
24 44 4.69494e-05
24 45 1.82481e-05
24 46 7.07119e-06
24 47 2.73183e-06
24 48 1.05274e-06
24 49 4.06541e-07
24 50 1.62529e-07
24 51 8.08827e-08

25 1 1
25 2 1
25 3 1
25 4 1
25 5 1
25 6 1
25 7 1
25 8 0.999999
25 9 1
25 10 0.999996
25 11 1
25 12 0.999993
25 13 1.00001
25 14 0.999989
25 15 1.00001
25 16 0.999986
25 17 1.00001
25 18 0.99998
25 19 0.999995
25 20 0.99996
25 21 0.999944
25 22 0.999863
25 23 0.999726
25 24 0.999394
25 25 0.998674
25 26 0.997023
25 27 0.993238
25 28 0.984462
25 29 0.964146
25 30 0.918086
25 31 0.820315
25 32 0.643653
25 33 0.411884
25 34 0.215173
25 35 0.0984535
25 36 0.0420415
25 37 0.0173589
25 38 0.00704683
25 39 0.00283332
25 40 0.00113201
25 41 0.000450105
25 42 0.000178246
25 43 7.03308e-05
25 44 2.76557e-05
25 45 1.08387e-05
25 46 4.2337e-06
25 47 1.6482e-06
25 48 6.39851e-07
25 49 2.48881e-07
25 50 1.00243e-07
25 51 5.02458e-08

26 1 1
26 2 1
26 3 1
26 4 1
26 5 1
26 6 1
26 7 0.999999
26 8 1
26 9 0.999998
26 10 1
26 11 0.999996
26 12 1
26 13 0.999993
26 14 1
26 15 0.999989
26 16 1
26 17 0.999981
26 18 0.999987
26 19 0.999954
26 20 0.99993
26 21 0.999843
26 22 0.999694
26 23 0.999351
26 24 0.998627
26 25 0.997023
26 26 0.993454
26 27 0.985409
26 28 0.967259
26 29 0.926917
26 30 0.841867
26 31 0.684796
26 32 0.463808
26 33 0.25646
26 34 0.122502
26 35 0.0539442
26 36 0.0227985
26 37 0.00943432
26 38 0.00385777
26 39 0.00156527
26 40 0.000631428
26 41 0.000253495
26 42 0.000101337
26 43 4.03522e-05
26 44 1.60083e-05
26 45 6.32754e-06
26 46 2.49189e-06
26 47 9.77746e-07
26 48 3.82447e-07
26 49 1.49862e-07
26 50 6.08226e-08
26 51 3.07121e-08

27 1 1
27 2 1
27 3 1
27 4 1
27 5 1
27 6 1
27 7 1
27 8 0.999999
27 9 1
27 10 0.999997
27 11 1
27 12 0.999995
27 13 1
27 14 0.99999
27 15 0.999995
27 16 0.999978
27 17 0.999976
27 18 0.999942
27 19 0.999906
27 20 0.999807
27 21 0.999633
27 22 0.999255
27 23 0.99848
27 24 0.996819
27 25 0.993238
27 26 0.985409
27 27 0.968239
27 28 0.931002
27 29 0.853764
27 30 0.710738
27 31 0.501716
27 32 0.291092
27 33 0.144867
27 34 0.0658424
27 35 0.0285299
27 36 0.0120553
27 37 0.0050213
27 38 0.00207206
27 39 0.000849139
27 40 0.000346011
27 41 0.000140297
27 42 5.66298e-05
27 43 2.27619e-05
27 44 9.11187e-06
27 45 3.63304e-06
27 46 1.44273e-06
27 47 5.7063e-07
27 48 2.24925e-07
27 49 8.88024e-08
27 50 3.63234e-08
27 51 1.84796e-08

28 1 0.999999
28 2 0.999999
28 3 0.999999
28 4 0.999999
28 5 0.999999
28 6 0.999999
28 7 0.999999
28 8 0.999999
28 9 0.999997
28 10 0.999998
28 11 0.999994
28 12 0.999995
28 13 0.999988
28 14 0.999987
28 15 0.999971
28 16 0.999959
28 17 0.99992
28 18 0.999866
28 19 0.999746
28 20 0.999528
28 21 0.999084
28 22 0.998199
28 23 0.996369
28 24 0.992549
28 25 0.984462
28 26 0.967259
28 27 0.931002
28 28 0.857562
28 29 0.72322
28 30 0.524563
28 31 0.315871
28 32 0.163036
28 33 0.076433
28 34 0.0339883
28 35 0.0146862
28 36 0.00624058
28 37 0.00262286
28 38 0.00109343
28 39 0.000452814
28 40 0.000186442
28 41 7.63675e-05
28 42 3.11304e-05
28 43 1.26323e-05
28 44 5.10352e-06
28 45 2.05289e-06
28 46 8.22159e-07
28 47 3.27827e-07
28 48 1.30231e-07
28 49 5.1811e-08
28 50 2.13615e-08
28 51 1.09511e-08

29 1 0.999998
29 2 0.999998
29 3 0.999998
29 4 0.999998
29 5 0.999997
29 6 0.999997
29 7 0.999996
29 8 0.999995
29 9 0.999994
29 10 0.99999
29 11 0.999988
29 12 0.99998
29 13 0.999973
29 14 0.999954
29 15 0.99993
29 16 0.999879
29 17 0.999798
29 18 0.999639
29 19 0.999353
29 20 0.998797
29 21 0.997721
29 22 0.995577
29 23 0.991248
29 24 0.982387
29 25 0.964146
29 26 0.926917
29 27 0.853764
29 28 0.72322
29 29 0.532172
29 30 0.328742
29 31 0.174875
29 32 0.0844004
29 33 0.0385262
29 34 0.0170424
29 35 0.00739818
29 36 0.00317147
29 37 0.00134682
29 38 0.000567574
29 39 0.000237597
29 40 9.88703e-05
29 41 4.09173e-05
29 42 1.68469e-05
29 43 6.90252e-06
29 44 2.81467e-06
29 45 1.14234e-06
29 46 4.61422e-07
29 47 1.85499e-07
29 48 7.42732e-08
29 49 2.97786e-08
29 50 1.2377e-08
29 51 6.39451e-09

30 1 0.999994
30 2 0.999994
30 3 0.999994
30 4 0.999993
30 5 0.999992
30 6 0.99999
30 7 0.999988
30 8 0.999985
30 9 0.999981
30 10 0.999974
30 11 0.999963
30 12 0.999947
30 13 0.999919
30 14 0.999877
30 15 0.999802
30 16 0.999678
30 17 0.999453
30 18 0.999054
30 19 0.998313
30 20 0.996925
30 21 0.994258
30 22 0.989056
30 23 0.978772
30 24 0.958333
30 25 0.918086
30 26 0.841867
30 27 0.710738
30 28 0.524563
30 29 0.328742
30 30 0.178984
30 31 0.0886805
30 32 0.0415384
30 33 0.0188259
30 34 0.00835921
30 35 0.00365994
30 36 0.00158544
30 37 0.000680789
30 38 0.000290111
30 39 0.000122787
30 40 5.16452e-05
30 41 2.15969e-05
30 42 8.98212e-06
30 43 3.7161e-06
30 44 1.52956e-06
30 45 6.26372e-07
30 46 2.55192e-07
30 47 1.0344e-07
30 48 4.17467e-08
30 49 1.6869e-08
30 50 7.06879e-09
30 51 3.68082e-09

31 1 0.999983
31 2 0.999982
31 3 0.999981
31 4 0.999979
31 5 0.999976
31 6 0.999972
31 7 0.999965
31 8 0.999956
31 9 0.999943
31 10 0.999923
31 11 0.999894
31 12 0.999847
31 13 0.999773
31 14 0.999653
31 15 0.999455
31 16 0.999116
31 17 0.998528
31 18 0.997482
31 19 0.995585
31 20 0.992071
31 21 0.985456
31 22 0.972845
31 23 0.948706
31 24 0.903046
31 25 0.820315
31 26 0.684796
31 27 0.501716
31 28 0.315871
31 29 0.174875
31 30 0.0886805
31 31 0.0425944
31 32 0.0197885
31 33 0.00899688
31 34 0.00402829
31 35 0.00178234
31 36 0.000780837
31 37 0.000339143
31 38 0.000146165
31 39 6.25516e-05
31 40 2.65948e-05
31 41 1.12382e-05
31 42 4.72146e-06
31 43 1.97251e-06
31 44 8.19536e-07
31 45 3.38637e-07
31 46 1.39158e-07
31 47 5.68734e-08
31 48 2.31367e-08
31 49 9.42294e-09
31 50 3.98132e-09
31 51 2.08963e-09

32 1 0.999947
32 2 0.999945
32 3 0.999942
32 4 0.999936
32 5 0.999927
32 6 0.999914
32 7 0.999896
32 8 0.99987
32 9 0.999832
32 10 0.999775
32 11 0.99969
32 12 0.99956
32 13 0.999354
32 14 0.999024
32 15 0.998481
32 16 0.997572
32 17 0.996009
32 18 0.993271
32 19 0.988382
32 20 0.979508
32 21 0.963225
32 22 0.933304
32 23 0.879242
32 24 0.78639
32 25 0.643653
32 26 0.463808
32 27 0.291092
32 28 0.163036
32 29 0.0844004
32 30 0.0415384
32 31 0.0197885
32 32 0.00922043
32 33 0.00422665
32 34 0.00191245
32 35 0.000855871
32 36 0.000379339
32 37 0.000166674
32 38 7.2654e-05
32 39 3.1439e-05
32 40 1.35117e-05
32 41 5.76966e-06
32 42 2.44859e-06
32 43 1.03296e-06
32 44 4.33202e-07
32 45 1.80613e-07
32 46 7.48597e-08
32 47 3.08481e-08
32 48 1.26498e-08
32 49 5.1928e-09
32 50 2.21237e-09
32 51 1.1705e-09

33 1 0.999839
33 2 0.999834
33 3 0.999823
33 4 0.999806
33 5 0.99978
33 6 0.999743
33 7 0.999689
33 8 0.999613
33 9 0.999503
33 10 0.99934
33 11 0.999098
33 12 0.998729
33 13 0.998155
33 14 0.997242
33 15 0.99576
33 16 0.993303
33 17 0.989147
33 18 0.981991
33 19 0.96949
33 20 0.947468
33 21 0.908814
33 22 0.842622
33 23 0.736225
33 24 0.585466
33 25 0.411884
33 26 0.25646
33 27 0.144867
33 28 0.076433
33 29 0.0385262
33 30 0.0188259
33 31 0.00899688
33 32 0.00422665
33 33 0.00195798
33 34 0.000896143
33 35 0.000405785
33 36 0.000181973
33 37 8.08853e-05
33 38 3.56599e-05
33 39 1.56022e-05
33 40 6.77783e-06
33 41 2.92449e-06
33 42 1.25365e-06
33 43 5.34001e-07
33 44 2.26038e-07
33 45 9.5083e-08
33 46 3.97474e-08
33 47 1.6514e-08
33 48 6.82599e-09
33 49 2.82443e-09
33 50 1.21348e-09
33 51 6.47204e-10

34 1 0.999509
34 2 0.999493
34 3 0.999462
34 4 0.99941
34 5 0.999334
34 6 0.999224
34 7 0.999068
34 8 0.998846
34 9 0.998527
34 10 0.998061
34 11 0.99737
34 12 0.996326
34 13 0.994719
34 14 0.992194
34 15 0.988146
34 16 0.981542
34 17 0.970589
34 18 0.952216
34 19 0.921296
34 20 0.869841
34 21 0.787351
34 22 0.665422
34 23 0.509744
34 24 0.348752
34 25 0.215173
34 26 0.122502
34 27 0.0658424
34 28 0.0339883
34 29 0.0170424
34 30 0.00835921
34 31 0.00402829
34 32 0.00191245
34 33 0.000896143
34 34 0.000415017
34 35 0.000190158
34 36 8.62787e-05
34 37 3.87932e-05
34 38 1.72961e-05
34 39 7.65093e-06
34 40 3.35925e-06
34 41 1.46446e-06
34 42 6.34047e-07
34 43 2.72672e-07
34 44 1.16484e-07
34 45 4.94324e-08
34 46 2.08397e-08
34 47 8.72931e-09
34 48 3.637e-09
34 49 1.51693e-09
34 50 6.57256e-10
34 51 3.53395e-10

35 1 0.998502
35 2 0.998457
35 3 0.998363
35 4 0.998211
35 5 0.997985
35 6 0.997662
35 7 0.997206
35 8 0.996559
35 9 0.995634
35 10 0.994296
35 11 0.992328
35 12 0.989385
35 13 0.984908
35 14 0.977976
35 15 0.967067
35 16 0.949693
35 17 0.921854
35 18 0.877441
35 19 0.808266
35 20 0.706382
35 21 0.571283
35 22 0.419555
35 23 0.279509
35 24 0.171318
35 25 0.0984535
35 26 0.0539442
35 27 0.0285299
35 28 0.0146862
35 29 0.00739818
35 30 0.00365994
35 31 0.00178234
35 32 0.000855871
35 33 0.000405785
35 34 0.000190158
35 35 8.81576e-05
35 36 4.04646e-05
35 37 1.84018e-05
35 38 8.2962e-06
35 39 3.70976e-06
35 40 1.64603e-06
35 41 7.24911e-07
35 42 3.16945e-07
35 43 1.37592e-07
35 44 5.93129e-08
35 45 2.53905e-08
35 46 1.07941e-08
35 47 4.55822e-09
35 48 1.91426e-09
35 49 8.04792e-10
35 50 3.51678e-10
35 51 1.90636e-10

36 1 0.995443
36 2 0.995309
36 3 0.99503
36 4 0.994579
36 5 0.993914
36 6 0.992966
36 7 0.991632
36 8 0.989755
36 9 0.987095
36 10 0.983279
36 11 0.977732
36 12 0.969549
36 13 0.957324
36 14 0.938859
36 15 0.910773
36 16 0.868156
36 17 0.804681
36 18 0.714077
36 19 0.594827
36 20 0.457349
36 21 0.322936
36 22 0.210924
36 23 0.129145
36 24 0.0751535
36 25 0.0420415
36 26 0.0227985
36 27 0.0120553
36 28 0.00624058
36 29 0.00317147
36 30 0.00158544
36 31 0.000780837
36 32 0.000379339
36 33 0.000181973
36 34 8.62787e-05
36 35 4.04646e-05
36 36 1.87863e-05
36 37 8.63945e-06
36 38 3.93779e-06
36 39 1.77968e-06
36 40 7.97841e-07
36 41 3.54893e-07
36 42 1.56665e-07
36 43 6.86436e-08
36 44 2.98552e-08
36 45 1.28903e-08
36 46 5.52554e-09
36 47 2.35221e-09
36 48 9.95663e-10
36 49 4.21953e-10
36 50 1.85968e-10
36 51 1.01636e-10

37 1 0.986189
37 2 0.985797
37 3 0.984978
37 4 0.98366
37 5 0.981721
37 6 0.97897
37 7 0.975125
37 8 0.969763
37 9 0.962253
37 10 0.951655
37 11 0.936553
37 12 0.914855
37 13 0.883582
37 14 0.838751
37 15 0.775585
37 16 0.689797
37 17 0.581253
37 18 0.45834
37 19 0.33665
37 20 0.231126
37 21 0.149569
37 22 0.0921307
37 23 0.054502
37 24 0.0311888
37 25 0.0173589
37 26 0.00943432
37 27 0.0050213
37 28 0.00262286
37 29 0.00134682
37 30 0.000680789
37 31 0.000339143
37 32 0.000166674
37 33 8.08853e-05
37 34 3.87932e-05
37 35 1.84018e-05
37 36 8.63945e-06
37 37 4.01694e-06
37 38 1.85061e-06
37 39 8.45143e-07
37 40 3.82729e-07
37 41 1.71914e-07
37 42 7.66076e-08
37 43 3.38715e-08
37 44 1.4861e-08
37 45 6.47076e-09
37 46 2.79654e-09
37 47 1.20002e-09
37 48 5.11975e-10
37 49 2.18714e-10
37 50 9.72261e-11
37 51 5.35736e-11

38 1 0.958666
38 2 0.957545
38 3 0.955212
38 4 0.951475
38 5 0.946015
38 6 0.938344
38 7 0.92775
38 8 0.913215
38 9 0.893323
38 10 0.866147
38 11 0.829148
38 12 0.779199
38 13 0.713092
38 14 0.629146
38 15 0.529723
38 16 0.422507
38 17 0.318355
38 18 0.227001
38 19 0.153898
38 20 0.0998008
38 21 0.0622785
38 22 0.0375958
38 23 0.0220505
38 24 0.0126082
38 25 0.00704683
38 26 0.00385777
38 27 0.00207206
38 28 0.00109343
38 29 0.000567574
38 30 0.000290111
38 31 0.000146165
38 32 7.2654e-05
38 33 3.56599e-05
38 34 1.72961e-05
38 35 8.2962e-06
38 36 3.93779e-06
38 37 1.85061e-06
38 38 8.61537e-07
38 39 3.9747e-07
38 40 1.81778e-07
38 41 8.24314e-08
38 42 3.70716e-08
38 43 1.65368e-08
38 44 7.31789e-09
38 45 3.21294e-09
38 46 1.39986e-09
38 47 6.05476e-10
38 48 2.60359e-10
38 49 1.1212e-10
38 50 5.02736e-11
38 51 2.79302e-11

39 1 0.881063
39 2 0.878106
39 3 0.871993
39 4 0.862314
39 5 0.848415
39 6 0.829351
39 7 0.803848
39 8 0.770287
39 9 0.72683
39 10 0.671817
39 11 0.604549
39 12 0.526269
39 13 0.440738
39 14 0.353768
39 15 0.271746
39 16 0.199878
39 17 0.14108
39 18 0.0958509
39 19 0.062897
39 20 0.0399937
39 21 0.024715
39 22 0.014881
39 23 0.00874823
39 24 0.00503028
39 25 0.00283332
39 26 0.00156527
39 27 0.000849139
39 28 0.000452814
39 29 0.000237597
39 30 0.000122787
39 31 6.25516e-05
39 32 3.1439e-05
39 33 1.56022e-05
39 34 7.65093e-06
39 35 3.70976e-06
39 36 1.77968e-06
39 37 8.45143e-07
39 38 3.9747e-07
39 39 1.85192e-07
39 40 8.55097e-08
39 41 3.91369e-08
39 42 1.77591e-08
39 43 7.99089e-09
39 44 3.56599e-09
39 45 1.57854e-09
39 46 6.93292e-10
39 47 3.02244e-10
39 48 1.30992e-10
39 49 5.68648e-11
39 50 2.57197e-11
39 51 1.44068e-11

40 1 0.694728
40 2 0.688613
40 3 0.676171
40 4 0.657006
40 5 0.630616
40 6 0.596529
40 7 0.554517
40 8 0.504864
40 9 0.448634
40 10 0.387799
40 11 0.325138
40 12 0.263852
40 13 0.207001
40 14 0.156963
40 15 0.115102
40 16 0.0817203
40 17 0.0562604
40 18 0.0376215
40 19 0.0244775
40 20 0.01552
40 21 0.00960397
40 22 0.00580796
40 23 0.00343664
40 24 0.00199186
40 25 0.00113201
40 26 0.000631428
40 27 0.000346011
40 28 0.000186442
40 29 9.88703e-05
40 30 5.16452e-05
40 31 2.65948e-05
40 32 1.35117e-05
40 33 6.77783e-06
40 34 3.35925e-06
40 35 1.64603e-06
40 36 7.97841e-07
40 37 3.82729e-07
40 38 1.81778e-07
40 39 8.55097e-08
40 40 3.98509e-08
40 41 1.84041e-08
40 42 8.42438e-09
40 43 3.8229e-09
40 44 1.72015e-09
40 45 7.67633e-10
40 46 3.39835e-10
40 47 1.49321e-10
40 48 6.52252e-11
40 49 2.85438e-11
40 50 1.3023e-11
40 51 7.35493e-12

41 1 0.404092
41 2 0.397597
41 3 0.384743
41 4 0.365835
41 5 0.341389
41 6 0.31218
41 7 0.279272
41 8 0.243996
41 9 0.20787
41 10 0.172458
41 11 0.139199
41 12 0.109247
41 13 0.083353
41 14 0.0618382
41 15 0.0446295
41 16 0.0313554
41 17 0.0214626
41 18 0.0143256
41 19 0.00933261
41 20 0.00593936
41 21 0.00369579
41 22 0.00225052
41 23 0.00134225
41 24 0.000784733
41 25 0.000450105
41 26 0.000253495
41 27 0.000140297
41 28 7.63675e-05
41 29 4.09173e-05
41 30 2.15969e-05
41 31 1.12382e-05
41 32 5.76966e-06
41 33 2.92449e-06
41 34 1.46446e-06
41 35 7.24911e-07
41 36 3.54893e-07
41 37 1.71914e-07
41 38 8.24314e-08
41 39 3.91369e-08
41 40 1.84041e-08
41 41 8.5741e-09
41 42 3.95829e-09
41 43 1.81122e-09
41 44 8.21637e-10
41 45 3.69608e-10
41 46 1.64924e-10
41 47 7.30364e-11
41 48 3.21542e-11
41 49 1.41852e-11
41 50 6.52861e-12
41 51 3.71745e-12

42 1 0.178391
42 2 0.174783
42 3 0.167747
42 4 0.157636
42 5 0.144958
42 6 0.130352
42 7 0.114541
42 8 0.0982788
42 9 0.0822886
42 10 0.0672025
42 11 0.0535122
42 12 0.0415407
42 13 0.0314384
42 14 0.0232
42 15 0.016699
42 16 0.0117288
42 17 0.00804246
42 18 0.00538687
42 19 0.0035266
42 20 0.00225799
42 21 0.00141486
42 22 0.000868224
42 23 0.000522129
42 24 0.00030794
42 25 0.000178246
42 26 0.000101337
42 27 5.66298e-05
42 28 3.11304e-05
42 29 1.68469e-05
42 30 8.98212e-06
42 31 4.72146e-06
42 32 2.44859e-06
42 33 1.25365e-06
42 34 6.34047e-07
42 35 3.16945e-07
42 36 1.56665e-07
42 37 7.66076e-08
42 38 3.70716e-08
42 39 1.77591e-08
42 40 8.42438e-09
42 41 3.95829e-09
42 42 1.84265e-09
42 43 8.50063e-10
42 44 3.8873e-10
42 45 1.7626e-10
42 46 7.927e-11
42 47 3.53797e-11
42 48 1.56983e-11
42 49 6.98163e-12
42 50 3.24139e-12
42 51 1.8608e-12

43 1 0.0685741
43 2 0.0670823
43 3 0.0641886
43 4 0.0600651
43 5 0.0549518
43 6 0.0491358
43 7 0.0429264
43 8 0.036629
43 9 0.0305197
43 10 0.024826
43 11 0.0197129
43 12 0.0152793
43 13 0.011561
43 14 0.00854079
43 15 0.00616188
43 16 0.00434287
43 17 0.00299124
43 18 0.00201429
43 19 0.00132677
43 20 0.000855264
43 21 0.000539856
43 22 0.00033388
43 23 0.000202447
43 24 0.000120429
43 25 7.03308e-05
43 26 4.03522e-05
43 27 2.27619e-05
43 28 1.26323e-05
43 29 6.90252e-06
43 30 3.7161e-06
43 31 1.97251e-06
43 32 1.03296e-06
43 33 5.34001e-07
43 34 2.72672e-07
43 35 1.37592e-07
43 36 6.86436e-08
43 37 3.38715e-08
43 38 1.65368e-08
43 39 7.99089e-09
43 40 3.8229e-09
43 41 1.81122e-09
43 42 8.50063e-10
43 43 3.95325e-10
43 44 1.82223e-10
43 45 8.32778e-11
43 46 3.77468e-11
43 47 1.69788e-11
43 48 7.59285e-12
43 49 3.40417e-12
43 50 1.59431e-12
43 51 9.2272e-13

44 1 0.024954
44 2 0.024402
44 3 0.0233329
44 4 0.0218134
44 5 0.0199354
44 6 0.0178072
44 7 0.0155438
44 8 0.0132568
44 9 0.0110454
44 10 0.00898966
44 11 0.00714682
44 12 0.00555009
44 13 0.00421059
44 14 0.00312111
44 15 0.00226094
44 16 0.00160105
44 17 0.00110865
44 18 0.000750978
44 19 0.000497836
44 20 0.000323131
44 21 0.000205461
44 22 0.00012805
44 23 7.8269e-05
44 24 4.69494e-05
44 25 2.76557e-05
44 26 1.60083e-05
44 27 9.11187e-06
44 28 5.10352e-06
44 29 2.81467e-06
44 30 1.52956e-06
44 31 8.19536e-07
44 32 4.33202e-07
44 33 2.26038e-07
44 34 1.16484e-07
44 35 5.93129e-08
44 36 2.98552e-08
44 37 1.4861e-08
44 38 7.31789e-09
44 39 3.56599e-09
44 40 1.72015e-09
44 41 8.21637e-10
44 42 3.8873e-10
44 43 1.82223e-10
44 44 8.46597e-11
44 45 3.89944e-11
44 46 1.7813e-11
44 47 8.07489e-12
44 48 3.63936e-12
44 49 1.64487e-12
44 50 7.77098e-13
44 51 4.53395e-13

45 1 0.00890099
45 2 0.00870468
45 3 0.00832462
45 4 0.00778466
45 5 0.0071176
45 6 0.00636203
45 7 0.00555869
45 8 0.00474699
45 9 0.00396184
45 10 0.00323139
45 11 0.00257568
45 12 0.00200643
45 13 0.00152768
45 14 0.00113705
45 15 0.000827476
45 16 0.000588942
45 17 0.000410076
45 18 0.000279439
45 19 0.00018643
45 20 0.000121828
45 21 7.80181e-05
45 22 4.89881e-05
45 23 3.01771e-05
45 24 1.82481e-05
45 25 1.08387e-05
45 26 6.32754e-06
45 27 3.63304e-06
45 28 2.05289e-06
45 29 1.14234e-06
45 30 6.26372e-07
45 31 3.38637e-07
45 32 1.80613e-07
45 33 9.5083e-08
45 34 4.94324e-08
45 35 2.53905e-08
45 36 1.28903e-08
45 37 6.47076e-09
45 38 3.21294e-09
45 39 1.57854e-09
45 40 7.67633e-10
45 41 3.69608e-10
45 42 1.7626e-10
45 43 8.32778e-11
45 44 3.89944e-11
45 45 1.81014e-11
45 46 8.33328e-12
45 47 3.80696e-12
45 48 1.72921e-12
45 49 7.87856e-13
45 50 3.75461e-13
45 51 2.20824e-13

46 1 0.00315267
46 2 0.00308383
46 3 0.00295052
46 4 0.00276107
46 5 0.00252691
46 6 0.00226149
46 7 0.00197903
46 8 0.00169327
46 9 0.00141641
46 10 0.00115833
46 11 0.000926095
46 12 0.000723915
46 13 0.000553315
46 14 0.000413595
46 15 0.000302402
46 16 0.000216327
46 17 0.000151454
46 18 0.000103812
46 19 6.96916e-05
46 20 4.58424e-05
46 21 2.95606e-05
46 22 1.86957e-05
46 23 1.16034e-05
46 24 7.07119e-06
46 25 4.2337e-06
46 26 2.49189e-06
46 27 1.44273e-06
46 28 8.22159e-07
46 29 4.61422e-07
46 30 2.55192e-07
46 31 1.39158e-07
46 32 7.48597e-08
46 33 3.97474e-08
46 34 2.08397e-08
46 35 1.07941e-08
46 36 5.52554e-09
46 37 2.79654e-09
46 38 1.39986e-09
46 39 6.93292e-10
46 40 3.39835e-10
46 41 1.64924e-10
46 42 7.927e-11
46 43 3.77468e-11
46 44 1.7813e-11
46 45 8.33328e-12
46 46 3.86613e-12
46 47 1.77988e-12
46 48 8.14761e-13
46 49 3.74207e-13
46 50 1.79884e-13
46 51 1.06641e-13

47 1 0.00111396
47 2 0.00108994
47 3 0.00104339
47 4 0.000977211
47 5 0.000895344
47 6 0.000802449
47 7 0.000703452
47 8 0.000603131
47 9 0.00050574
47 10 0.000414739
47 11 0.000332631
47 12 0.000260925
47 13 0.000200209
47 14 0.00015029
47 15 0.000110393
47 16 7.93653e-05
47 17 5.58624e-05
47 18 3.85085e-05
47 19 2.6008e-05
47 20 1.72167e-05
47 21 1.11761e-05
47 22 7.11759e-06
47 23 4.44948e-06
47 24 2.73183e-06
47 25 1.6482e-06
47 26 9.77746e-07
47 27 5.7063e-07
47 28 3.27827e-07
47 29 1.85499e-07
47 30 1.0344e-07
47 31 5.68734e-08
47 32 3.08481e-08
47 33 1.6514e-08
47 34 8.72931e-09
47 35 4.55822e-09
47 36 2.35221e-09
47 37 1.20002e-09
47 38 6.05476e-10
47 39 3.02244e-10
47 40 1.49321e-10
47 41 7.30364e-11
47 42 3.53797e-11
47 43 1.69788e-11
47 44 8.07489e-12
47 45 3.80696e-12
47 46 1.77988e-12
47 47 8.25749e-13
47 48 3.80938e-13
47 49 1.76367e-13
47 50 8.55175e-14
47 51 5.11002e-14

48 1 0.000393426
48 2 0.00038505
48 3 0.00036882
48 4 0.000345725
48 5 0.000317132
48 6 0.000284647
48 7 0.000249977
48 8 0.000214779
48 9 0.000180537
48 10 0.000148463
48 11 0.000119442
48 12 9.40182e-05
48 13 7.24154e-05
48 14 5.4586e-05
48 15 4.02762e-05
48 16 2.90963e-05
48 17 2.05862e-05
48 18 1.42694e-05
48 19 9.69358e-06
48 20 6.45642e-06
48 21 4.21812e-06
48 22 2.7044e-06
48 23 1.70241e-06
48 24 1.05274e-06
48 25 6.39851e-07
48 26 3.82447e-07
48 27 2.24925e-07
48 28 1.30231e-07
48 29 7.42732e-08
48 30 4.17467e-08
48 31 2.31367e-08
48 32 1.26498e-08
48 33 6.82599e-09
48 34 3.637e-09
48 35 1.91426e-09
48 36 9.95663e-10
48 37 5.11975e-10
48 38 2.60359e-10
48 39 1.30992e-10
48 40 6.52252e-11
48 41 3.21542e-11
48 42 1.56983e-11
48 43 7.59285e-12
48 44 3.63936e-12
48 45 1.72921e-12
48 46 8.14761e-13
48 47 3.80938e-13
48 48 1.77113e-13
48 49 8.26651e-14
48 50 4.04344e-14
48 51 2.43538e-14

49 1 0.000139437
49 2 0.000136508
49 3 0.00013083
49 4 0.000122746
49 5 0.000112726
49 6 0.000101329
49 7 8.91469e-05
49 8 7.67562e-05
49 9 6.46759e-05
49 10 5.33322e-05
49 11 4.30396e-05
49 12 3.39945e-05
49 13 2.6282e-05
49 14 1.98922e-05
49 15 1.47425e-05
49 16 1.0701e-05
49 17 7.60969e-06
49 18 5.30321e-06
49 19 3.62323e-06
49 20 2.42778e-06
49 21 1.59612e-06
49 22 1.03005e-06
49 23 6.5283e-07
49 24 4.06541e-07
49 25 2.48881e-07
49 26 1.49862e-07
49 27 8.88024e-08
49 28 5.1811e-08
49 29 2.97786e-08
49 30 1.6869e-08
49 31 9.42294e-09
49 32 5.1928e-09
49 33 2.82443e-09
49 34 1.51693e-09
49 35 8.04792e-10
49 36 4.21953e-10
49 37 2.18714e-10
49 38 1.1212e-10
49 39 5.68648e-11
49 40 2.85438e-11
49 41 1.41852e-11
49 42 6.98163e-12
49 43 3.40417e-12
49 44 1.64487e-12
49 45 7.87856e-13
49 46 3.74207e-13
49 47 1.76367e-13
49 48 8.26651e-14
49 49 3.89077e-14
49 50 1.92043e-14
49 51 1.1662e-14

50 1 5.10163e-05
50 2 4.99599e-05
50 3 4.79111e-05
50 4 4.49918e-05
50 5 4.13701e-05
50 6 3.7245e-05
50 7 3.28284e-05
50 8 2.83276e-05
50 9 2.39296e-05
50 10 1.9789e-05
50 11 1.6021e-05
50 12 1.26989e-05
50 13 9.85601e-06
50 14 7.49134e-06
50 15 5.57736e-06
50 16 4.06828e-06
50 17 2.90821e-06
50 18 2.03804e-06
50 19 1.40062e-06
50 20 9.44317e-07
50 21 6.24861e-07
50 22 4.05982e-07
50 23 2.59111e-07
50 24 1.62529e-07
50 25 1.00243e-07
50 26 6.08226e-08
50 27 3.63234e-08
50 28 2.13615e-08
50 29 1.2377e-08
50 30 7.06879e-09
50 31 3.98132e-09
50 32 2.21237e-09
50 33 1.21348e-09
50 34 6.57256e-10
50 35 3.51678e-10
50 36 1.85968e-10
50 37 9.72261e-11
50 38 5.02736e-11
50 39 2.57197e-11
50 40 1.3023e-11
50 41 6.52861e-12
50 42 3.24139e-12
50 43 1.59431e-12
50 44 7.77098e-13
50 45 3.75461e-13
50 46 1.79884e-13
50 47 8.55175e-14
50 48 4.04344e-14
50 49 1.92043e-14
50 50 9.57207e-15
50 51 5.86417e-15

51 1 2.32722e-05
51 2 2.27973e-05
51 3 2.18758e-05
51 4 2.05619e-05
51 5 1.89301e-05
51 6 1.7069e-05
51 7 1.5073e-05
51 8 1.3035e-05
51 9 1.1039e-05
51 10 9.15492e-06
51 11 7.43533e-06
51 12 5.91425e-06
51 13 4.60787e-06
51 14 3.51698e-06
51 15 2.63021e-06
51 16 1.92782e-06
51 17 1.3852e-06
51 18 9.76027e-07
51 19 6.74628e-07
51 20 4.57592e-07
51 21 3.04704e-07
51 22 1.99272e-07
51 23 1.28048e-07
51 24 8.08827e-08
51 25 5.02458e-08
51 26 3.07121e-08
51 27 1.84796e-08
51 28 1.09511e-08
51 29 6.39451e-09
51 30 3.68082e-09
51 31 2.08963e-09
51 32 1.1705e-09
51 33 6.47204e-10
51 34 3.53395e-10
51 35 1.90636e-10
51 36 1.01636e-10
51 37 5.35736e-11
51 38 2.79302e-11
51 39 1.44068e-11
51 40 7.35493e-12
51 41 3.71745e-12
51 42 1.8608e-12
51 43 9.2272e-13
51 44 4.53395e-13
51 45 2.20824e-13
51 46 1.06641e-13
51 47 5.11002e-14
51 48 2.43538e-14
51 49 1.1662e-14
51 50 5.86417e-15
51 51 3.62091e-15

#x #y #phase
1 1 1
1 2 1
1 3 1
1 4 1
1 5 1
1 6 1
1 7 1
1 8 1
1 9 1
1 10 1
1 11 1
1 12 1
1 13 1
1 14 1
1 15 1
1 16 1
1 17 1
1 18 1
1 19 1
1 20 1
1 21 1
1 22 1
1 23 1
1 24 1
1 25 1
1 26 1
1 27 1
1 28 0.999999
1 29 0.999998
1 30 0.999994
1 31 0.999983
1 32 0.999947
1 33 0.999839
1 34 0.999509
1 35 0.998502
1 36 0.995443
1 37 0.986189
1 38 0.958666
1 39 0.881063
1 40 0.694728
1 41 0.404092
1 42 0.178391
1 43 0.0685741
1 44 0.024954
1 45 0.00890099
1 46 0.00315267
1 47 0.00111396
1 48 0.000393426
1 49 0.000139437
1 50 5.10163e-05
1 51 2.32722e-05

2 1 1
2 2 1
2 3 1
2 4 1
2 5 1
2 6 1
2 7 1
2 8 1
2 9 1
2 10 1
2 11 1
2 12 1
2 13 1
2 14 1
2 15 1
2 16 1
2 17 1
2 18 1
2 19 1
2 20 1
2 21 1
2 22 1
2 23 1
2 24 1
2 25 1
2 26 1
2 27 1
2 28 0.999999
2 29 0.999998
2 30 0.999994
2 31 0.999982
2 32 0.999945
2 33 0.999834
2 34 0.999493
2 35 0.998457
2 36 0.995309
2 37 0.985797
2 38 0.957545
2 39 0.878106
2 40 0.688613
2 41 0.397597
2 42 0.174783
2 43 0.0670823
2 44 0.024402
2 45 0.00870468
2 46 0.00308383
2 47 0.00108994
2 48 0.00038505
2 49 0.000136508
2 50 4.99599e-05
2 51 2.27973e-05

3 1 1
3 2 1
3 3 1
3 4 1
3 5 1
3 6 1
3 7 1
3 8 1
3 9 1
3 10 1
3 11 1
3 12 1
3 13 1
3 14 1
3 15 1
3 16 1
3 17 1
3 18 1
3 19 1
3 20 1
3 21 1
3 22 1
3 23 1
3 24 1
3 25 1
3 26 1
3 27 1
3 28 0.999999
3 29 0.999998
3 30 0.999994
