#x #y #phase
1 1 1
1 2 1
1 3 1
1 4 1
1 5 1
1 6 1
1 7 1
1 8 1
1 9 1
1 10 1
1 11 1
1 12 1
1 13 1
1 14 1
1 15 1
1 16 1
1 17 1
1 18 1
1 19 1
1 20 1
1 21 1
1 22 1
1 23 1
1 24 1
1 25 1
1 26 0.999999
1 27 0.999997
1 28 0.999991
1 29 0.999972
1 30 0.999916
1 31 0.999744
1 32 0.99922
1 33 0.997625
1 34 0.992779
1 35 0.978205
1 36 0.935597
1 37 0.820994
1 38 0.578848
1 39 0.295686
1 40 0.121531
1 41 0.0453787
1 42 0.016338
1 43 0.00580542
1 44 0.00205302
1 45 0.000724588
1 46 0.00025541
1 47 8.99107e-05
1 48 3.1608e-05
1 49 1.11278e-05
1 50 4.03032e-06
1 51 1.81406e-06

2 1 1
2 2 1
2 3 1
2 4 1
2 5 1
2 6 1
2 7 1
2 8 1
2 9 1
2 10 1
2 11 1
2 12 1
2 13 1
2 14 1
2 15 1
2 16 1
2 17 1
2 18 1
2 19 1
2 20 1
2 21 1
2 22 1
2 23 1
2 24 1
2 25 1
2 26 0.999999
2 27 0.999997
2 28 0.999991
2 29 0.999971
2 30 0.999913
2 31 0.999736
2 32 0.999195
2 33 0.99755
2 34 0.992557
2 35 0.977557
2 36 0.933789
2 37 0.816589
2 38 0.571523
2 39 0.290011
2 40 0.118835
2 41 0.0443295
2 42 0.0159583
2 43 0.00567152
2 44 0.00200624
2 45 0.000708296
2 46 0.000249746
2 47 8.79441e-05
2 48 3.0926e-05
2 49 1.08909e-05
2 50 3.94572e-06
2 51 1.77653e-06

3 1 1
3 2 1
3 3 1
3 4 1
3 5 1
3 6 1
3 7 1
3 8 1
3 9 1
3 10 1
3 11 1
3 12 1
3 13 1
3 14 1
3 15 1
3 16 1
3 17 1
3 18 1
3 19 1
3 20 1
3 21 1
3 22 1
3 23 1
3 24 1
3 25 1
3 26 0.999999
3 27 0.999997
3 28 0.99999
3 29 0.999969
3 30 0.999907
3 31 0.999718
3 32 0.999142
3 33 0.997392
3 34 0.992092
3 35 0.976202
3 36 0.930024
3 37 0.8075
3 38 0.556793
3 39 0.278873
3 40 0.1136
3 41 0.0422987
3 42 0.015224
3 43 0.00541259
3 44 0.00191574
3 45 0.000676771
3 46 0.000238781
3 47 8.41354e-05
3 48 2.96045e-05
3 49 1.04317e-05
3 50 3.78167e-06
3 51 1.70372e-06

4 1 1
4 2 1
4 3 1
4 4 1
4 5 1
4 6 1
4 7 1
4 8 1
4 9 1
4 10 1
4 11 1
4 12 1
4 13 1
4 14 1
4 15 1
4 16 1
4 17 1
4 18 1
4 19 1
4 20 1
4 21 1
4 22 1
4 23 1
4 24 1
4 25 1
4 26 0.999999
4 27 0.999996
4 28 0.999989
4 29 0.999966
4 30 0.999897
4 31 0.999688
4 32 0.999055
4 33 0.997136
4 34 0.991338
4 35 0.974014
4 36 0.923983
4 37 0.793159
4 38 0.534555
4 39 0.262709
4 40 0.106126
4 41 0.0394155
4 42 0.0141831
4 43 0.00504552
4 44 0.00178738
4 45 0.000632024
4 46 0.000223207
4 47 7.87213e-05
4 48 2.77246e-05
4 49 9.77797e-06
4 50 3.54794e-06
4 51 1.59991e-06

5 1 1
5 2 1
5 3 1
5 4 1
5 5 1
5 6 1
5 7 1
5 8 1
5 9 1
5 10 1
5 11 1
5 12 1
5 13 1
5 14 1
5 15 1
5 16 1
5 17 1
5 18 1
5 19 1
5 20 1
5 21 1
5 22 1
5 23 1
5 24 1
5 25 0.999999
5 26 0.999999
5 27 0.999996
5 28 0.999987
5 29 0.999961
5 30 0.999882
5 31 0.999644
5 32 0.998925
5 33 0.996754
5 34 0.990218
5 35 0.970785
5 36 0.915151
5 37 0.772693
5 38 0.504803
5 39 0.242191
5 40 0.0968397
5 41 0.0358588
5 42 0.0129012
5 43 0.00459345
5 44 0.00162917
5 45 0.00057682
5 46 0.000203973
5 47 7.2028e-05
5 48 2.53982e-05
5 49 8.96815e-06
5 50 3.25811e-06
5 51 1.47103e-06

6 1 1
6 2 1
6 3 1
6 4 1
6 5 1
6 6 1
6 7 1
6 8 1
6 9 1
6 10 1
6 11 1
6 12 1
6 13 1
6 14 1
6 15 1
6 16 1
6 17 1
6 18 1
6 19 1
6 20 1
6 21 1
6 22 1
6 23 1
6 24 1
6 25 0.999999
6 26 0.999998
6 27 0.999995
6 28 0.999984
6 29 0.999953
6 30 0.99986
6 31 0.99958
6 32 0.998736
6 33 0.996202
6 34 0.988611
6 35 0.966187
6 36 0.902755
6 37 0.744933
6 38 0.467788
6 39 0.218226
6 40 0.0862621
6 41 0.0318403
6 42 0.0114558
6 43 0.00408353
6 44 0.00145053
6 45 0.000514407
6 46 0.000182197
6 47 6.444e-05
6 48 2.27573e-05
6 49 8.04767e-06
6 50 2.92821e-06
6 51 1.32414e-06

7 1 1
7 2 1
7 3 1
7 4 1
7 5 1
7 6 1
7 7 1
7 8 1
7 9 1
7 10 1
7 11 1
7 12 1
7 13 1
7 14 0.999999
7 15 1
7 16 0.999999
7 17 1
7 18 0.999999
7 19 1
7 20 0.999999
7 21 1
7 22 1
7 23 1
7 24 1
7 25 0.999999
7 26 0.999998
7 27 0.999993
7 28 0.999981
7 29 0.999942
7 30 0.999828
7 31 0.999487
7 32 0.998465
7 33 0.995413
7 34 0.986329
7 35 0.959727
7 36 0.885696
7 37 0.708503
7 38 0.424209
7 39 0.191924
7 40 0.0749642
7 41 0.0275853
7 42 0.00992801
7 43 0.00354429
7 44 0.00126137
7 45 0.000448208
7 46 0.000159062
7 47 5.63649e-05
7 48 1.99423e-05
7 49 7.06491e-06
7 50 2.57541e-06
7 51 1.16679e-06

8 1 1
8 2 1
8 3 1
8 4 1
8 5 1
8 6 1
8 7 1
8 8 1
8 9 1
8 10 1
8 11 1
8 12 1
8 13 0.999999
8 14 1
8 15 0.999999
8 16 1
8 17 0.999998
8 18 1
8 19 0.999998
8 20 1
8 21 0.999999
8 22 1
8 23 0.999999
8 24 1
8 25 0.999999
8 26 0.999997
8 27 0.999992
8 28 0.999975
8 29 0.999926
8 30 0.999782
8 31 0.999352
8 32 0.998075
8 33 0.994282
8 34 0.983084
8 35 0.950667
8 36 0.862451
8 37 0.662073
8 38 0.375359
8 39 0.164534
8 40 0.0635192
8 41 0.0233115
8 42 0.00839596
8 43 0.00300306
8 44 0.00107118
8 45 0.00038152
8 46 0.000135708
8 47 4.81974e-05
8 48 1.70895e-05
8 49 6.06707e-06
8 50 2.2165e-06
8 51 1.00639e-06

9 1 1
9 2 1
9 3 1
9 4 1
9 5 1
9 6 1
9 7 1
9 8 1
9 9 1
9 10 0.999999
9 11 1
9 12 0.999999
9 13 1
9 14 0.999998
9 15 1
9 16 0.999997
9 17 1
9 18 0.999997
9 19 1
9 20 0.999998
9 21 1
9 22 0.999998
9 23 1
9 24 0.999999
9 25 0.999999
9 26 0.999996
9 27 0.999989
9 28 0.999967
9 29 0.999902
9 30 0.999713
9 31 0.999154
9 32 0.997505
9 33 0.992645
9 34 0.978431
9 35 0.937902
9 36 0.830977
9 37 0.604844
9 38 0.323167
9 39 0.137335
9 40 0.0524524
9 41 0.0192113
9 42 0.00692774
9 43 0.0024837
9 44 0.00088829
9 45 0.000317243
9 46 0.000113146
9 47 4.02883e-05
9 48 1.43207e-05
9 49 5.09647e-06
9 50 1.86658e-06
9 51 8.49653e-07

10 1 1
10 2 1
10 3 1
10 4 1
10 5 1
10 6 1
10 7 1
10 8 1
10 9 0.999999
10 10 1
10 11 0.999999
10 12 1
10 13 0.999998
10 14 1
10 15 0.999996
10 16 1
10 17 0.999996
10 18 1
10 19 0.999996
10 20 1
10 21 0.999997
10 22 1
10 23 0.999998
10 24 1
10 25 0.999997
10 26 0.999995
10 27 0.999984
10 28 0.999954
10 29 0.999866
10 30 0.999609
10 31 0.998858
10 32 0.996662
10 33 0.990244
10 34 0.971685
10 35 0.919802
10 36 0.788665
10 37 0.537234
10 38 0.270056
10 39 0.111509
10 40 0.0421971
10 41 0.0154375
10 42 0.00557695
10 43 0.00200503
10 44 0.000719307
10 45 0.000257691
10 46 9.21858e-05
10 47 3.29209e-05
10 48 1.1735e-05
10 49 4.18774e-06
10 50 1.53811e-06
10 51 7.02138e-07

11 1 1
11 2 1
11 3 1
11 4 1
11 5 1
11 6 1
11 7 1
11 8 1
11 9 1
11 10 0.999999
11 11 1
11 12 0.999997
11 13 1
11 14 0.999995
11 15 1.00001
11 16 0.999994
11 17 1.00001
11 18 0.999993
11 19 1.00001
11 20 0.999994
11 21 1
11 22 0.999996
11 23 1
11 24 0.999997
11 25 0.999998
11 26 0.999991
11 27 0.999977
11 28 0.999933
11 29 0.999809
11 30 0.99945
11 31 0.998409
11 32 0.99539
11 33 0.986664
11 34 0.961785
11 35 0.894026
11 36 0.732579
11 37 0.461467
11 38 0.218637
11 39 0.0880197
11 40 0.0330652
11 41 0.012095
11 42 0.00438012
11 43 0.00157993
11 44 0.000568793
11 45 0.000204482
11 46 7.34002e-05
11 47 2.62982e-05
11 48 9.40377e-06
11 49 3.36615e-06
11 50 1.24028e-06
11 51 5.67986e-07

12 1 1
12 2 1
12 3 1
12 4 1
12 5 1
12 6 1
12 7 1
12 8 1
12 9 0.999999
12 10 1
12 11 0.999997
12 12 1
12 13 0.999995
12 14 1.00001
12 15 0.999992
12 16 1.00001
12 17 0.999991
12 18 1.00001
12 19 0.999991
12 20 1.00001
12 21 0.999993
12 22 1.00001
12 23 0.999995
12 24 1
12 25 0.999994
12 26 0.999989
12 27 0.999964
12 28 0.999901
12 29 0.999719
12 30 0.999199
12 31 0.997709
12 32 0.993435
12 33 0.981232
12 34 0.947079
12 35 0.857357
12 36 0.660407
12 37 0.381633
12 38 0.171296
12 39 0.0675272
12 40 0.0252359
12 41 0.00923983
12 42 0.00335654
12 43 0.00121532
12 44 0.000439255
12 45 0.000158529
12 46 5.71196e-05
12 47 2.05394e-05
12 48 7.3701e-06
12 49 2.64715e-06
12 50 9.78785e-07
12 51 4.49819e-07

13 1 1
13 2 1
13 3 1
13 4 1
13 5 1
13 6 1
13 7 1
13 8 0.999999
13 9 1
13 10 0.999998
13 11 1
13 12 0.999995
13 13 1.00001
13 14 0.999991
13 15 1.00001
13 16 0.999988
13 17 1.00001
13 18 0.999988
13 19 1.00001
13 20 0.999989
13 21 1.00001
13 22 0.999992
13 23 1
13 24 0.999993
13 25 0.999996
13 26 0.999979
13 27 0.999946
13 28 0.999847
13 29 0.999574
13 30 0.998797
13 31 0.996599
13 32 0.990367
13 33 0.972842
13 34 0.925009
13 35 0.805667
13 36 0.572317
13 37 0.302982
13 38 0.129827
13 39 0.0503535
13 40 0.018762
13 41 0.00688354
13 42 0.00251004
13 43 0.000912738
13 44 0.000331338
13 45 0.000120095
13 46 4.34508e-05
13 47 1.56864e-05
13 48 5.65023e-06
13 49 2.03698e-06
13 50 7.56076e-07
13 51 3.48816e-07

14 1 1
14 2 1
14 3 1
14 4 1
14 5 1
14 6 1
14 7 0.999999
14 8 1
14 9 0.999998
14 10 1
14 11 0.999995
14 12 1.00001
14 13 0.999991
14 14 1.00001
14 15 0.999987
14 16 1.00001
14 17 0.999985
14 18 1.00002
14 19 0.999985
14 20 1.00001
14 21 0.999989
14 22 1.00001
14 23 0.999991
14 24 1
14 25 0.999985
14 26 0.99997
14 27 0.999911
14 28 0.999759
14 29 0.99933
14 30 0.998137
14 31 0.994796
14 32 0.985455
14 33 0.959688
14 34 0.891735
14 35 0.734415
14 36 0.472768
14 37 0.230662
14 38 0.0952185
14 39 0.0365069
14 40 0.0135915
14 41 0.00500209
14 42 0.0018321
14 43 0.000669423
14 44 0.000244182
14 45 8.89197e-05
14 46 3.23169e-05
14 47 1.17174e-05
14 48 4.23811e-06
14 49 1.53409e-06
14 50 5.71806e-07
14 51 2.64916e-07

15 1 1
15 2 1
15 3 1
15 4 1
15 5 1
15 6 1
15 7 1
15 8 0.999999
15 9 1
15 10 0.999996
15 11 1.00001
15 12 0.999992
15 13 1.00001
15 14 0.999987
15 15 1.00002
15 16 0.999983
15 17 1.00002
15 18 0.999982
15 19 1.00002
15 20 0.999984
15 21 1.00001
15 22 0.999988
15 23 1.00001
15 24 0.999987
15 25 0.999983
15 26 0.999943
15 27 0.999855
15 28 0.999602
15 29 0.998917
15 30 0.997025
15 31 0.991804
15 32 0.977448
15 33 0.938838
15 34 0.841929
15 35 0.640744
15 36 0.370282
15 37 0.168488
15 38 0.0676371
15 39 0.0257485
15 40 0.00959721
15 41 0.00354668
15 42 0.00130565
15 43 0.000479599
15 44 0.000175859
15 45 6.43654e-05
15 46 2.35071e-05
15 47 8.56298e-06
15 48 3.11106e-06
15 49 1.13105e-06
15 50 4.23497e-07
15 51 1.97101e-07

16 1 1
16 2 1
16 3 1
16 4 1
16 5 1
16 6 1
16 7 0.999999
16 8 1
16 9 0.999997
16 10 1
16 11 0.999994
16 12 1.00001
16 13 0.999988
16 14 1.00001
16 15 0.999983
16 16 1.00002
16 17 0.99998
16 18 1.00002
16 19 0.999981
16 20 1.00002
16 21 0.999985
16 22 1.00001
16 23 0.999986
16 24 0.999992
16 25 0.99996
16 26 0.999908
16 27 0.999747
16 28 0.99933
16 29 0.998194
16 30 0.995112
16 31 0.986735
16 32 0.964183
16 33 0.90565
16 34 0.76923
16 35 0.527619
16 36 0.27462
16 37 0.118299
16 38 0.046589
16 39 0.0176792
16 40 0.0066088
16 41 0.00245467
16 42 0.000908805
16 43 0.000335761
16 44 0.000123815
16 45 4.55648e-05
16 46 1.67281e-05
16 47 6.12413e-06
16 48 2.23569e-06
16 49 8.16623e-07
16 50 3.0726e-07
16 51 1.43704e-07

17 1 1
17 2 1
17 3 1
17 4 1
17 5 1
17 6 1
17 7 1
17 8 0.999998
17 9 1
17 10 0.999996
17 11 1.00001
17 12 0.999991
17 13 1.00001
17 14 0.999985
17 15 1.00002
17 16 0.99998
17 17 1.00002
17 18 0.999979
17 19 1.00002
17 20 0.999982
17 21 1.00001
17 22 0.999984
17 23 0.999999
17 24 0.999968
17 25 0.999938
17 26 0.999827
17 27 0.999557
17 28 0.998831
17 29 0.996904
17 30 0.991748
17 31 0.977994
17 32 0.941982
17 33 0.853298
17 34 0.668577
17 35 0.406243
17 36 0.193296
17 37 0.0800453
17 38 0.0311624
17 39 0.0118265
17 40 0.00444059
17 41 0.00165908
17 42 0.000618107
17 43 0.00022979
17 44 8.52524e-05
17 45 3.1557e-05
17 46 1.16503e-05
17 47 4.28792e-06
17 48 1.57338e-06
17 49 5.77587e-07
17 50 2.18456e-07
17 51 1.02708e-07

18 1 1
18 2 1
18 3 1
18 4 1
18 5 1
18 6 1
18 7 0.999999
18 8 1
18 9 0.999997
18 10 1
18 11 0.999993
18 12 1.00001
18 13 0.999988
18 14 1.00002
18 15 0.999982
18 16 1.00002
18 17 0.999979
18 18 1.00002
18 19 0.99998
18 20 1.00002
18 21 0.999982
18 22 1
18 23 0.999971
18 24 0.999956
18 25 0.999871
18 26 0.999687
18 27 0.99919
18 28 0.997909
18 29 0.994546
18 30 0.985714
18 31 0.962705
18 32 0.904822
18 33 0.773369
18 34 0.542199
18 35 0.291975
18 36 0.129702
18 37 0.0523454
18 38 0.0202706
18 39 0.00771443
18 40 0.00291317
18 41 0.00109564
18 42 0.000410975
18 43 0.000153809
18 44 5.74329e-05
18 45 2.13913e-05
18 46 7.9441e-06
18 47 2.94041e-06
18 48 1.0848e-06
18 49 4.0035e-07
18 50 1.52263e-07
18 51 7.1987e-08

19 1 1
19 2 1
19 3 1
19 4 1
19 5 1
19 6 1
19 7 1
19 8 0.999998
19 9 1
19 10 0.999996
19 11 1.00001
19 12 0.999991
19 13 1.00001
19 14 0.999985
19 15 1.00002
19 16 0.999981
19 17 1.00002
19 18 0.99998
19 19 1.00002
19 20 0.999981
19 21 1.00001
19 22 0.999972
19 23 0.999967
19 24 0.999896
19 25 0.999762
19 26 0.999398
19 27 0.99849
19 28 0.996157
19 29 0.990154
19 30 0.97472
19 31 0.935801
19 32 0.843696
19 33 0.659524
19 34 0.404959
19 35 0.196846
19 36 0.0834138
19 37 0.0331773
19 38 0.0128417
19 39 0.00491122
19 40 0.00186719
19 41 0.000707379
19 42 0.000267275
19 43 0.000100741
19 44 3.78746e-05
19 45 1.41991e-05
19 46 5.30608e-06
19 47 1.9757e-06
19 48 7.33066e-07
19 49 2.72064e-07
19 50 1.04083e-07
19 51 4.94991e-08

20 1 1
20 2 1
20 3 1
20 4 1
20 5 1
20 6 1
20 7 0.999999
20 8 1
20 9 0.999998
20 10 1
20 11 0.999994
20 12 1.00001
20 13 0.999989
20 14 1.00001
20 15 0.999984
20 16 1.00002
20 17 0.999982
20 18 1.00002
20 19 0.999981
20 20 1.00001
20 21 0.999973
20 22 0.999973
20 23 0.99991
20 24 0.999806
20 25 0.999518
20 26 0.998832
20 27 0.997106
20 28 0.992771
20 29 0.981832
20 30 0.954498
20 31 0.888858
20 32 0.747999
20 33 0.516478
20 34 0.278384
20 35 0.125536
20 36 0.0516879
20 37 0.0204339
20 38 0.0079341
20 39 0.00305425
20 40 0.00117009
20 41 0.000446775
20 42 0.000170118
20 43 6.46017e-05
20 44 2.44625e-05
20 45 9.23396e-06
20 46 3.47326e-06
20 47 1.30134e-06
20 48 4.85755e-07
20 49 1.81346e-07
20 50 6.98078e-08
20 51 3.34059e-08

21 1 1
21 2 1
21 3 1
21 4 1
21 5 1
21 6 1
21 7 1
21 8 0.999999
21 9 1
21 10 0.999997
21 11 1
21 12 0.999993
21 13 1.00001
21 14 0.999989
21 15 1.00001
21 16 0.999985
21 17 1.00001
21 18 0.999982
21 19 1.00001
21 20 0.999973
21 21 0.999975
21 22 0.999915
21 23 0.999828
21 24 0.999585
21 25 0.999029
21 26 0.997665
21 27 0.994331
21 28 0.986105
21 29 0.965885
21 30 0.917402
21 31 0.809749
21 32 0.612516
21 33 0.366446
21 34 0.177809
21 35 0.076415
21 36 0.0310046
21 37 0.0122577
21 38 0.00478696
21 39 0.00185714
21 40 0.000717432
21 41 0.000276232
21 42 0.000106039
21 43 4.05842e-05
21 44 1.54834e-05
21 45 5.88648e-06
21 46 2.22926e-06
21 47 8.40694e-07
21 48 3.15779e-07
21 49 1.1862e-07
21 50 4.59595e-08
21 51 2.21374e-08

22 1 1
22 2 1
22 3 1
22 4 1
22 5 1
22 6 1
22 7 1
22 8 1
22 9 0.999998
22 10 1
22 11 0.999996
22 12 1.00001
22 13 0.999992
22 14 1.00001
22 15 0.999988
22 16 1.00001
22 17 0.999984
22 18 1
22 19 0.999972
22 20 0.999973
22 21 0.999915
22 22 0.999836
22 23 0.999615
22 24 0.999132
22 25 0.997978
22 26 0.995241
22 27 0.98866
22 28 0.97283
22 29 0.935315
22 30 0.851087
22 31 0.686925
22 32 0.450936
22 33 0.236692
22 34 0.10694
22 35 0.0447543
22 36 0.0180731
22 37 0.00717579
22 38 0.00282382
22 39 0.00110512
22 40 0.000430742
22 41 0.000167309
22 42 6.4773e-05
22 43 2.49932e-05
22 44 9.60965e-06
22 45 3.68056e-06
22 46 1.40373e-06
22 47 5.32955e-07
22 48 2.01494e-07
22 49 7.61787e-08
22 50 2.97168e-08
22 51 1.44117e-08

23 1 1
23 2 1
23 3 1
23 4 1
23 5 1
23 6 1
23 7 1
23 8 0.999999
23 9 1
23 10 0.999998
23 11 1
23 12 0.999995
23 13 1
23 14 0.999991
23 15 1.00001
23 16 0.999986
23 17 0.999999
23 18 0.999971
23 19 0.999967
23 20 0.99991
23 21 0.999828
23 22 0.999615
23 23 0.999164
23 24 0.998119
23 25 0.995718
23 26 0.990107
23 27 0.976949
23 28 0.946343
23 29 0.877891
23 30 0.740389
23 31 0.523521
23 32 0.296554
23 33 0.141484
23 34 0.0613391
23 35 0.0253822
23 36 0.0102697
23 37 0.00410659
23 38 0.00163054
23 39 0.000644165
23 40 0.000253443
23 41 9.93453e-05
23 42 3.8801e-05
23 43 1.50982e-05
23 44 5.85189e-06
23 45 2.2585e-06
23 46 8.67663e-07
23 47 3.31729e-07
23 48 1.26265e-07
23 49 4.80571e-08
23 50 1.888e-08
23 51 9.22131e-09

24 1 1
24 2 1
24 3 1
24 4 1
24 5 1
24 6 1
24 7 1
24 8 1
24 9 0.999999
24 10 1
24 11 0.999997
24 12 1
24 13 0.999993
24 14 1
24 15 0.999987
24 16 0.999992
24 17 0.999968
24 18 0.999956
24 19 0.999896
24 20 0.999806
24 21 0.999585
24 22 0.999132
24 23 0.998119
24 24 0.995867
24 25 0.990763
24 26 0.979129
24 27 0.952704
24 28 0.894422
24 29 0.776347
24 30 0.579861
24 31 0.351233
24 32 0.176997
24 33 0.0797212
24 34 0.0338978
24 35 0.0140082
24 36 0.0057027
24 37 0.0023009
24 38 0.000922619
24 39 0.000368139
24 40 0.000146262
24 41 5.78759e-05
24 42 2.281e-05
24 43 8.95288e-06
24 44 3.49873e-06
24 45 1.36093e-06
24 46 5.26761e-07
24 47 2.02843e-07
24 48 7.77455e-08
24 49 2.97959e-08
24 50 1.17921e-08
24 51 5.80196e-09

25 1 1
25 2 1
25 3 1
25 4 1
25 5 0.999999
25 6 0.999999
25 7 0.999999
25 8 0.999999
25 9 0.999999
25 10 0.999997
25 11 0.999998
25 12 0.999994
25 13 0.999996
25 14 0.999985
25 15 0.999983
25 16 0.99996
25 17 0.999938
25 18 0.999871
25 19 0.999762
25 20 0.999518
25 21 0.999029
25 22 0.997978
25 23 0.995718
25 24 0.990763
25 25 0.979811
25 26 0.955615
25 27 0.903377
25 28 0.798264
25 29 0.619069
25 30 0.395651
25 31 0.209729
25 32 0.0982052
25 33 0.0429928
25 34 0.0181839
25 35 0.00755043
25 36 0.00310083
25 37 0.00126387
25 38 0.000512121
25 39 0.00020647
25 40 8.28595e-05
25 41 3.31063e-05
25 42 1.31692e-05
25 43 5.21474e-06
25 44 2.05509e-06
25 45 8.05807e-07
25 46 3.14286e-07
25 47 1.21916e-07
25 48 4.70627e-08
25 49 1.81659e-08
25 50 7.24423e-09
25 51 3.59148e-09

26 1 0.999999
26 2 0.999999
26 3 0.999999
26 4 0.999999
26 5 0.999999
26 6 0.999998
26 7 0.999998
26 8 0.999997
26 9 0.999996
26 10 0.999995
26 11 0.999991
26 12 0.999989
26 13 0.999979
26 14 0.99997
26 15 0.999943
26 16 0.999908
26 17 0.999827
26 18 0.999687
26 19 0.999398
26 20 0.998832
26 21 0.997665
26 22 0.995241
26 23 0.990107
26 24 0.979129
26 25 0.955615
26 26 0.906211
26 27 0.808604
26 28 0.641928
26 29 0.426554
26 30 0.236026
26 31 0.114695
26 32 0.0517413
26 33 0.0224347
26 34 0.00951824
26 35 0.00398546
26 36 0.00165377
26 37 0.000681449
26 38 0.000279146
26 39 0.000113745
26 40 4.61189e-05
26 41 1.86092e-05
26 42 7.47251e-06
26 43 2.98561e-06
26 44 1.18668e-06
26 45 4.691e-07
26 46 1.8439e-07
26 47 7.20654e-08
26 48 2.80235e-08
26 49 1.08966e-08
26 50 4.37953e-09
26 51 2.18827e-09

27 1 0.999997
27 2 0.999997
27 3 0.999997
27 4 0.999996
27 5 0.999996
27 6 0.999995
27 7 0.999993
27 8 0.999992
27 9 0.999989
27 10 0.999984
27 11 0.999977
27 12 0.999964
27 13 0.999946
27 14 0.999911
27 15 0.999855
27 16 0.999747
27 17 0.999557
27 18 0.99919
27 19 0.99849
27 20 0.997106
27 21 0.994331
27 22 0.98866
27 23 0.976949
27 24 0.952704
27 25 0.903377
27 26 0.808604
27 27 0.649414
27 28 0.442307
27 29 0.252997
27 30 0.127099
27 31 0.0590632
27 32 0.0262824
27 33 0.0114111
27 34 0.00487944
27 35 0.00206449
27 36 0.000866351
27 37 0.000361066
27 38 0.000149566
27 39 6.16075e-05
27 40 2.52409e-05
27 41 1.02869e-05
27 42 4.1702e-06
27 43 1.68134e-06
27 44 6.74062e-07
27 45 2.68659e-07
27 46 1.06439e-07
27 47 4.19182e-08
27 48 1.64227e-08
27 49 6.434e-09
27 50 2.60686e-09
27 51 1.31301e-09

28 1 0.999991
28 2 0.999991
28 3 0.99999
28 4 0.999989
28 5 0.999987
28 6 0.999984
28 7 0.999981
28 8 0.999975
28 9 0.999967
28 10 0.999954
28 11 0.999933
28 12 0.999901
28 13 0.999847
28 14 0.999759
28 15 0.999602
28 16 0.99933
28 17 0.998831
28 18 0.997909
28 19 0.996157
28 20 0.992771
28 21 0.986105
28 22 0.97283
28 23 0.946343
28 24 0.894422
28 25 0.798264
28 26 0.641928
28 27 0.442307
28 28 0.258852
28 29 0.133758
28 30 0.0639427
28 31 0.029217
28 32 0.012998
28 33 0.00568461
28 34 0.00245618
28 35 0.00105124
28 36 0.000446365
28 37 0.000188205
28 38 7.88485e-05
28 39 3.28355e-05
28 40 1.35948e-05
28 41 5.59644e-06
28 42 2.29052e-06
28 43 9.3193e-07
28 44 3.76869e-07
28 45 1.51458e-07
28 46 6.04861e-08
28 47 2.40063e-08
28 48 9.47717e-09
28 49 3.74159e-09
28 50 1.52854e-09
28 51 7.76215e-10

29 1 0.999972
29 2 0.999971
29 3 0.999969
29 4 0.999966
29 5 0.999961
29 6 0.999953
29 7 0.999942
29 8 0.999926
29 9 0.999902
29 10 0.999866
29 11 0.999809
29 12 0.999719
29 13 0.999574
29 14 0.99933
29 15 0.998917
29 16 0.998194
29 17 0.996904
29 18 0.994546
29 19 0.990154
29 20 0.981832
29 21 0.965885
29 22 0.935315
29 23 0.877891
29 24 0.776347
29 25 0.619069
29 26 0.426554
29 27 0.252997
29 28 0.133758
29 29 0.0656565
29 30 0.0308077
29 31 0.014058
29 32 0.00629683
29 33 0.0027825
29 34 0.00121639
29 35 0.000526937
29 36 0.000226445
29 37 9.66066e-05
29 38 4.09368e-05
29 39 1.72356e-05
29 40 7.21142e-06
29 41 2.99857e-06
29 42 1.23904e-06
29 43 5.08727e-07
29 44 2.07522e-07
29 45 8.40978e-08
29 46 3.38568e-08
29 47 1.35434e-08
29 48 5.38824e-09
29 49 2.14405e-09
29 50 8.83321e-10
29 51 4.52317e-10

30 1 0.999916
30 2 0.999913
30 3 0.999907
30 4 0.999897
30 5 0.999882
30 6 0.99986
30 7 0.999828
30 8 0.999782
30 9 0.999713
30 10 0.999609
30 11 0.99945
30 12 0.999199
30 13 0.998797
30 14 0.998137
30 15 0.997025
30 16 0.995112
30 17 0.991748
30 18 0.985714
30 19 0.97472
30 20 0.954498
30 21 0.917402
30 22 0.851087
30 23 0.740389
30 24 0.579861
30 25 0.395651
30 26 0.236026
30 27 0.127099
30 28 0.0639427
30 29 0.0308077
30 30 0.0144308
30 31 0.00662817
30 32 0.00299955
30 33 0.00134121
30 34 0.000593574
30 35 0.00026032
30 36 0.000113231
30 37 4.88789e-05
30 38 2.09492e-05
30 39 8.91714e-06
30 40 3.77016e-06
30 41 1.58337e-06
30 42 6.6051e-07
30 43 2.73662e-07
30 44 1.12606e-07
30 45 4.60167e-08
30 46 1.86768e-08
30 47 7.53071e-09
30 48 3.01977e-09
30 49 1.21125e-09
30 50 5.03325e-10
30 51 2.59923e-10

31 1 0.999744
31 2 0.999736
31 3 0.999718
31 4 0.999688
31 5 0.999644
31 6 0.99958
31 7 0.999487
31 8 0.999352
31 9 0.999154
31 10 0.998858
31 11 0.998409
31 12 0.997709
31 13 0.996599
31 14 0.994796
31 15 0.991804
31 16 0.986735
31 17 0.977994
31 18 0.962705
31 19 0.935801
31 20 0.888858
31 21 0.809749
31 22 0.686925
31 23 0.523521
31 24 0.351233
31 25 0.209729
31 26 0.114695
31 27 0.0590632
31 28 0.029217
31 29 0.014058
31 30 0.00662817
31 31 0.00307574
31 32 0.00140852
31 33 0.000637679
31 34 0.000285769
31 35 0.000126886
31 36 5.58615e-05
31 37 2.43978e-05
31 38 1.05753e-05
31 39 4.55043e-06
31 40 1.94392e-06
31 41 8.24491e-07
31 42 3.47192e-07
31 43 1.45149e-07
31 44 6.02452e-08
31 45 2.48264e-08
31 46 1.0159e-08
31 47 4.12925e-09
31 48 1.66907e-09
31 49 6.74929e-10
31 50 2.82921e-10
31 51 1.47359e-10

32 1 0.99922
32 2 0.999195
32 3 0.999142
32 4 0.999055
32 5 0.998925
32 6 0.998736
32 7 0.998465
32 8 0.998075
32 9 0.997505
32 10 0.996662
32 11 0.99539
32 12 0.993435
32 13 0.990367
32 14 0.985455
32 15 0.977448
32 16 0.964183
32 17 0.941982
32 18 0.904822
32 19 0.843696
32 20 0.747999
32 21 0.612516
32 22 0.450936
32 23 0.296554
32 24 0.176997
32 25 0.0982052
32 26 0.0517413
32 27 0.0262824
32 28 0.012998
32 29 0.00629683
32 30 0.00299955
32 31 0.00140852
32 32 0.000653123
32 33 0.000299443
32 34 0.000135882
32 35 6.10786e-05
32 36 2.72129e-05
32 37 1.20235e-05
32 38 5.26991e-06
32 39 2.29186e-06
32 40 9.8909e-07
32 41 4.2361e-07
32 42 1.80048e-07
32 43 7.59471e-08
32 44 3.17954e-08
32 45 1.32129e-08
32 46 5.45136e-09
32 47 2.23382e-09
32 48 9.10239e-10
32 49 3.71118e-10
32 50 1.5695e-10
32 51 8.24562e-11

33 1 0.997625
33 2 0.99755
33 3 0.997392
33 4 0.997136
33 5 0.996754
33 6 0.996202
33 7 0.995413
33 8 0.994282
33 9 0.992645
33 10 0.990244
33 11 0.986664
33 12 0.981232
33 13 0.972842
33 14 0.959688
33 15 0.938838
33 16 0.90565
33 17 0.853298
33 18 0.773369
33 19 0.659524
33 20 0.516478
33 21 0.366446
33 22 0.236692
33 23 0.141484
33 24 0.0797212
33 25 0.0429928
33 26 0.0224347
33 27 0.0114111
33 28 0.00568461
33 29 0.0027825
33 30 0.00134121
33 31 0.000637679
33 32 0.000299443
33 33 0.000139024
33 34 6.38723e-05
33 35 2.90597e-05
33 36 1.31002e-05
33 37 5.85404e-06
33 38 2.59395e-06
33 39 1.13994e-06
33 40 4.96895e-07
33 41 2.14854e-07
33 42 9.21615e-08
33 43 3.92208e-08
33 44 1.65616e-08
33 45 6.94041e-09
33 46 2.88721e-09
33 47 1.19281e-09
33 48 4.90027e-10
33 49 2.01459e-10
33 50 8.59651e-11
33 51 4.55569e-11

34 1 0.992779
34 2 0.992557
34 3 0.992092
34 4 0.991338
34 5 0.990218
34 6 0.988611
34 7 0.986329
34 8 0.983084
34 9 0.978431
34 10 0.971685
34 11 0.961785
34 12 0.947079
34 13 0.925009
34 14 0.891735
34 15 0.841929
34 16 0.76923
34 17 0.668577
34 18 0.542199
34 19 0.404959
34 20 0.278384
34 21 0.177809
34 22 0.10694
34 23 0.0613391
34 24 0.0338978
34 25 0.0181839
34 26 0.00951824
34 27 0.00487944
34 28 0.00245618
34 29 0.00121639
34 30 0.000593574
34 31 0.000285769
34 32 0.000135882
34 33 6.38723e-05
34 34 2.97035e-05
34 35 1.3675e-05
34 36 6.23584e-06
34 37 2.8176e-06
34 38 1.26183e-06
34 39 5.60204e-07
34 40 2.46587e-07
34 41 1.07627e-07
34 42 4.65861e-08
34 43 2.00002e-08
34 44 8.51803e-09
34 45 3.59978e-09
34 46 1.51e-09
34 47 6.2899e-10
34 48 2.60532e-10
34 49 1.08012e-10
34 50 4.65074e-11
34 51 2.48621e-11

35 1 0.978205
35 2 0.977557
35 3 0.976202
35 4 0.974014
35 5 0.970785
35 6 0.966187
35 7 0.959727
35 8 0.950667
35 9 0.937902
35 10 0.919802
35 11 0.894026
35 12 0.857357
35 13 0.805667
35 14 0.734415
35 15 0.640744
35 16 0.527619
35 17 0.406243
35 18 0.291975
35 19 0.196846
35 20 0.125536
35 21 0.076415
35 22 0.0447543
35 23 0.0253822
35 24 0.0140082
35 25 0.00755043
35 26 0.00398546
35 27 0.00206449
35 28 0.00105124
35 29 0.000526937
35 30 0.00026032
35 31 0.000126886
35 32 6.10786e-05
35 33 2.90597e-05
35 34 1.3675e-05
35 35 6.36868e-06
35 36 2.9367e-06
35 37 1.34125e-06
35 38 6.06903e-07
35 39 2.72127e-07
35 40 1.20931e-07
35 41 5.32707e-08
35 42 2.32648e-08
35 43 1.00753e-08
35 44 4.32787e-09
35 45 1.84446e-09
35 46 7.80174e-10
35 47 3.27683e-10
35 48 1.36856e-10
35 49 5.72187e-11
35 50 2.48616e-11
35 51 1.34071e-11

36 1 0.935597
36 2 0.933789
36 3 0.930024
36 4 0.923983
36 5 0.915151
36 6 0.902755
36 7 0.885696
36 8 0.862451
36 9 0.830977
36 10 0.788665
36 11 0.732579
36 12 0.660407
36 13 0.572317
36 14 0.472768
36 15 0.370282
36 16 0.27462
36 17 0.193296
36 18 0.129702
36 19 0.0834138
36 20 0.0516879
36 21 0.0310046
36 22 0.0180731
36 23 0.0102697
36 24 0.0057027
36 25 0.00310083
36 26 0.00165377
36 27 0.000866351
36 28 0.000446365
36 29 0.000226445
36 30 0.000113231
36 31 5.58615e-05
36 32 2.72129e-05
36 33 1.31002e-05
36 34 6.23584e-06
36 35 2.9367e-06
36 36 1.36884e-06
36 37 6.31716e-07
36 38 2.88722e-07
36 39 1.30714e-07
36 40 5.86324e-08
36 41 2.60626e-08
36 42 1.14831e-08
36 43 5.01624e-09
36 44 2.1732e-09
36 45 9.34028e-10
36 46 3.98396e-10
36 47 1.68728e-10
36 48 7.10562e-11
36 49 2.99612e-11
36 50 1.31372e-11
36 51 7.14652e-12

37 1 0.820994
37 2 0.816589
37 3 0.8075
37 4 0.793159
37 5 0.772693
37 6 0.744933
37 7 0.708503
37 8 0.662073
37 9 0.604844
37 10 0.537234
37 11 0.461467
37 12 0.381633
37 13 0.302982
37 14 0.230662
37 15 0.168488
37 16 0.118299
37 17 0.0800453
37 18 0.0523454
37 19 0.0331773
37 20 0.0204339
37 21 0.0122577
37 22 0.00717579
37 23 0.00410659
37 24 0.0023009
37 25 0.00126387
37 26 0.000681449
37 27 0.000361066
37 28 0.000188205
37 29 9.66066e-05
37 30 4.88789e-05
37 31 2.43978e-05
37 32 1.20235e-05
37 33 5.85404e-06
37 34 2.8176e-06
37 35 1.34125e-06
37 36 6.31716e-07
37 37 2.94479e-07
37 38 1.35902e-07
37 39 6.21083e-08
37 40 2.81145e-08
37 41 1.26089e-08
37 42 5.60426e-09
37 43 2.46933e-09
37 44 1.07895e-09
37 45 4.6766e-10
37 46 2.01153e-10
37 47 8.59049e-11
37 48 3.64793e-11
37 49 1.55129e-11
37 50 6.86436e-12
37 51 3.76675e-12

38 1 0.578848
38 2 0.571523
38 3 0.556793
38 4 0.534555
38 5 0.504803
38 6 0.467788
38 7 0.424209
38 8 0.375359
38 9 0.323167
38 10 0.270056
38 11 0.218637
38 12 0.171296
38 13 0.129827
38 14 0.0952185
38 15 0.0676371
38 16 0.046589
38 17 0.0311624
38 18 0.0202706
38 19 0.0128417
38 20 0.0079341
38 21 0.00478696
38 22 0.00282382
38 23 0.00163054
38 24 0.000922619
38 25 0.000512121
38 26 0.000279146
38 27 0.000149566
38 28 7.88485e-05
38 29 4.09368e-05
38 30 2.09492e-05
38 31 1.05753e-05
38 32 5.26991e-06
38 33 2.59395e-06
38 34 1.26183e-06
38 35 6.06903e-07
38 36 2.88722e-07
38 37 1.35902e-07
38 38 6.33127e-08
38 39 2.92009e-08
38 40 1.33373e-08
38 41 6.03448e-09
38 42 2.70551e-09
38 43 1.20237e-09
38 44 5.29857e-10
38 45 2.31611e-10
38 46 1.00462e-10
38 47 4.32624e-11
38 48 1.85249e-11
38 49 7.94498e-12
38 50 3.54784e-12
38 51 1.96378e-12

39 1 0.295686
39 2 0.290011
39 3 0.278873
39 4 0.262709
39 5 0.242191
39 6 0.218226
39 7 0.191924
39 8 0.164534
39 9 0.137335
39 10 0.111509
39 11 0.0880197
39 12 0.0675272
39 13 0.0503535
39 14 0.0365069
39 15 0.0257485
39 16 0.0176792
39 17 0.0118265
39 18 0.00771443
39 19 0.00491122
39 20 0.00305425
39 21 0.00185714
39 22 0.00110512
39 23 0.000644165
39 24 0.000368139
39 25 0.00020647
39 26 0.000113745
39 27 6.16075e-05
39 28 3.28355e-05
39 29 1.72356e-05
39 30 8.91714e-06
39 31 4.55043e-06
39 32 2.29186e-06
39 33 1.13994e-06
39 34 5.60204e-07
39 35 2.72127e-07
39 36 1.30714e-07
39 37 6.21083e-08
39 38 2.92009e-08
39 39 1.35894e-08
39 40 6.26195e-09
39 41 2.85803e-09
39 42 1.29248e-09
39 43 5.7934e-10
39 44 2.57482e-10
39 45 1.13505e-10
39 46 4.96476e-11
39 47 2.15588e-11
39 48 9.30849e-12
39 49 4.02629e-12
39 50 1.81442e-12
39 51 1.01299e-12

40 1 0.121531
40 2 0.118835
40 3 0.1136
40 4 0.106126
40 5 0.0968397
40 6 0.0862621
40 7 0.0749642
40 8 0.0635192
40 9 0.0524524
40 10 0.0421971
40 11 0.0330652
40 12 0.0252359
40 13 0.018762
40 14 0.0135915
40 15 0.00959721
40 16 0.0066088
40 17 0.00444059
40 18 0.00291317
40 19 0.00186719
40 20 0.00117009
40 21 0.000717432
40 22 0.000430742
40 23 0.000253443
40 24 0.000146262
40 25 8.28595e-05
40 26 4.61189e-05
40 27 2.52409e-05
40 28 1.35948e-05
40 29 7.21142e-06
40 30 3.77016e-06
40 31 1.94392e-06
40 32 9.8909e-07
40 33 4.96895e-07
40 34 2.46587e-07
40 35 1.20931e-07
40 36 5.86324e-08
40 37 2.81145e-08
40 38 1.33373e-08
40 39 6.26195e-09
40 40 2.91078e-09
40 41 1.34006e-09
40 42 6.11243e-10
40 43 2.76333e-10
40 44 1.2386e-10
40 45 5.50633e-11
40 46 2.42872e-11
40 47 1.06343e-11
40 48 4.62981e-12
40 49 2.01962e-12
40 50 9.18444e-13
40 51 5.17175e-13

41 1 0.0453787
41 2 0.0443295
41 3 0.0422987
41 4 0.0394155
41 5 0.0358588
41 6 0.0318403
41 7 0.0275853
41 8 0.0233115
41 9 0.0192113
41 10 0.0154375
41 11 0.012095
41 12 0.00923983
41 13 0.00688354
41 14 0.00500209
41 15 0.00354668
41 16 0.00245467
41 17 0.00165908
41 18 0.00109564
41 19 0.000707379
41 20 0.000446775
41 21 0.000276232
41 22 0.000167309
41 23 9.93453e-05
41 24 5.78759e-05
41 25 3.31063e-05
41 26 1.86092e-05
41 27 1.02869e-05
41 28 5.59644e-06
41 29 2.99857e-06
41 30 1.58337e-06
41 31 8.24491e-07
41 32 4.2361e-07
41 33 2.14854e-07
41 34 1.07627e-07
41 35 5.32707e-08
41 36 2.60626e-08
41 37 1.26089e-08
41 38 6.03448e-09
41 39 2.85803e-09
41 40 1.34006e-09
41 41 6.22267e-10
41 42 2.86275e-10
41 43 1.30526e-10
41 44 5.90029e-11
41 45 2.64515e-11
41 46 1.17648e-11
41 47 5.19406e-12
41 48 2.28005e-12
41 49 1.00304e-12
41 50 4.60299e-13
41 51 2.61406e-13

42 1 0.016338
42 2 0.0159583
42 3 0.015224
42 4 0.0141831
42 5 0.0129012
42 6 0.0114558
42 7 0.00992801
42 8 0.00839596
42 9 0.00692774
42 10 0.00557695
42 11 0.00438012
42 12 0.00335654
42 13 0.00251004
42 14 0.0018321
42 15 0.00130565
42 16 0.000908805
42 17 0.000618107
42 18 0.000410975
42 19 0.000267275
42 20 0.000170118
42 21 0.000106039
42 22 6.4773e-05
42 23 3.8801e-05
42 24 2.281e-05
42 25 1.31692e-05
42 26 7.47251e-06
42 27 4.1702e-06
42 28 2.29052e-06
42 29 1.23904e-06
42 30 6.6051e-07
42 31 3.47192e-07
42 32 1.80048e-07
42 33 9.21615e-08
42 34 4.65861e-08
42 35 2.32648e-08
42 36 1.14831e-08
42 37 5.60426e-09
42 38 2.70551e-09
42 39 1.29248e-09
42 40 6.11243e-10
42 41 2.86275e-10
42 42 1.32828e-10
42 43 6.10784e-11
42 44 2.78433e-11
42 45 1.25871e-11
42 46 5.64493e-12
42 47 2.51276e-12
42 48 1.11213e-12
42 49 4.93377e-13
42 50 2.28468e-13
42 51 1.30846e-13

43 1 0.00580542
43 2 0.00567152
43 3 0.00541259
43 4 0.00504552
43 5 0.00459345
43 6 0.00408353
43 7 0.00354429
43 8 0.00300306
43 9 0.0024837
43 10 0.00200503
43 11 0.00157993
43 12 0.00121532
43 13 0.000912738
43 14 0.000669423
43 15 0.000479599
43 16 0.000335761
43 17 0.00022979
43 18 0.000153809
43 19 0.000100741
43 20 6.46017e-05
43 21 4.05842e-05
43 22 2.49932e-05
43 23 1.50982e-05
43 24 8.95288e-06
43 25 5.21474e-06
43 26 2.98561e-06
43 27 1.68134e-06
43 28 9.3193e-07
43 29 5.08727e-07
43 30 2.73662e-07
43 31 1.45149e-07
43 32 7.59471e-08
43 33 3.92208e-08
43 34 2.00002e-08
43 35 1.00753e-08
43 36 5.01624e-09
43 37 2.46933e-09
43 38 1.20237e-09
43 39 5.7934e-10
43 40 2.76333e-10
43 41 1.30526e-10
43 42 6.10784e-11
43 43 2.83235e-11
43 44 1.30201e-11
43 45 5.9351e-12
43 46 2.6837e-12
43 47 1.20441e-12
43 48 5.37428e-13
43 49 2.40423e-13
43 50 1.12338e-13
43 51 6.48767e-14

44 1 0.00205302
44 2 0.00200624
44 3 0.00191574
44 4 0.00178738
44 5 0.00162917
44 6 0.00145053
44 7 0.00126137
44 8 0.00107118
44 9 0.00088829
44 10 0.000719307
44 11 0.000568793
44 12 0.000439255
44 13 0.000331338
44 14 0.000244182
44 15 0.000175859
44 16 0.000123815
44 17 8.52524e-05
44 18 5.74329e-05
44 19 3.78746e-05
44 20 2.44625e-05
44 21 1.54834e-05
44 22 9.60965e-06
44 23 5.85189e-06
44 24 3.49873e-06
44 25 2.05509e-06
44 26 1.18668e-06
44 27 6.74062e-07
44 28 3.76869e-07
44 29 2.07522e-07
44 30 1.12606e-07
44 31 6.02452e-08
44 32 3.17954e-08
44 33 1.65616e-08
44 34 8.51803e-09
44 35 4.32787e-09
44 36 2.1732e-09
44 37 1.07895e-09
44 38 5.29857e-10
44 39 2.57482e-10
44 40 1.2386e-10
44 41 5.90029e-11
44 42 2.78433e-11
44 43 1.30201e-11
44 44 6.03521e-12
44 45 2.77386e-12
44 46 1.26455e-12
44 47 5.72131e-13
44 48 2.57372e-13
44 49 1.16099e-13
44 50 5.4735e-14
44 51 3.18726e-14

45 1 0.000724588
45 2 0.000708296
45 3 0.000676771
45 4 0.000632024
45 5 0.00057682
45 6 0.000514407
45 7 0.000448208
45 8 0.00038152
45 9 0.000317243
45 10 0.000257691
45 11 0.000204482
45 12 0.000158529
45 13 0.000120095
45 14 8.89197e-05
45 15 6.43654e-05
45 16 4.55648e-05
45 17 3.1557e-05
45 18 2.13913e-05
45 19 1.41991e-05
45 20 9.23396e-06
45 21 5.88648e-06
45 22 3.68056e-06
45 23 2.2585e-06
45 24 1.36093e-06
45 25 8.05807e-07
45 26 4.691e-07
45 27 2.68659e-07
45 28 1.51458e-07
45 29 8.40978e-08
45 30 4.60167e-08
45 31 2.48264e-08
45 32 1.32129e-08
45 33 6.94041e-09
45 34 3.59978e-09
45 35 1.84446e-09
45 36 9.34028e-10
45 37 4.6766e-10
45 38 2.31611e-10
45 39 1.13505e-10
45 40 5.50633e-11
45 41 2.64515e-11
45 42 1.25871e-11
45 43 5.9351e-12
45 44 2.77386e-12
45 45 1.28536e-12
45 46 5.90736e-13
45 47 2.69428e-13
45 48 1.22181e-13
45 49 5.55724e-14
45 50 2.64335e-14
45 51 1.55189e-14

46 1 0.00025541
46 2 0.000249746
46 3 0.000238781
46 4 0.000223207
46 5 0.000203973
46 6 0.000182197
46 7 0.000159062
46 8 0.000135708
46 9 0.000113146
46 10 9.21858e-05
46 11 7.34002e-05
46 12 5.71196e-05
46 13 4.34508e-05
46 14 3.23169e-05
46 15 2.35071e-05
46 16 1.67281e-05
46 17 1.16503e-05
46 18 7.9441e-06
46 19 5.30608e-06
46 20 3.47326e-06
46 21 2.22926e-06
46 22 1.40373e-06
46 23 8.67663e-07
46 24 5.26761e-07
46 25 3.14286e-07
46 26 1.8439e-07
46 27 1.06439e-07
46 28 6.04861e-08
46 29 3.38568e-08
46 30 1.86768e-08
46 31 1.0159e-08
46 32 5.45136e-09
46 33 2.88721e-09
46 34 1.51e-09
46 35 7.80174e-10
46 36 3.98396e-10
46 37 2.01153e-10
46 38 1.00462e-10
46 39 4.96476e-11
46 40 2.42872e-11
46 41 1.17648e-11
46 42 5.64493e-12
46 43 2.6837e-12
46 44 1.26455e-12
46 45 5.90736e-13
46 46 2.73684e-13
46 47 1.25823e-13
46 48 5.75158e-14
46 49 2.63761e-14
46 50 1.26573e-14
46 51 7.49134e-15

47 1 8.99107e-05
47 2 8.79441e-05
47 3 8.41354e-05
47 4 7.87213e-05
47 5 7.2028e-05
47 6 6.444e-05
47 7 5.63649e-05
47 8 4.81974e-05
47 9 4.02883e-05
47 10 3.29209e-05
47 11 2.62982e-05
47 12 2.05394e-05
47 13 1.56864e-05
47 14 1.17174e-05
47 15 8.56298e-06
47 16 6.12413e-06
47 17 4.28792e-06
47 18 2.94041e-06
47 19 1.9757e-06
47 20 1.30134e-06
47 21 8.40694e-07
47 22 5.32955e-07
47 23 3.31729e-07
47 24 2.02843e-07
47 25 1.21916e-07
47 26 7.20654e-08
47 27 4.19182e-08
47 28 2.40063e-08
47 29 1.35434e-08
47 30 7.53071e-09
47 31 4.12925e-09
47 32 2.23382e-09
47 33 1.19281e-09
47 34 6.2899e-10
47 35 3.27683e-10
47 36 1.68728e-10
47 37 8.59049e-11
47 38 4.32624e-11
47 39 2.15588e-11
47 40 1.06343e-11
47 41 5.19406e-12
47 42 2.51276e-12
47 43 1.20441e-12
47 44 5.72131e-13
47 45 2.69428e-13
47 46 1.25823e-13
47 47 5.83061e-14
47 48 2.6865e-14
47 49 1.24211e-14
47 50 6.0132e-15
47 51 3.58757e-15

48 1 3.1608e-05
48 2 3.0926e-05
48 3 2.96045e-05
48 4 2.77246e-05
48 5 2.53982e-05
48 6 2.27573e-05
48 7 1.99423e-05
48 8 1.70895e-05
48 9 1.43207e-05
48 10 1.1735e-05
48 11 9.40377e-06
48 12 7.3701e-06
48 13 5.65023e-06
48 14 4.23811e-06
48 15 3.11106e-06
48 16 2.23569e-06
48 17 1.57338e-06
48 18 1.0848e-06
48 19 7.33066e-07
48 20 4.85755e-07
48 21 3.15779e-07
48 22 2.01494e-07
48 23 1.26265e-07
48 24 7.77455e-08
48 25 4.70627e-08
48 26 2.80235e-08
48 27 1.64227e-08
48 28 9.47717e-09
48 29 5.38824e-09
48 30 3.01977e-09
48 31 1.66907e-09
48 32 9.10239e-10
48 33 4.90027e-10
48 34 2.60532e-10
48 35 1.36856e-10
48 36 7.10562e-11
48 37 3.64793e-11
48 38 1.85249e-11
48 39 9.30849e-12
48 40 4.62981e-12
48 41 2.28005e-12
48 42 1.11213e-12
48 43 5.37428e-13
48 44 2.57372e-13
48 45 1.22181e-13
48 46 5.75158e-14
48 47 2.6865e-14
48 48 1.24772e-14
48 49 5.81636e-15
48 50 2.84068e-15
48 51 1.70838e-15

49 1 1.11278e-05
49 2 1.08909e-05
49 3 1.04317e-05
49 4 9.77797e-06
49 5 8.96815e-06
49 6 8.04767e-06
49 7 7.06491e-06
49 8 6.06707e-06
49 9 5.09647e-06
49 10 4.18774e-06
49 11 3.36615e-06
49 12 2.64715e-06
49 13 2.03698e-06
49 14 1.53409e-06
49 15 1.13105e-06
49 16 8.16623e-07
49 17 5.77587e-07
49 18 4.0035e-07
49 19 2.72064e-07
49 20 1.81346e-07
49 21 1.1862e-07
49 22 7.61787e-08
49 23 4.80571e-08
49 24 2.97959e-08
49 25 1.81659e-08
49 26 1.08966e-08
49 27 6.434e-09
49 28 3.74159e-09
49 29 2.14405e-09
49 30 1.21125e-09
49 31 6.74929e-10
49 32 3.71118e-10
49 33 2.01459e-10
49 34 1.08012e-10
49 35 5.72187e-11
49 36 2.99612e-11
49 37 1.55129e-11
49 38 7.94498e-12
49 39 4.02629e-12
49 40 2.01962e-12
49 41 1.00304e-12
49 42 4.93377e-13
49 43 2.40423e-13
49 44 1.16099e-13
49 45 5.55724e-14
49 46 2.63761e-14
49 47 1.24211e-14
49 48 5.81636e-15
49 49 2.73436e-15
49 50 1.3476e-15
49 51 8.17082e-16

50 1 4.03032e-06
50 2 3.94572e-06
50 3 3.78167e-06
50 4 3.54794e-06
50 5 3.25811e-06
50 6 2.92821e-06
50 7 2.57541e-06
50 8 2.2165e-06
50 9 1.86658e-06
50 10 1.53811e-06
50 11 1.24028e-06
50 12 9.78785e-07
50 13 7.56076e-07
50 14 5.71806e-07
50 15 4.23497e-07
50 16 3.0726e-07
50 17 2.18456e-07
50 18 1.52263e-07
50 19 1.04083e-07
50 20 6.98078e-08
50 21 4.59595e-08
50 22 2.97168e-08
50 23 1.888e-08
50 24 1.17921e-08
50 25 7.24423e-09
50 26 4.37953e-09
50 27 2.60686e-09
50 28 1.52854e-09
50 29 8.83321e-10
50 30 5.03325e-10
50 31 2.82921e-10
50 32 1.5695e-10
50 33 8.59651e-11
50 34 4.65074e-11
50 35 2.48616e-11
50 36 1.31372e-11
50 37 6.86436e-12
50 38 3.54784e-12
50 39 1.81442e-12
50 40 9.18444e-13
50 41 4.60299e-13
50 42 2.28468e-13
50 43 1.12338e-13
50 44 5.4735e-14
50 45 2.64335e-14
50 46 1.26573e-14
50 47 6.0132e-15
50 48 2.84068e-15
50 49 1.3476e-15
50 50 6.70604e-16
50 51 4.10124e-16

51 1 1.81406e-06
51 2 1.77653e-06
51 3 1.70372e-06
51 4 1.59991e-06
51 5 1.47103e-06
51 6 1.32414e-06
51 7 1.16679e-06
51 8 1.00639e-06
51 9 8.49653e-07
51 10 7.02138e-07
51 11 5.67986e-07
51 12 4.49819e-07
51 13 3.48816e-07
51 14 2.64916e-07
51 15 1.97101e-07
51 16 1.43704e-07
51 17 1.02708e-07
51 18 7.1987e-08
51 19 4.94991e-08
51 20 3.34059e-08
51 21 2.21374e-08
51 22 1.44117e-08
51 23 9.22131e-09
51 24 5.80196e-09
51 25 3.59148e-09
51 26 2.18827e-09
51 27 1.31301e-09
51 28 7.76215e-10
51 29 4.52317e-10
51 30 2.59923e-10
51 31 1.47359e-10
51 32 8.24562e-11
51 33 4.55569e-11
51 34 2.48621e-11
51 35 1.34071e-11
51 36 7.14652e-12
51 37 3.76675e-12
51 38 1.96378e-12
51 39 1.01299e-12
51 40 5.17175e-13
51 41 2.61406e-13
51 42 1.30846e-13
51 43 6.48767e-14
51 44 3.18726e-14
51 45 1.55189e-14
51 46 7.49134e-15
51 47 3.58757e-15
51 48 1.70838e-15
51 49 8.17082e-16
51 50 4.10124e-16
51 51 2.52736e-16

#x #y #phase
1 1 1
1 2 1
1 3 1
1 4 1
1 5 1
1 6 1
1 7 1
1 8 1
1 9 1
1 10 1
1 11 1
1 12 1
1 13 1
1 14 1
1 15 1
1 16 1
1 17 1
1 18 1
1 19 1
1 20 1
1 21 1
1 22 1
1 23 1
1 24 1
1 25 1
1 26 0.999999
1 27 0.999997
1 28 0.999991
1 29 0.999972
1 30 0.999916
1 31 0.999744
1 32 0.99922
1 33 0.997625
1 34 0.992779
1 35 0.978205
1 36 0.935597
1 37 0.820994
1 38 0.578848
1 39 0.295686
1 40 0.121531
1 41 0.0453787
1 42 0.016338
1 43 0.00580542
1 44 0.00205302
1 45 0.000724588
1 46 0.00025541
1 47 8.99107e-05
1 48 3.1608e-05
1 49 1.11278e-05
1 50 4.03032e-06
1 51 1.81406e-06

2 1 1
2 2 1
2 3 1
2 4 1
2 5 1
2 6 1
2 7 1
2 8 1
2 9 1
2 10 1
2 11 1
2 12 1
2 13 1
2 14 1
2 15 1
2 16 1
2 17 1
2 18 1
2 19 1
2 20 1
2 21 1
2 22 1
2 23 1
2 24 1
2 25 1
2 26 0.999999
2 27 0.999997
2 28 0.999991
2 29 0.999971
2 30 0.999913
2 31 0.999736
2 32 0.999195
2 33 0.99755
2 34 0.992557
2 35 0.977557
2 36 0.933789
2 37 0.816589
2 38 0.571523
2 39 0.290011
2 40 0.118835
