#x #y #phase
1 1 1
1 2 1
1 3 1
1 4 1
1 5 1
1 6 1
1 7 1
1 8 1
1 9 1
1 10 1
1 11 1
1 12 1
1 13 1
1 14 1
1 15 1
1 16 1
1 17 1
1 18 1
1 19 1
1 20 1
1 21 1
1 22 1
1 23 1
1 24 1
1 25 0.999999
1 26 0.999998
1 27 0.999994
1 28 0.999982
1 29 0.999946
1 30 0.999836
1 31 0.999499
1 32 0.998473
1 33 0.995356
1 34 0.985934
1 35 0.957932
1 36 0.879111
1 37 0.690648
1 38 0.399712
1 39 0.175945
1 40 0.0675589
1 41 0.0245761
1 42 0.00876481
1 43 0.00310353
1 44 0.0010958
1 45 0.00038629
1 46 0.000135966
1 47 4.77661e-05
1 48 1.67451e-05
1 49 5.87322e-06
1 50 2.1166e-06
1 51 9.46999e-07

2 1 1
2 2 1
2 3 1
2 4 1
2 5 1
2 6 1
2 7 1
2 8 1
2 9 1
2 10 1
2 11 1
2 12 1
2 13 1
2 14 1
2 15 1
2 16 1
2 17 1
2 18 1
2 19 1
2 20 1
2 21 1
2 22 1
2 23 1
2 24 1
2 25 0.999999
2 26 0.999998
2 27 0.999994
2 28 0.999982
2 29 0.999944
2 30 0.99983
2 31 0.999482
2 32 0.998424
2 33 0.995209
2 34 0.985503
2 35 0.956704
2 36 0.875888
2 37 0.684047
2 38 0.392806
2 39 0.172141
2 40 0.0659924
2 41 0.0239976
2 42 0.00855938
2 43 0.00303159
2 44 0.00107074
2 45 0.000377576
2 46 0.000132941
2 47 4.67181e-05
2 48 1.63826e-05
2 49 5.74778e-06
2 50 2.07203e-06
2 51 9.27349e-07

3 1 1
3 2 1
3 3 1
3 4 1
3 5 1
3 6 1
3 7 1
3 8 1
3 9 1
3 10 1
3 11 1
3 12 1
3 13 1
3 14 1
3 15 1
3 16 1
3 17 1
3 18 1
3 19 1
3 20 1
3 21 1
3 22 1
3 23 1
3 24 1
3 25 0.999999
3 26 0.999998
3 27 0.999994
3 28 0.99998
3 29 0.99994
3 30 0.999818
3 31 0.999447
3 32 0.998319
3 33 0.9949
3 34 0.9846
3 35 0.954141
3 36 0.86921
3 37 0.6706
3 38 0.379151
3 39 0.164735
3 40 0.0629584
3 41 0.022879
3 42 0.00816227
3 43 0.00289249
3 44 0.00102225
3 45 0.000360714
3 46 0.000127086
3 47 4.46882e-05
3 48 1.56802e-05
3 49 5.50461e-06
3 50 1.98559e-06
3 51 8.89224e-07

4 1 1
4 2 1
4 3 1
4 4 1
4 5 1
4 6 1
4 7 1
4 8 1
4 9 1
4 10 1
4 11 1
4 12 1
4 13 1
4 14 1
4 15 1
4 16 1
4 17 1
4 18 1
4 19 1
4 20 1
4 21 1
4 22 1
4 23 1
4 24 1
4 25 0.999999
4 26 0.999998
4 27 0.999993
4 28 0.999978
4 29 0.999933
4 30 0.999798
4 31 0.999389
4 32 0.998149
4 33 0.994398
4 34 0.983137
4 35 0.950011
4 36 0.858587
4 37 0.649855
4 38 0.35909
4 39 0.154116
4 40 0.058647
4 41 0.0212936
4 42 0.00759964
4 43 0.00269533
4 44 0.00095349
4 45 0.000336781
4 46 0.000118768
4 47 4.18026e-05
4 48 1.46811e-05
4 49 5.15843e-06
4 50 1.86244e-06
4 51 8.34863e-07

5 1 1
5 2 1
5 3 1
5 4 1
5 5 1
5 6 1
5 7 1
5 8 1
5 9 1
5 10 1
5 11 1
5 12 1
5 13 1
5 14 1
5 15 1
5 16 1
5 17 1
5 18 1
5 19 1
5 20 1
5 21 1
5 22 1
5 23 1
5 24 1
5 25 0.999999
5 26 0.999997
5 27 0.999992
5 28 0.999975
5 29 0.999923
5 30 0.999769
5 31 0.999303
5 32 0.997894
5 33 0.99365
5 34 0.980965
5 35 0.943927
5 36 0.84324
5 37 0.621254
5 38 0.333217
5 39 0.140854
5 40 0.0533226
5 41 0.0193421
5 42 0.00690739
5 43 0.00245261
5 44 0.000868752
5 45 0.000307256
5 46 0.000108497
5 47 3.82354e-05
5 48 1.34446e-05
5 49 4.72959e-06
5 50 1.70973e-06
5 51 7.67376e-07

6 1 1
6 2 1
6 3 1
6 4 1
6 5 1
6 6 1
6 7 1
6 8 1
6 9 1
6 10 1
6 11 1
6 12 1
6 13 1
6 14 1
6 15 1
6 16 1
6 17 1
6 18 1
6 19 1
6 20 1
6 21 1
6 22 1
6 23 1
6 24 1
6 25 0.999999
6 26 0.999997
6 27 0.99999
6 28 0.99997
6 29 0.999909
6 30 0.999726
6 31 0.999176
6 32 0.997525
6 33 0.992572
6 34 0.977851
6 35 0.935296
6 36 0.822041
6 37 0.584308
6 38 0.302431
6 39 0.125656
6 40 0.0473011
6 41 0.0171433
6 42 0.00612761
6 43 0.00217896
6 44 0.000773096
6 45 0.000273882
6 46 9.68699e-05
6 47 3.41919e-05
6 48 1.20411e-05
6 49 4.2422e-06
6 50 1.53592e-06
6 51 6.90462e-07

7 1 1
7 2 1
7 3 1
7 4 1
7 5 1
7 6 1
7 7 1
7 8 1
7 9 1
7 10 1
7 11 1
7 12 1
7 13 1
7 14 1
7 15 0.999999
7 16 1
7 17 0.999999
7 18 1
7 19 0.999999
7 20 1
7 21 1
7 22 1
7 23 1
7 24 1
7 25 0.999999
7 26 0.999996
7 27 0.999987
7 28 0.999962
7 29 0.999887
7 30 0.999663
7 31 0.998994
7 32 0.996994
7 33 0.991032
7 34 0.973439
7 35 0.923241
7 36 0.793472
7 37 0.538867
7 38 0.267962
7 39 0.109324
7 40 0.0409206
7 41 0.0148221
7 42 0.00530452
7 43 0.00188977
7 44 0.000671843
7 45 0.000238494
7 46 8.45204e-05
7 47 2.98898e-05
7 48 1.05454e-05
7 49 3.72196e-06
7 50 1.35009e-06
7 51 6.08086e-07

8 1 1
8 2 1
8 3 1
8 4 1
8 5 1
8 6 1
8 7 1
8 8 1
8 9 1
8 10 1
8 11 1
8 12 1
8 13 1
8 14 0.999999
8 15 1
8 16 0.999999
8 17 1
8 18 0.999999
8 19 1
8 20 0.999999
8 21 1
8 22 0.999999
8 23 1
8 24 0.999999
8 25 0.999998
8 26 0.999994
8 27 0.999983
8 28 0.999951
8 29 0.999855
8 30 0.999572
8 31 0.99873
8 32 0.99623
8 33 0.988828
8 34 0.967194
8 35 0.906502
8 36 0.75564
8 37 0.485454
8 38 0.231339
8 39 0.0926853
8 40 0.0345108
8 41 0.0124984
8 42 0.00448033
8 43 0.00159974
8 44 0.0005701
8 45 0.000202861
8 46 7.20598e-05
8 47 2.55404e-05
8 48 9.03034e-06
8 49 3.19396e-06
8 50 1.16111e-06
8 51 5.24145e-07

9 1 1
9 2 1
9 3 1
9 4 1
9 5 1
9 6 1
9 7 1
9 8 1
9 9 1
9 10 1
9 11 0.999999
9 12 1
9 13 0.999999
9 14 1
9 15 0.999998
9 16 1
9 17 0.999998
9 18 1
9 19 0.999998
9 20 1
9 21 0.999999
9 22 1
9 23 0.999999
9 24 1
9 25 0.999997
9 26 0.999992
9 27 0.999978
9 28 0.999935
9 29 0.999808
9 30 0.999436
9 31 0.998341
9 32 0.995114
9 33 0.985644
9 34 0.958301
9 35 0.883313
9 36 0.706506
9 37 0.425545
9 38 0.194274
9 39 0.0765192
9 40 0.0283648
9 41 0.0102768
9 42 0.0036918
9 43 0.00132171
9 44 0.000472339
9 45 0.00016854
9 46 6.00287e-05
9 47 2.1331e-05
9 48 7.56076e-06
9 49 2.68067e-06
9 50 9.76986e-07
9 51 4.42166e-07

10 1 1
10 2 1
10 3 1
10 4 1
10 5 1
10 6 1
10 7 1
10 8 1
10 9 1
10 10 0.999999
10 11 1
10 12 0.999999
10 13 1
10 14 0.999998
10 15 1
10 16 0.999997
10 17 1
10 18 0.999997
10 19 1
10 20 0.999997
10 21 1
10 22 0.999998
10 23 1
10 24 0.999998
10 25 0.999997
10 26 0.999989
10 27 0.999969
10 28 0.999909
10 29 0.999736
10 30 0.999232
10 31 0.99776
10 32 0.993462
10 33 0.980983
10 34 0.945521
10 35 0.851272
10 36 0.644504
10 37 0.36166
10 38 0.158481
10 39 0.0614854
10 40 0.0227158
10 41 0.00823916
10 42 0.00296764
10 43 0.00106577
10 44 0.000382093
10 45 0.000136768
10 46 4.88607e-05
10 47 1.74132e-05
10 48 6.18942e-06
10 49 2.2005e-06
10 50 8.04285e-07
10 51 3.6507e-07

11 1 1
11 2 1
11 3 1
11 4 1
11 5 1
11 6 1
11 7 1
11 8 1
11 9 0.999999
11 10 1
11 11 0.999999
11 12 1
11 13 0.999997
11 14 1
11 15 0.999996
11 16 1
11 17 0.999995
11 18 1.00001
11 19 0.999995
11 20 1
11 21 0.999996
11 22 1
11 23 0.999997
11 24 0.999999
11 25 0.999993
11 26 0.999985
11 27 0.999954
11 28 0.999869
11 29 0.999625
11 30 0.998919
11 31 0.996877
11 32 0.990973
11 33 0.974052
11 34 0.926976
11 35 0.807255
11 36 0.569602
11 37 0.297127
11 38 0.12547
11 39 0.0480714
11 40 0.0177239
11 41 0.00644058
11 42 0.00232723
11 43 0.000838769
11 44 0.0003018
11 45 0.000108409
11 46 3.88614e-05
11 47 1.38948e-05
11 48 4.95434e-06
11 49 1.76682e-06
11 50 6.47845e-07
11 51 2.95024e-07

12 1 1
12 2 1
12 3 1
12 4 1
12 5 1
12 6 1
12 7 1
12 8 1
12 9 1
12 10 0.999999
12 11 1
12 12 0.999997
12 13 1
12 14 0.999995
12 15 1.00001
12 16 0.999993
12 17 1.00001
12 18 0.999993
12 19 1.00001
12 20 0.999994
12 21 1.00001
12 22 0.999995
12 23 1
12 24 0.999995
12 25 0.999993
12 26 0.999975
12 27 0.999932
12 28 0.999805
12 29 0.999448
12 30 0.998427
12 31 0.995504
12 32 0.987154
12 33 0.963597
12 34 0.899886
12 35 0.747628
12 36 0.484378
12 37 0.235519
12 38 0.0963613
12 39 0.0365665
12 40 0.013474
12 41 0.00490931
12 42 0.00178059
12 43 0.000644353
12 44 0.000232783
12 45 8.3946e-05
12 46 3.02056e-05
12 47 1.0839e-05
12 48 3.87816e-06
12 49 1.38774e-06
12 50 5.10657e-07
12 51 2.33394e-07

13 1 1
13 2 1
13 3 1
13 4 1
13 5 1
13 6 1
13 7 1
13 8 1
13 9 0.999999
13 10 1
13 11 0.999997
13 12 1
13 13 0.999995
13 14 1.00001
13 15 0.999992
13 16 1.00001
13 17 0.99999
13 18 1.00001
13 19 0.99999
13 20 1.00001
13 21 0.999992
13 22 1.00001
13 23 0.999994
13 24 0.999998
13 25 0.999984
13 26 0.999962
13 27 0.999892
13 28 0.999701
13 29 0.99916
13 30 0.997636
13 31 0.993325
13 32 0.981181
13 33 0.94762
13 34 0.860353
13 35 0.669381
13 36 0.394222
13 37 0.179966
13 38 0.0717921
13 39 0.0270657
13 40 0.00998166
13 41 0.00364957
13 42 0.00132943
13 43 0.000483262
13 44 0.000175366
13 45 6.35131e-05
13 46 2.2948e-05
13 47 8.26723e-06
13 48 2.96925e-06
13 49 1.06647e-06
13 50 3.93972e-07
13 51 1.80782e-07

14 1 1
14 2 1
14 3 1
14 4 1
14 5 1
14 6 1
14 7 1
14 8 0.999999
14 9 1
14 10 0.999998
14 11 1
14 12 0.999995
14 13 1.00001
14 14 0.999991
14 15 1.00001
14 16 0.999988
14 17 1.00001
14 18 0.999987
14 19 1.00001
14 20 0.999989
14 21 1.00001
14 22 0.999992
14 23 1
14 24 0.999987
14 25 0.999979
14 26 0.999935
14 27 0.999828
14 28 0.999523
14 29 0.998682
14 30 0.996336
14 31 0.989792
14 32 0.971672
14 33 0.922975
14 34 0.803385
14 35 0.572702
14 36 0.306164
14 37 0.132594
14 38 0.0519083
14 39 0.0195
14 40 0.00720774
14 41 0.00264666
14 42 0.000968828
14 43 0.000353937
14 44 0.000129063
14 45 4.69635e-05
14 46 1.70448e-05
14 47 6.16698e-06
14 48 2.22409e-06
14 49 8.02079e-07
14 50 2.97566e-07
14 51 1.37138e-07

15 1 1
15 2 1
15 3 1
15 4 1
15 5 1
15 6 1
15 7 0.999999
15 8 1
15 9 0.999998
15 10 1
15 11 0.999996
15 12 1.00001
15 13 0.999992
15 14 1.00001
15 15 0.999988
15 16 1.00001
15 17 0.999985
15 18 1.00001
15 19 0.999986
15 20 1.00001
15 21 0.999988
15 22 1.00001
15 23 0.999988
15 24 0.999989
15 25 0.999957
15 26 0.999894
15 27 0.99971
15 28 0.999218
15 29 0.997866
15 30 0.994151
15 31 0.983947
15 32 0.956306
15 33 0.884888
15 34 0.72371
15 35 0.463584
15 36 0.226809
15 37 0.0942938
15 38 0.0364495
15 39 0.0136814
15 40 0.00507508
15 41 0.00187298
15 42 0.000689359
15 43 0.000253213
15 44 9.28236e-05
15 45 3.39484e-05
15 46 1.2381e-05
15 47 4.5004e-06
15 48 1.6303e-06
15 49 5.90527e-07
15 50 2.20094e-07
15 51 1.01912e-07

16 1 1
16 2 1
16 3 1
16 4 1
16 5 1
16 6 1
16 7 1
16 8 0.999999
16 9 1
16 10 0.999997
16 11 1
16 12 0.999993
16 13 1.00001
16 14 0.999988
16 15 1.00001
16 16 0.999984
16 17 1.00002
16 18 0.999983
16 19 1.00002
16 20 0.999985
16 21 1.00001
16 22 0.999986
16 23 0.999996
16 24 0.999968
16 25 0.999932
16 26 0.999811
16 27 0.999505
16 28 0.998676
16 29 0.996443
16 30 0.990395
16 31 0.974104
16 32 0.931259
16 33 0.826798
16 34 0.61886
16 35 0.353166
16 36 0.160559
16 37 0.064828
16 38 0.0248792
16 39 0.00935314
16 40 0.00348602
16 41 0.00129396
16 42 0.000479101
16 43 0.000177021
16 44 6.5263e-05
16 45 2.3999e-05
16 46 8.7981e-06
16 47 3.21397e-06
16 48 1.16987e-06
16 49 4.25754e-07
16 50 1.59473e-07
16 51 7.42172e-08

17 1 1
17 2 1
17 3 1
17 4 1
17 5 1
17 6 1
17 7 0.999999
17 8 1
17 9 0.999998
17 10 1
17 11 0.999995
17 12 1.00001
17 13 0.99999
17 14 1.00001
17 15 0.999985
17 16 1.00002
17 17 0.999982
17 18 1.00002
17 19 0.999983
17 20 1.00001
17 21 0.999984
17 22 1
17 23 0.999972
17 24 0.999953
17 25 0.999866
17 26 0.999665
17 27 0.999121
17 28 0.997695
17 29 0.993901
17 30 0.983815
17 31 0.957296
17 32 0.890477
17 33 0.74141
17 34 0.494603
17 35 0.253264
17 36 0.108955
17 37 0.0431706
17 38 0.0165242
17 39 0.00623455
17 40 0.00233716
17 41 0.000873104
17 42 0.000325375
17 43 0.000120983
17 44 4.48753e-05
17 45 1.6598e-05
17 46 6.11869e-06
17 47 2.24704e-06
17 48 8.22102e-07
17 49 3.00703e-07
17 50 1.13234e-07
17 51 5.29849e-08

18 1 1
18 2 1
18 3 1
18 4 1
18 5 1
18 6 1
18 7 1
18 8 0.999999
18 9 1
18 10 0.999997
18 11 1.00001
18 12 0.999993
18 13 1.00001
18 14 0.999987
18 15 1.00001
18 16 0.999983
18 17 1.00002
18 18 0.999982
18 19 1.00002
18 20 0.999983
18 21 1.00001
18 22 0.999974
18 23 0.999967
18 24 0.999897
18 25 0.999756
18 26 0.999374
18 27 0.998404
18 28 0.995874
18 29 0.989272
18 30 0.972094
18 31 0.928436
18 32 0.825364
18 33 0.624843
18 34 0.366434
18 35 0.17172
18 36 0.0711465
18 37 0.0279011
18 38 0.0106908
18 39 0.00405497
18 40 0.00153028
18 41 0.0005757
18 42 0.000216039
18 43 8.08718e-05
18 44 3.01913e-05
18 45 1.12358e-05
18 46 4.16634e-06
18 47 1.53867e-06
18 48 5.65994e-07
18 49 2.08139e-07
18 50 7.88238e-08
18 51 3.70973e-08

19 1 1
19 2 1
19 3 1
19 4 1
19 5 1
19 6 1
19 7 0.999999
19 8 1
19 9 0.999998
19 10 1
19 11 0.999995
19 12 1.00001
19 13 0.99999
19 14 1.00001
19 15 0.999986
19 16 1.00002
19 17 0.999983
19 18 1.00002
19 19 0.999982
19 20 1.00001
19 21 0.999975
19 22 0.999975
19 23 0.999913
19 24 0.99981
19 25 0.99952
19 26 0.998815
19 27 0.997016
19 28 0.992427
19 29 0.980687
19 30 0.951012
19 31 0.879317
19 32 0.726649
19 33 0.484881
19 34 0.252061
19 35 0.110806
19 36 0.0448755
19 37 0.0175347
19 38 0.0067451
19 39 0.00257538
19 40 0.000979173
19 41 0.000371165
19 42 0.000140318
19 43 5.29017e-05
19 44 1.98842e-05
19 45 7.44813e-06
19 46 2.77895e-06
19 47 1.03238e-06
19 48 3.81936e-07
19 49 1.41253e-07
19 50 5.38166e-08
19 51 2.54837e-08

20 1 1
20 2 1
20 3 1
20 4 1
20 5 1
20 6 1
20 7 1
20 8 0.999999
20 9 1
20 10 0.999997
20 11 1
20 12 0.999994
20 13 1.00001
20 14 0.999989
20 15 1.00001
20 16 0.999985
20 17 1.00001
20 18 0.999983
20 19 1.00001
20 20 0.999975
20 21 0.999978
20 22 0.999922
20 23 0.999839
20 24 0.999604
20 25 0.999055
20 26 0.997687
20 27 0.99429
20 28 0.985781
20 29 0.964578
20 30 0.913175
20 31 0.7986
20 32 0.591459
20 33 0.343362
20 34 0.162357
20 35 0.068516
20 36 0.0274371
20 37 0.0107347
20 38 0.00415451
20 39 0.00159852
20 40 0.000612711
20 41 0.000234129
20 42 8.92047e-05
20 43 3.38838e-05
20 44 1.28271e-05
20 45 4.83743e-06
20 46 1.81659e-06
20 47 6.79061e-07
20 48 2.52738e-07
20 49 9.40318e-08
20 50 3.60541e-08
20 51 1.71833e-08

21 1 1
21 2 1
21 3 1
21 4 1
21 5 1
21 6 1
21 7 1
21 8 1
21 9 0.999999
21 10 1
21 11 0.999996
21 12 1.00001
21 13 0.999992
21 14 1.00001
21 15 0.999988
21 16 1.00001
21 17 0.999984
21 18 1.00001
21 19 0.999975
21 20 0.999978
21 21 0.999924
21 22 0.999853
21 23 0.999646
21 24 0.999189
21 25 0.998075
21 26 0.99539
21 27 0.988829
21 28 0.972804
21 29 0.934293
21 30 0.846904
21 31 0.676248
21 32 0.434969
21 33 0.223192
21 34 0.0990029
21 35 0.0408525
21 36 0.0163102
21 37 0.00641218
21 38 0.00250075
21 39 0.000970469
21 40 0.000375216
21 41 0.000144597
21 42 5.55439e-05
21 43 2.12632e-05
21 44 8.10944e-06
21 45 3.07997e-06
21 46 1.16444e-06
21 47 4.38105e-07
21 48 1.64085e-07
21 49 6.14324e-08
21 50 2.37126e-08
21 51 1.13783e-08

22 1 1
22 2 1
22 3 1
22 4 1
22 5 1
22 6 1
22 7 1
22 8 0.999999
22 9 1
22 10 0.999998
22 11 1
22 12 0.999995
22 13 1.00001
22 14 0.999992
22 15 1.00001
22 16 0.999986
22 17 1
22 18 0.999974
22 19 0.999975
22 20 0.999922
22 21 0.999853
22 22 0.999659
22 23 0.999249
22 24 0.998276
22 25 0.996006
22 26 0.990611
22 27 0.977752
22 28 0.947362
22 29 0.878372
22 30 0.738177
22 31 0.516603
22 32 0.287906
22 33 0.135108
22 34 0.0577487
22 35 0.0236093
22 36 0.00945112
22 37 0.00374272
22 38 0.00147263
22 39 0.00057678
22 40 0.000225047
22 41 8.74969e-05
22 42 3.38964e-05
22 43 1.30815e-05
22 44 5.02761e-06
22 45 1.92351e-06
22 46 7.32317e-07
22 47 2.77382e-07
22 48 1.04571e-07
22 49 3.94082e-08
22 50 1.53182e-08
22 51 7.40255e-09

23 1 1
23 2 1
23 3 1
23 4 1
23 5 1
23 6 1
23 7 1
23 8 1
23 9 0.999999
23 10 1
23 11 0.999997
23 12 1
23 13 0.999994
23 14 1
23 15 0.999988
23 16 0.999996
23 17 0.999972
23 18 0.999967
23 19 0.999913
23 20 0.999839
23 21 0.999646
23 22 0.999249
23 23 0.998339
23 24 0.996284
23 25 0.991547
23 26 0.980563
23 27 0.955181
23 28 0.898198
23 29 0.780672
23 30 0.582075
23 31 0.349722
23 32 0.174047
23 33 0.077369
23 34 0.0324962
23 35 0.0132787
23 36 0.0053498
23 37 0.00213759
23 38 0.000849261
23 39 0.000335884
23 40 0.000132307
23 41 5.19136e-05
23 42 2.02882e-05
23 43 7.89528e-06
23 44 3.05851e-06
23 45 1.17901e-06
23 46 4.52118e-07
23 47 1.72445e-07
23 48 6.54534e-08
23 49 2.48352e-08
23 50 9.72429e-09
23 51 4.73404e-09

24 1 1
24 2 1
24 3 1
24 4 1
24 5 1
24 6 1
24 7 1
24 8 0.999999
24 9 1
24 10 0.999998
24 11 0.999999
24 12 0.999995
24 13 0.999998
24 14 0.999987
24 15 0.999989
24 16 0.999968
24 17 0.999953
24 18 0.999897
24 19 0.99981
24 20 0.999604
24 21 0.999189
24 22 0.998276
24 23 0.996284
24 24 0.991838
24 25 0.981838
24 26 0.95934
24 27 0.909793
24 28 0.807837
24 29 0.62964
24 30 0.40252
24 31 0.211911
24 32 0.0981551
24 33 0.042465
24 34 0.0177539
24 35 0.00729137
24 36 0.00296353
24 37 0.00119609
24 38 0.000480126
24 39 0.000191828
24 40 7.63081e-05
24 41 3.02244e-05
24 42 1.19184e-05
24 43 4.67789e-06
24 44 1.8269e-06
24 45 7.09703e-07
24 46 2.74175e-07
24 47 1.05326e-07
24 48 4.02593e-08
24 49 1.53841e-08
24 50 6.0695e-09
24 51 2.97743e-09

25 1 0.999999
25 2 0.999999
25 3 0.999999
25 4 0.999999
25 5 0.999999
25 6 0.999999
25 7 0.999999
25 8 0.999998
25 9 0.999997
25 10 0.999997
25 11 0.999993
25 12 0.999993
25 13 0.999984
25 14 0.999979
25 15 0.999957
25 16 0.999932
25 17 0.999866
25 18 0.999756
25 19 0.99952
25 20 0.999055
25 21 0.998075
25 22 0.996006
25 23 0.991547
25 24 0.981838
25 25 0.960644
25 26 0.915141
25 27 0.822866
25 28 0.6601
25 29 0.442143
25 30 0.244527
25 31 0.117924
25 32 0.0526271
25 33 0.022556
25 34 0.00946111
25 35 0.00391842
25 36 0.00160908
25 37 0.000656477
25 38 0.000266364
25 39 0.00010754
25 40 4.32112e-05
25 41 1.72806e-05
25 42 6.87691e-06
25 43 2.72269e-06
25 44 1.07214e-06
25 45 4.19794e-07
25 46 1.6341e-07
25 47 6.32382e-08
25 48 2.43474e-08
25 49 9.37195e-09
25 50 3.72662e-09
25 51 1.84256e-09

26 1 0.999998
26 2 0.999998
26 3 0.999998
26 4 0.999998
26 5 0.999997
26 6 0.999997
26 7 0.999996
26 8 0.999994
26 9 0.999992
26 10 0.999989
26 11 0.999985
26 12 0.999975
26 13 0.999962
26 14 0.999935
26 15 0.999894
26 16 0.999811
26 17 0.999665
26 18 0.999374
26 19 0.998815
26 20 0.997687
26 21 0.99539
26 22 0.990611
26 23 0.980563
26 24 0.95934
26 25 0.915141
26 26 0.827667
26 27 0.674868
26 28 0.466447
26 29 0.268323
26 30 0.134269
26 31 0.0618186
26 32 0.0271999
26 33 0.0116724
26 34 0.00493448
26 35 0.002065
26 36 0.000857527
26 37 0.00035382
26 38 0.000145154
26 39 5.92319e-05
26 40 2.40448e-05
26 41 9.70992e-06
26 42 3.90008e-06
26 43 1.55776e-06
26 44 6.18571e-07
26 45 2.4415e-07
26 46 9.57759e-08
26 47 3.73446e-08
26 48 1.44853e-08
26 49 5.61786e-09
26 50 2.25198e-09
26 51 1.12249e-09

27 1 0.999994
27 2 0.999994
27 3 0.999994
27 4 0.999993
27 5 0.999992
27 6 0.99999
27 7 0.999987
27 8 0.999983
27 9 0.999978
27 10 0.999969
27 11 0.999954
27 12 0.999932
27 13 0.999892
27 14 0.999828
27 15 0.99971
27 16 0.999505
27 17 0.999121
27 18 0.998404
27 19 0.997016
27 20 0.99429
27 21 0.988829
27 22 0.977752
27 23 0.955181
27 24 0.909793
27 25 0.822866
27 26 0.674868
27 27 0.47461
27 28 0.280831
27 29 0.145051
27 30 0.0688162
27 31 0.0311068
27 32 0.0136769
27 33 0.00591136
27 34 0.00252507
27 35 0.00106892
27 36 0.000449121
27 37 0.000187464
27 38 7.77745e-05
27 39 3.2081e-05
27 40 1.31581e-05
27 41 5.36602e-06
27 42 2.17552e-06
27 43 8.76676e-07
27 44 3.51077e-07
27 45 1.397e-07
27 46 5.52346e-08
27 47 2.17032e-08
27 48 8.48256e-09
27 49 3.3153e-09
27 50 1.34005e-09
27 51 6.73487e-10

28 1 0.999982
28 2 0.999982
28 3 0.99998
28 4 0.999978
28 5 0.999975
28 6 0.99997
28 7 0.999962
28 8 0.999951
28 9 0.999935
28 10 0.999909
28 11 0.999869
28 12 0.999805
28 13 0.999701
28 14 0.999523
28 15 0.999218
28 16 0.998676
28 17 0.997695
28 18 0.995874
28 19 0.992427
28 20 0.985781
28 21 0.972804
28 22 0.947362
28 23 0.898198
28 24 0.807837
28 25 0.6601
28 26 0.466447
28 27 0.280831
28 28 0.148816
28 29 0.072603
28 30 0.0337213
28 31 0.0152078
28 32 0.00673023
28 33 0.002939
28 34 0.0012702
28 35 0.000544247
28 36 0.000231435
28 37 9.77387e-05
28 38 4.10105e-05
28 39 1.71007e-05
28 40 7.08678e-06
28 41 2.91863e-06
28 42 1.19439e-06
28 43 4.85609e-07
28 44 1.96132e-07
28 45 7.86878e-08
28 46 3.1361e-08
28 47 1.24195e-08
28 48 4.89196e-09
28 49 1.92712e-09
28 50 7.8559e-10
28 51 3.98165e-10

29 1 0.999946
29 2 0.999944
29 3 0.99994
29 4 0.999933
29 5 0.999923
29 6 0.999909
29 7 0.999887
29 8 0.999855
29 9 0.999808
29 10 0.999736
29 11 0.999625
29 12 0.999448
29 13 0.99916
29 14 0.998682
29 15 0.997866
29 16 0.996443
29 17 0.993901
29 18 0.989272
29 19 0.980687
29 20 0.964578
29 21 0.934293
29 22 0.878372
29 23 0.780672
29 24 0.62964
29 25 0.442143
29 26 0.268323
29 27 0.145051
29 28 0.072603
29 29 0.0346416
29 30 0.0160385
29 31 0.00727715
29 32 0.0032535
29 33 0.0014377
29 34 0.000629091
29 35 0.000272902
29 36 0.000117463
29 37 5.01929e-05
29 38 2.13e-05
29 39 8.97826e-06
29 40 3.75925e-06
29 41 1.56345e-06
29 42 6.45801e-07
29 43 2.64914e-07
29 44 1.07914e-07
29 45 4.36551e-08
29 46 1.754e-08
29 47 7.00167e-09
29 48 2.77985e-09
29 49 1.10395e-09
29 50 4.53938e-10
29 51 2.32048e-10

30 1 0.999836
30 2 0.99983
30 3 0.999818
30 4 0.999798
30 5 0.999769
30 6 0.999726
30 7 0.999663
30 8 0.999572
30 9 0.999436
30 10 0.999232
30 11 0.998919
30 12 0.998427
30 13 0.997636
30 14 0.996336
30 15 0.994151
30 16 0.990395
30 17 0.983815
30 18 0.972094
30 19 0.951012
30 20 0.913175
30 21 0.846904
30 22 0.738177
30 23 0.582075
30 24 0.40252
30 25 0.244527
30 26 0.134269
30 27 0.0688162
30 28 0.0337213
30 29 0.0160385
30 30 0.00746952
30 31 0.00342364
30 32 0.00154902
30 33 0.000693149
30 34 0.000307155
30 35 0.000134913
30 36 5.87771e-05
30 37 2.54112e-05
30 38 1.09052e-05
30 39 4.64622e-06
30 40 1.96535e-06
30 41 8.25354e-07
30 42 3.44095e-07
30 43 1.4241e-07
30 44 5.85111e-08
30 45 2.38681e-08
30 46 9.66862e-09
30 47 3.89087e-09
30 48 1.55727e-09
30 49 6.23519e-10
30 50 2.58656e-10
30 51 1.33371e-10

31 1 0.999499
31 2 0.999482
31 3 0.999447
31 4 0.999389
31 5 0.999303
31 6 0.999176
31 7 0.998994
31 8 0.99873
31 9 0.998341
31 10 0.99776
31 11 0.996877
31 12 0.995504
31 13 0.993325
31 14 0.989792
31 15 0.983947
31 16 0.974104
31 17 0.957296
31 18 0.928436
31 19 0.879317
31 20 0.7986
31 21 0.676248
31 22 0.516603
31 23 0.349722
31 24 0.211911
31 25 0.117924
31 26 0.0618186
31 27 0.0311068
31 28 0.0152078
31 29 0.00727715
31 30 0.00342364
31 31 0.00158808
31 32 0.00072767
31 33 0.000329807
31 34 0.000148009
31 35 6.58202e-05
31 36 2.90217e-05
31 37 1.26928e-05
31 38 5.50769e-06
31 39 2.37149e-06
31 40 1.01328e-06
31 41 4.29633e-07
31 42 1.8077e-07
31 43 7.54798e-08
31 44 3.12794e-08
31 45 1.28672e-08
31 46 5.2556e-09
31 47 2.13236e-09
31 48 8.60442e-10
31 49 3.4739e-10
31 50 1.45401e-10
31 51 7.56308e-11

32 1 0.998473
32 2 0.998424
32 3 0.998319
32 4 0.998149
32 5 0.997894
32 6 0.997525
32 7 0.996994
32 8 0.99623
32 9 0.995114
32 10 0.993462
32 11 0.990973
32 12 0.987154
32 13 0.981181
32 14 0.971672
32 15 0.956306
32 16 0.931259
32 17 0.890477
32 18 0.825364
32 19 0.726649
32 20 0.591459
32 21 0.434969
32 22 0.287906
32 23 0.174047
32 24 0.0981551
32 25 0.0526271
32 26 0.0271999
32 27 0.0136769
32 28 0.00673023
32 29 0.0032535
32 30 0.00154902
32 31 0.00072767
32 32 0.000337735
32 33 0.000155041
32 34 7.04567e-05
32 35 3.1717e-05
32 36 1.41507e-05
32 37 6.25943e-06
32 38 2.74574e-06
32 39 1.19456e-06
32 40 5.15478e-07
32 41 2.20641e-07
32 42 9.36846e-08
32 43 3.94641e-08
32 44 1.64955e-08
32 45 6.84322e-09
32 46 2.81853e-09
32 47 1.15306e-09
32 48 4.69138e-10
32 49 1.91006e-10
32 50 8.06706e-11
32 51 4.23311e-11

33 1 0.995356
33 2 0.995209
33 3 0.9949
33 4 0.994398
33 5 0.99365
33 6 0.992572
33 7 0.991032
33 8 0.988828
33 9 0.985644
33 10 0.980983
33 11 0.974052
33 12 0.963597
33 13 0.94762
33 14 0.922975
33 15 0.884888
33 16 0.826798
33 17 0.74141
33 18 0.624843
33 19 0.484881
33 20 0.343362
33 21 0.223192
33 22 0.135108
33 23 0.077369
33 24 0.042465
33 25 0.022556
33 26 0.0116724
33 27 0.00591136
33 28 0.002939
33 29 0.0014377
33 30 0.000693149
33 31 0.000329807
33 32 0.000155041
33 33 7.20756e-05
33 34 3.31596e-05
33 35 1.51066e-05
33 36 6.81801e-06
33 37 3.04943e-06
33 38 1.35189e-06
33 39 5.94135e-07
33 40 2.5888e-07
33 41 1.11847e-07
33 42 4.79206e-08
33 43 2.03644e-08
33 44 8.58572e-09
33 45 3.59221e-09
33 46 1.49202e-09
33 47 6.15504e-10
33 48 2.5252e-10
33 49 1.03687e-10
33 50 4.4192e-11
33 51 2.33945e-11

34 1 0.985934
34 2 0.985503
34 3 0.9846
34 4 0.983137
34 5 0.980965
34 6 0.977851
34 7 0.973439
34 8 0.967194
34 9 0.958301
34 10 0.945521
34 11 0.926976
34 12 0.899886
34 13 0.860353
34 14 0.803385
34 15 0.72371
34 16 0.61886
34 17 0.494603
34 18 0.366434
34 19 0.252061
34 20 0.162357
34 21 0.0990029
34 22 0.0577487
34 23 0.0324962
34 24 0.0177539
34 25 0.00946111
34 26 0.00493448
34 27 0.00252507
34 28 0.0012702
34 29 0.000629091
34 30 0.000307155
34 31 0.000148009
34 32 7.04567e-05
34 33 3.31596e-05
34 34 1.54397e-05
34 35 7.11612e-06
34 36 3.24784e-06
34 37 1.46833e-06
34 38 6.57685e-07
34 39 2.91912e-07
34 40 1.28408e-07
34 41 5.599e-08
34 42 2.42044e-08
34 43 1.03765e-08
34 44 4.41269e-09
34 45 1.86207e-09
34 46 7.79983e-10
34 47 3.24481e-10
34 48 1.34244e-10
34 49 5.55944e-11
34 50 2.39122e-11
34 51 1.27708e-11

35 1 0.957932
35 2 0.956704
35 3 0.954141
35 4 0.950011
35 5 0.943927
35 6 0.935296
35 7 0.923241
35 8 0.906502
35 9 0.883313
35 10 0.851272
35 11 0.807255
35 12 0.747628
35 13 0.669381
35 14 0.572702
35 15 0.463584
35 16 0.353166
35 17 0.253264
35 18 0.17172
35 19 0.110806
35 20 0.068516
35 21 0.0408525
35 22 0.0236093
35 23 0.0132787
35 24 0.00729137
35 25 0.00391842
35 26 0.002065
35 27 0.00106892
35 28 0.000544247
35 29 0.000272902
35 30 0.000134913
35 31 6.58202e-05
35 32 3.1717e-05
35 33 1.51066e-05
35 34 7.11612e-06
35 35 3.31687e-06
35 36 1.53032e-06
35 37 6.99083e-07
35 38 3.16278e-07
35 39 1.41739e-07
35 40 6.29332e-08
35 41 2.76911e-08
35 42 1.20777e-08
35 43 5.22324e-09
35 44 2.24053e-09
35 45 9.53596e-10
35 46 4.02852e-10
35 47 1.69011e-10
35 48 7.05141e-11
35 49 2.94533e-11
35 50 1.27852e-11
35 51 6.88865e-12

36 1 0.879111
36 2 0.875888
36 3 0.86921
36 4 0.858587
36 5 0.84324
36 6 0.822041
36 7 0.793472
36 8 0.75564
36 9 0.706506
36 10 0.644504
36 11 0.569602
36 12 0.484378
36 13 0.394222
36 14 0.306164
36 15 0.226809
36 16 0.160559
36 17 0.108955
36 18 0.0711465
36 19 0.0448755
36 20 0.0274371
36 21 0.0163102
36 22 0.00945112
36 23 0.0053498
36 24 0.00296353
36 25 0.00160908
36 26 0.000857527
36 27 0.000449121
36 28 0.000231435
36 29 0.000117463
36 30 5.87771e-05
36 31 2.90217e-05
36 32 1.41507e-05
36 33 6.81801e-06
36 34 3.24784e-06
36 35 1.53032e-06
36 36 7.13463e-07
36 37 3.29223e-07
36 38 1.50401e-07
36 39 6.80399e-08
36 40 3.04887e-08
36 41 1.35364e-08
36 42 5.95644e-09
36 43 2.5986e-09
36 44 1.12438e-09
36 45 4.82679e-10
36 46 2.05656e-10
36 47 8.70135e-11
36 48 3.66108e-11
36 49 1.54239e-11
36 50 6.75714e-12
36 51 3.67287e-12

37 1 0.690648
37 2 0.684047
37 3 0.6706
37 4 0.649855
37 5 0.621254
37 6 0.584308
37 7 0.538867
37 8 0.485454
37 9 0.425545
37 10 0.36166
37 11 0.297127
37 12 0.235519
37 13 0.179966
37 14 0.132594
37 15 0.0942938
37 16 0.064828
37 17 0.0431706
37 18 0.0279011
37 19 0.0175347
37 20 0.0107347
37 21 0.00641218
37 22 0.00374272
37 23 0.00213759
37 24 0.00119609
37 25 0.000656477
37 26 0.00035382
37 27 0.000187464
37 28 9.77387e-05
37 29 5.01929e-05
37 30 2.54112e-05
37 31 1.26928e-05
37 32 6.25943e-06
37 33 3.04943e-06
37 34 1.46833e-06
37 35 6.99083e-07
37 36 3.29223e-07
37 37 1.53406e-07
37 38 7.07485e-08
37 39 3.23028e-08
37 40 1.46065e-08
37 41 6.54305e-09
37 42 2.90464e-09
37 43 1.27832e-09
37 44 5.57927e-10
37 45 2.4158e-10
37 46 1.03813e-10
37 47 4.42966e-11
37 48 1.87955e-11
37 49 7.98673e-12
37 50 3.53129e-12
37 51 1.93632e-12

38 1 0.399712
38 2 0.392806
38 3 0.379151
38 4 0.35909
38 5 0.333217
38 6 0.302431
38 7 0.267962
38 8 0.231339
38 9 0.194274
38 10 0.158481
38 11 0.12547
38 12 0.0963613
38 13 0.0717921
38 14 0.0519083
38 15 0.0364495
38 16 0.0248792
38 17 0.0165242
38 18 0.0106908
38 19 0.0067451
38 20 0.00415451
38 21 0.00250075
38 22 0.00147263
38 23 0.000849261
38 24 0.000480126
38 25 0.000266364
38 26 0.000145154
38 27 7.77745e-05
38 28 4.10105e-05
38 29 2.13e-05
38 30 1.09052e-05
38 31 5.50769e-06
38 32 2.74574e-06
38 33 1.35189e-06
38 34 6.57685e-07
38 35 3.16278e-07
38 36 1.50401e-07
38 37 7.07485e-08
38 38 3.29314e-08
38 39 1.51732e-08
38 40 6.92269e-09
38 41 3.12866e-09
38 42 1.40116e-09
38 43 6.22051e-10
38 44 2.73859e-10
38 45 1.19604e-10
38 46 5.18368e-11
38 47 2.23063e-11
38 48 9.54481e-12
38 49 4.09078e-12
38 50 1.82541e-12
38 51 1.0097e-12

39 1 0.175945
39 2 0.172141
39 3 0.164735
39 4 0.154116
39 5 0.140854
39 6 0.125656
39 7 0.109324
39 8 0.0926853
39 9 0.0765192
39 10 0.0614854
39 11 0.0480714
39 12 0.0365665
39 13 0.0270657
39 14 0.0195
39 15 0.0136814
39 16 0.00935314
39 17 0.00623455
39 18 0.00405497
39 19 0.00257538
39 20 0.00159852
39 21 0.000970469
39 22 0.00057678
39 23 0.000335884
39 24 0.000191828
39 25 0.00010754
39 26 5.92319e-05
39 27 3.2081e-05
39 28 1.71007e-05
39 29 8.97826e-06
39 30 4.64622e-06
39 31 2.37149e-06
39 32 1.19456e-06
39 33 5.94135e-07
39 34 2.91912e-07
39 35 1.41739e-07
39 36 6.80399e-08
39 37 3.23028e-08
39 38 1.51732e-08
39 39 7.05411e-09
39 40 3.24712e-09
39 41 1.48052e-09
39 42 6.68886e-10
39 43 2.99553e-10
39 44 1.33025e-10
39 45 5.85975e-11
39 46 2.56131e-11
39 47 1.1115e-11
39 48 4.79615e-12
39 49 2.07323e-12
39 50 9.33656e-13
39 51 5.20927e-13

40 1 0.0675589
40 2 0.0659924
40 3 0.0629584
40 4 0.058647
40 5 0.0533226
40 6 0.0473011
40 7 0.0409206
40 8 0.0345108
40 9 0.0283648
40 10 0.0227158
40 11 0.0177239
40 12 0.013474
40 13 0.00998166
40 14 0.00720774
40 15 0.00507508
40 16 0.00348602
40 17 0.00233716
40 18 0.00153028
40 19 0.000979173
40 20 0.000612711
40 21 0.000375216
40 22 0.000225047
40 23 0.000132307
40 24 7.63081e-05
40 25 4.32112e-05
40 26 2.40448e-05
40 27 1.31581e-05
40 28 7.08678e-06
40 29 3.75925e-06
40 30 1.96535e-06
40 31 1.01328e-06
40 32 5.15478e-07
40 33 2.5888e-07
40 34 1.28408e-07
40 35 6.29332e-08
40 36 3.04887e-08
40 37 1.46065e-08
40 38 6.92269e-09
40 39 3.24712e-09
40 40 1.50797e-09
40 41 6.93623e-10
40 42 3.16124e-10
40 43 1.42808e-10
40 44 6.39672e-11
40 45 2.84193e-11
40 46 1.25277e-11
40 47 5.48227e-12
40 48 2.38546e-12
40 49 1.03999e-12
40 50 4.72653e-13
40 51 2.65992e-13

41 1 0.0245761
41 2 0.0239976
41 3 0.022879
41 4 0.0212936
41 5 0.0193421
41 6 0.0171433
41 7 0.0148221
41 8 0.0124984
41 9 0.0102768
41 10 0.00823916
41 11 0.00644058
41 12 0.00490931
41 13 0.00364957
41 14 0.00264666
41 15 0.00187298
41 16 0.00129396
41 17 0.000873104
41 18 0.0005757
41 19 0.000371165
41 20 0.000234129
41 21 0.000144597
41 22 8.74969e-05
41 23 5.19136e-05
41 24 3.02244e-05
41 25 1.72806e-05
41 26 9.70992e-06
41 27 5.36602e-06
41 28 2.91863e-06
41 29 1.56345e-06
41 30 8.25354e-07
41 31 4.29633e-07
41 32 2.20641e-07
41 33 1.11847e-07
41 34 5.599e-08
41 35 2.76911e-08
41 36 1.35364e-08
41 37 6.54305e-09
41 38 3.12866e-09
41 39 1.48052e-09
41 40 6.93623e-10
41 41 3.21851e-10
41 42 1.47969e-10
41 43 6.7425e-11
41 44 3.04615e-11
41 45 1.3649e-11
41 46 6.06753e-12
41 47 2.67744e-12
41 48 1.17474e-12
41 49 5.16518e-13
41 50 2.36895e-13
41 51 1.34459e-13

42 1 0.00876481
42 2 0.00855938
42 3 0.00816227
42 4 0.00759964
42 5 0.00690739
42 6 0.00612761
42 7 0.00530452
42 8 0.00448033
42 9 0.0036918
42 10 0.00296764
42 11 0.00232723
42 12 0.00178059
42 13 0.00132943
42 14 0.000968828
42 15 0.000689359
42 16 0.000479101
42 17 0.000325375
42 18 0.000216039
42 19 0.000140318
42 20 8.92047e-05
42 21 5.55439e-05
42 22 3.38964e-05
42 23 2.02882e-05
42 24 1.19184e-05
42 25 6.87691e-06
42 26 3.90008e-06
42 27 2.17552e-06
42 28 1.19439e-06
42 29 6.45801e-07
42 30 3.44095e-07
42 31 1.8077e-07
42 32 9.36846e-08
42 33 4.79206e-08
42 34 2.42044e-08
42 35 1.20777e-08
42 36 5.95644e-09
42 37 2.90464e-09
42 38 1.40116e-09
42 39 6.68886e-10
42 40 3.16124e-10
42 41 1.47969e-10
42 42 6.86191e-11
42 43 3.15376e-11
42 44 1.43701e-11
42 45 6.49344e-12
42 46 2.91082e-12
42 47 1.29514e-12
42 48 5.72962e-13
42 49 2.54063e-13
42 50 1.17585e-13
42 51 6.73073e-14

43 1 0.00310353
43 2 0.00303159
43 3 0.00289249
43 4 0.00269533
43 5 0.00245261
43 6 0.00217896
43 7 0.00188977
43 8 0.00159974
43 9 0.00132171
43 10 0.00106577
43 11 0.000838769
43 12 0.000644353
43 13 0.000483262
43 14 0.000353937
43 15 0.000253213
43 16 0.000177021
43 17 0.000120983
43 18 8.08718e-05
43 19 5.29017e-05
43 20 3.38838e-05
43 21 2.12632e-05
43 22 1.30815e-05
43 23 7.89528e-06
43 24 4.67789e-06
43 25 2.72269e-06
43 26 1.55776e-06
43 27 8.76676e-07
43 28 4.85609e-07
43 29 2.64914e-07
43 30 1.4241e-07
43 31 7.54798e-08
43 32 3.94641e-08
43 33 2.03644e-08
43 34 1.03765e-08
43 35 5.22324e-09
43 36 2.5986e-09
43 37 1.27832e-09
43 38 6.22051e-10
43 39 2.99553e-10
43 40 1.42808e-10
43 41 6.7425e-11
43 42 3.15376e-11
43 43 1.4619e-11
43 44 6.71772e-12
43 45 3.06107e-12
43 46 1.38361e-12
43 47 6.20704e-13
43 48 2.76856e-13
43 49 1.238e-13
43 50 5.78167e-14
43 51 3.33736e-14

44 1 0.0010958
44 2 0.00107074
44 3 0.00102225
44 4 0.00095349
44 5 0.000868752
44 6 0.000773096
44 7 0.000671843
44 8 0.0005701
44 9 0.000472339
44 10 0.000382093
44 11 0.0003018
44 12 0.000232783
44 13 0.000175366
44 14 0.000129063
44 15 9.28236e-05
44 16 6.5263e-05
44 17 4.48753e-05
44 18 3.01913e-05
44 19 1.98842e-05
44 20 1.28271e-05
44 21 8.10944e-06
44 22 5.02761e-06
44 23 3.05851e-06
44 24 1.8269e-06
44 25 1.07214e-06
44 26 6.18571e-07
44 27 3.51077e-07
44 28 1.96132e-07
44 29 1.07914e-07
44 30 5.85111e-08
44 31 3.12794e-08
44 32 1.64955e-08
44 33 8.58572e-09
44 34 4.41269e-09
44 35 2.24053e-09
44 36 1.12438e-09
44 37 5.57927e-10
44 38 2.73859e-10
44 39 1.33025e-10
44 40 6.39672e-11
44 41 3.04615e-11
44 42 1.43701e-11
44 43 6.71772e-12
44 44 3.11291e-12
44 45 1.43028e-12
44 46 6.51826e-13
44 47 2.94809e-13
44 48 1.32571e-13
44 49 5.97777e-14
44 50 2.8169e-14
44 51 1.63955e-14

45 1 0.00038629
45 2 0.000377576
45 3 0.000360714
45 4 0.000336781
45 5 0.000307256
45 6 0.000273882
45 7 0.000238494
45 8 0.000202861
45 9 0.00016854
45 10 0.000136768
45 11 0.000108409
45 12 8.3946e-05
45 13 6.35131e-05
45 14 4.69635e-05
45 15 3.39484e-05
45 16 2.3999e-05
45 17 1.6598e-05
45 18 1.12358e-05
45 19 7.44813e-06
45 20 4.83743e-06
45 21 3.07997e-06
45 22 1.92351e-06
45 23 1.17901e-06
45 24 7.09703e-07
45 25 4.19794e-07
45 26 2.4415e-07
45 27 1.397e-07
45 28 7.86878e-08
45 29 4.36551e-08
45 30 2.38681e-08
45 31 1.28672e-08
45 32 6.84322e-09
45 33 3.59221e-09
45 34 1.86207e-09
45 35 9.53596e-10
45 36 4.82679e-10
45 37 2.4158e-10
45 38 1.19604e-10
45 39 5.85975e-11
45 40 2.84193e-11
45 41 1.3649e-11
45 42 6.49344e-12
45 43 3.06107e-12
45 44 1.43028e-12
45 45 6.62594e-13
45 46 3.04435e-13
45 47 1.38807e-13
45 48 6.29255e-14
45 49 2.86102e-14
45 50 1.36026e-14
45 51 7.98247e-15

46 1 0.000135966
46 2 0.000132941
46 3 0.000127086
46 4 0.000118768
46 5 0.000108497
46 6 9.68699e-05
46 7 8.45204e-05
46 8 7.20598e-05
46 9 6.00287e-05
46 10 4.88607e-05
46 11 3.88614e-05
46 12 3.02056e-05
46 13 2.2948e-05
46 14 1.70448e-05
46 15 1.2381e-05
46 16 8.7981e-06
46 17 6.11869e-06
46 18 4.16634e-06
46 19 2.77895e-06
46 20 1.81659e-06
46 21 1.16444e-06
46 22 7.32317e-07
46 23 4.52118e-07
46 24 2.74175e-07
46 25 1.6341e-07
46 26 9.57759e-08
46 27 5.52346e-08
46 28 3.1361e-08
46 29 1.754e-08
46 30 9.66862e-09
46 31 5.2556e-09
46 32 2.81853e-09
46 33 1.49202e-09
46 34 7.79983e-10
46 35 4.02852e-10
46 36 2.05656e-10
46 37 1.03813e-10
46 38 5.18368e-11
46 39 2.56131e-11
46 40 1.25277e-11
46 41 6.06753e-12
46 42 2.91082e-12
46 43 1.38361e-12
46 44 6.51826e-13
46 45 3.04435e-13
46 46 1.41008e-13
46 47 6.48098e-14
46 48 2.96166e-14
46 49 1.35771e-14
46 50 6.51252e-15
46 51 3.85281e-15

47 1 4.77661e-05
47 2 4.67181e-05
47 3 4.46882e-05
47 4 4.18026e-05
47 5 3.82354e-05
47 6 3.41919e-05
47 7 2.98898e-05
47 8 2.55404e-05
47 9 2.1331e-05
47 10 1.74132e-05
47 11 1.38948e-05
47 12 1.0839e-05
47 13 8.26723e-06
47 14 6.16698e-06
47 15 4.5004e-06
47 16 3.21397e-06
47 17 2.24704e-06
47 18 1.53867e-06
47 19 1.03238e-06
47 20 6.79061e-07
47 21 4.38105e-07
47 22 2.77382e-07
47 23 1.72445e-07
47 24 1.05326e-07
47 25 6.32382e-08
47 26 3.73446e-08
47 27 2.17032e-08
47 28 1.24195e-08
47 29 7.00167e-09
47 30 3.89087e-09
47 31 2.13236e-09
47 32 1.15306e-09
47 33 6.15504e-10
47 34 3.24481e-10
47 35 1.69011e-10
47 36 8.70135e-11
47 37 4.42966e-11
47 38 2.23063e-11
47 39 1.1115e-11
47 40 5.48227e-12
47 41 2.67744e-12
47 42 1.29514e-12
47 43 6.20704e-13
47 44 2.94809e-13
47 45 1.38807e-13
47 46 6.48098e-14
47 47 3.00255e-14
47 48 1.38307e-14
47 49 6.39246e-15
47 50 3.0933e-15
47 51 1.84467e-15

48 1 1.67451e-05
48 2 1.63826e-05
48 3 1.56802e-05
48 4 1.46811e-05
48 5 1.34446e-05
48 6 1.20411e-05
48 7 1.05454e-05
48 8 9.03034e-06
48 9 7.56076e-06
48 10 6.18942e-06
48 11 4.95434e-06
48 12 3.87816e-06
48 13 2.96925e-06
48 14 2.22409e-06
48 15 1.6303e-06
48 16 1.16987e-06
48 17 8.22102e-07
48 18 5.65994e-07
48 19 3.81936e-07
48 20 2.52738e-07
48 21 1.64085e-07
48 22 1.04571e-07
48 23 6.54534e-08
48 24 4.02593e-08
48 25 2.43474e-08
48 26 1.44853e-08
48 27 8.48256e-09
48 28 4.89196e-09
48 29 2.77985e-09
48 30 1.55727e-09
48 31 8.60442e-10
48 32 4.69138e-10
48 33 2.5252e-10
48 34 1.34244e-10
48 35 7.05141e-11
48 36 3.66108e-11
48 37 1.87955e-11
48 38 9.54481e-12
48 39 4.79615e-12
48 40 2.38546e-12
48 41 1.17474e-12
48 42 5.72962e-13
48 43 2.76856e-13
48 44 1.32571e-13
48 45 6.29255e-14
48 46 2.96166e-14
48 47 1.38307e-14
48 48 6.42182e-15
48 49 2.99254e-15
48 50 1.46083e-15
48 51 8.78082e-16

49 1 5.87322e-06
49 2 5.74778e-06
49 3 5.50461e-06
49 4 5.15843e-06
49 5 4.72959e-06
49 6 4.2422e-06
49 7 3.72196e-06
49 8 3.19396e-06
49 9 2.68067e-06
49 10 2.2005e-06
49 11 1.76682e-06
49 12 1.38774e-06
49 13 1.06647e-06
49 14 8.02079e-07
49 15 5.90527e-07
49 16 4.25754e-07
49 17 3.00703e-07
49 18 2.08139e-07
49 19 1.41253e-07
49 20 9.40318e-08
49 21 6.14324e-08
49 22 3.94082e-08
49 23 2.48352e-08
49 24 1.53841e-08
49 25 9.37195e-09
49 26 5.61786e-09
49 27 3.3153e-09
49 28 1.92712e-09
49 29 1.10395e-09
49 30 6.23519e-10
49 31 3.4739e-10
49 32 1.91006e-10
49 33 1.03687e-10
49 34 5.55944e-11
49 35 2.94533e-11
49 36 1.54239e-11
49 37 7.98673e-12
49 38 4.09078e-12
49 39 2.07323e-12
49 40 1.03999e-12
49 41 5.16518e-13
49 42 2.54063e-13
49 43 1.238e-13
49 44 5.97777e-14
49 45 2.86102e-14
49 46 1.35771e-14
49 47 6.39246e-15
49 48 2.99254e-15
49 49 1.40628e-15
49 50 6.92663e-16
49 51 4.197e-16

50 1 2.1166e-06
50 2 2.07203e-06
50 3 1.98559e-06
50 4 1.86244e-06
50 5 1.70973e-06
50 6 1.53592e-06
50 7 1.35009e-06
50 8 1.16111e-06
50 9 9.76986e-07
50 10 8.04285e-07
50 11 6.47845e-07
50 12 5.10657e-07
50 13 3.93972e-07
50 14 2.97566e-07
50 15 2.20094e-07
50 16 1.59473e-07
50 17 1.13234e-07
50 18 7.88238e-08
50 19 5.38166e-08
50 20 3.60541e-08
50 21 2.37126e-08
50 22 1.53182e-08
50 23 9.72429e-09
50 24 6.0695e-09
50 25 3.72662e-09
50 26 2.25198e-09
50 27 1.34005e-09
50 28 7.8559e-10
50 29 4.53938e-10
50 30 2.58656e-10
50 31 1.45401e-10
50 32 8.06706e-11
50 33 4.4192e-11
50 34 2.39122e-11
50 35 1.27852e-11
50 36 6.75714e-12
50 37 3.53129e-12
50 38 1.82541e-12
50 39 9.33656e-13
50 40 4.72653e-13
50 41 2.36895e-13
50 42 1.17585e-13
50 43 5.78167e-14
50 44 2.8169e-14
50 45 1.36026e-14
50 46 6.51252e-15
50 47 3.0933e-15
50 48 1.46083e-15
50 49 6.92663e-16
50 50 3.44415e-16
50 51 2.10444e-16

51 1 9.46999e-07
51 2 9.27349e-07
51 3 8.89224e-07
51 4 8.34863e-07
51 5 7.67376e-07
51 6 6.90462e-07
51 7 6.08086e-07
51 8 5.24145e-07
51 9 4.42166e-07
51 10 3.6507e-07
51 11 2.95024e-07
51 12 2.33394e-07
51 13 1.80782e-07
51 14 1.37138e-07
51 15 1.01912e-07
51 16 7.42172e-08
51 17 5.29849e-08
51 18 3.70973e-08
51 19 2.54837e-08
51 20 1.71833e-08
51 21 1.13783e-08
51 22 7.40255e-09
51 23 4.73404e-09
51 24 2.97743e-09
51 25 1.84256e-09
51 26 1.12249e-09
51 27 6.73487e-10
51 28 3.98165e-10
51 29 2.32048e-10
51 30 1.33371e-10
51 31 7.56308e-11
51 32 4.23311e-11
51 33 2.33945e-11
51 34 1.27708e-11
51 35 6.88865e-12
51 36 3.67287e-12
51 37 1.93632e-12
51 38 1.0097e-12
51 39 5.20927e-13
51 40 2.65992e-13
51 41 1.34459e-13
51 42 6.73073e-14
51 43 3.33736e-14
51 44 1.63955e-14
51 45 7.98247e-15
51 46 3.85281e-15
51 47 1.84467e-15
51 48 8.78082e-16
51 49 4.197e-16
51 50 2.10444e-16
51 51 1.2953e-16

