#x #y #phase
1 1 1
1 2 1
1 3 1
1 4 1
1 5 1
1 6 1
1 7 1
1 8 1
1 9 1
1 10 1
1 11 1
1 12 1
1 13 1
1 14 1
1 15 1
1 16 1
1 17 1
1 18 1
1 19 1
1 20 1
1 21 1
1 22 1
1 23 1
1 24 1
1 25 1
1 26 1
1 27 1
1 28 1
1 29 1
1 30 0.999999
1 31 0.999996
1 32 0.999989
1 33 0.999967
1 34 0.999898
1 35 0.999689
1 36 0.999051
1 37 0.997109
1 38 0.991212
1 39 0.973511
1 40 0.922218
1 41 0.788075
1 42 0.525169
1 43 0.255146
1 44 0.102337
1 45 0.0378433
1 46 0.013576
1 47 0.00481835
1 48 0.00170464
1 49 0.000604822
1 50 0.000221625
1 51 0.000101328

2 1 1
2 2 1
2 3 1
2 4 1
2 5 1
2 6 1
2 7 1
2 8 1
2 9 1
2 10 1
2 11 1
2 12 1
2 13 1
2 14 1
2 15 1
2 16 1
2 17 1
2 18 1
2 19 1
2 20 1
2 21 1
2 22 1
2 23 1
2 24 1
2 25 1
2 26 1
2 27 1
2 28 1
2 29 1
2 30 0.999999
2 31 0.999996
2 32 0.999989
2 33 0.999965
2 34 0.999895
2 35 0.999679
2 36 0.999024
2 37 0.997027
2 38 0.990968
2 39 0.9728
2 40 0.920252
2 41 0.783464
2 42 0.518379
2 43 0.250454
2 44 0.100216
2 45 0.0370325
2 46 0.0132842
2 47 0.00471556
2 48 0.00166868
2 49 0.000592224
2 50 0.000217073
2 51 9.9277e-05

3 1 1
3 2 1
3 3 1
3 4 1
3 5 1
3 6 1
3 7 1
3 8 1
3 9 1
3 10 1
3 11 1
3 12 1
3 13 0.999999
3 14 1
3 15 0.999999
3 16 1
3 17 0.999999
3 18 1
3 19 0.999999
3 20 1
3 21 1
3 22 1
3 23 1
3 24 1
3 25 1
3 26 1
3 27 1
3 28 1
3 29 1
3 30 0.999999
3 31 0.999996
3 32 0.999988
3 33 0.999963
3 34 0.999888
3 35 0.99966
3 36 0.998965
3 37 0.996855
3 38 0.99046
3 39 0.971322
3 40 0.91618
3 41 0.774003
3 42 0.504804
3 43 0.24126
3 44 0.0960935
3 45 0.0354602
3 46 0.0127188
3 47 0.00451638
3 48 0.00159899
3 49 0.000567798
3 50 0.000208243
3 51 9.52963e-05

4 1 1
4 2 1
4 3 1
4 4 1
4 5 1
4 6 1
4 7 1
4 8 1
4 9 1
4 10 0.999999
4 11 1
4 12 0.999999
4 13 1
4 14 0.999999
4 15 1
4 16 0.999999
4 17 1
4 18 0.999999
4 19 1
4 20 0.999999
4 21 1
4 22 0.999999
4 23 1
4 24 1
4 25 1
4 26 1
4 27 1
4 28 1
4 29 0.999999
4 30 0.999999
4 31 0.999996
4 32 0.999987
4 33 0.99996
4 34 0.999878
4 35 0.999628
4 36 0.998872
4 37 0.996577
4 38 0.989643
4 39 0.968955
4 40 0.909705
4 41 0.759211
4 42 0.484499
4 43 0.227941
4 44 0.0901976
4 45 0.0332212
4 46 0.0119144
4 47 0.00423299
4 48 0.00149978
4 49 0.000533008
4 50 0.000195659
4 51 8.96188e-05

5 1 1
5 2 1
5 3 1
5 4 1
5 5 1
5 6 1
5 7 1
5 8 1
5 9 0.999999
5 10 1
5 11 0.999999
5 12 1
5 13 0.999998
5 14 1
5 15 0.999998
5 16 1
5 17 0.999997
5 18 1
5 19 0.999997
5 20 1
5 21 0.999998
5 22 1
5 23 0.999999
5 24 1
5 25 1
5 26 1
5 27 1
5 28 1
5 29 1
5 30 0.999998
5 31 0.999995
5 32 0.999985
5 33 0.999954
5 34 0.999862
5 35 0.999581
5 36 0.998733
5 37 0.996168
5 38 0.988443
5 39 0.9655
5 40 0.900355
5 41 0.738376
5 42 0.457646
5 43 0.211065
5 44 0.0828504
5 45 0.0304461
5 46 0.0109187
5 47 0.00388216
5 48 0.00137687
5 49 0.000489873
5 50 0.00018004
5 51 8.25653e-05

6 1 1
6 2 1
6 3 1
6 4 1
6 5 1
6 6 1
6 7 1
6 8 0.999999
6 9 1
6 10 0.999999
6 11 1
6 12 0.999997
6 13 1
6 14 0.999996
6 15 1
6 16 0.999996
6 17 1
6 18 0.999995
6 19 1
6 20 0.999996
6 21 1
6 22 0.999997
6 23 1
6 24 0.999998
6 25 1
6 26 0.999999
6 27 1
6 28 1
6 29 0.999999
6 30 0.999998
6 31 0.999994
6 32 0.999982
6 33 0.999947
6 34 0.999839
6 35 0.999515
6 36 0.998536
6 37 0.995587
6 38 0.986746
6 39 0.960652
6 40 0.887433
6 41 0.710593
6 42 0.424662
6 43 0.19137
6 44 0.0744426
6 45 0.0272902
6 46 0.00978804
6 47 0.00348363
6 48 0.00123714
6 49 0.000440774
6 50 0.00016224
6 51 7.45162e-05

7 1 1
7 2 1
7 3 1
7 4 1
7 5 1
7 6 1
7 7 0.999999
7 8 1
7 9 0.999998
7 10 1
7 11 0.999997
7 12 1
7 13 0.999995
7 14 1.00001
7 15 0.999993
7 16 1.00001
7 17 0.999993
7 18 1.00001
7 19 0.999993
7 20 1.00001
7 21 0.999994
7 22 1
7 23 0.999996
7 24 1
7 25 0.999998
7 26 1
7 27 0.999999
7 28 1
7 29 0.999999
7 30 0.999998
7 31 0.999993
7 32 0.999978
7 33 0.999936
7 34 0.999807
7 35 0.99942
7 36 0.998258
7 37 0.994773
7 38 0.984379
7 39 0.953957
7 40 0.869969
7 41 0.67488
7 42 0.386301
7 43 0.169735
7 44 0.0654022
7 45 0.0239197
7 46 0.0085821
7 47 0.00305836
7 48 0.00108784
7 49 0.000388245
7 50 0.000143166
7 51 6.58774e-05

8 1 1
8 2 1
8 3 1
8 4 1
8 5 1
8 6 0.999999
8 7 1
8 8 0.999998
8 9 1
8 10 0.999996
8 11 1
8 12 0.999994
8 13 1.00001
8 14 0.999991
8 15 1.00001
8 16 0.999989
8 17 1.00001
8 18 0.999989
8 19 1.00001
8 20 0.99999
8 21 1.00001
8 22 0.999993
8 23 1.00001
8 24 0.999995
8 25 1
8 26 0.999998
8 27 1
8 28 0.999999
8 29 0.999999
8 30 0.999997
8 31 0.999991
8 32 0.999973
8 33 0.99992
8 34 0.999761
8 35 0.999286
8 36 0.997866
8 37 0.99363
8 38 0.981081
8 39 0.944748
8 40 0.846646
8 41 0.630404
8 42 0.343734
8 43 0.147127
8 44 0.0561607
8 45 0.0204973
8 46 0.00735898
8 47 0.00262669
8 48 0.000936086
8 49 0.000334758
8 50 0.000123708
8 51 5.70477e-05

9 1 1
9 2 1
9 3 1
9 4 1
9 5 0.999999
9 6 1
9 7 0.999998
9 8 1
9 9 0.999996
9 10 1.00001
9 11 0.999993
9 12 1.00001
9 13 0.999989
9 14 1.00001
9 15 0.999986
9 16 1.00002
9 17 0.999984
9 18 1.00002
9 19 0.999984
9 20 1.00001
9 21 0.999987
9 22 1.00001
9 23 0.999991
9 24 1.00001
9 25 0.999995
9 26 1
9 27 0.999997
9 28 1
9 29 0.999998
9 30 0.999997
9 31 0.999988
9 32 0.999965
9 33 0.999897
9 34 0.999695
9 35 0.999094
9 36 0.99731
9 37 0.992017
9 38 0.976465
9 39 0.932058
9 40 0.815737
9 41 0.576854
9 42 0.298542
9 43 0.124525
9 44 0.0471181
9 45 0.0171695
9 46 0.00617064
9 47 0.00220682
9 48 0.000788218
9 49 0.000282537
9 50 0.00010467
9 51 4.83889e-05

10 1 1
10 2 1
10 3 1
10 4 0.999999
10 5 1
10 6 0.999999
10 7 1
10 8 0.999996
10 9 1.00001
10 10 0.999993
10 11 1.00001
10 12 0.999988
10 13 1.00001
10 14 0.999982
10 15 1.00002
10 16 0.999978
10 17 1.00002
10 18 0.999977
10 19 1.00002
10 20 0.99998
10 21 1.00002
10 22 0.999985
10 23 1.00001
10 24 0.99999
10 25 1.00001
10 26 0.999995
10 27 1
10 28 0.999997
10 29 1
10 30 0.999994
10 31 0.999985
10 32 0.999953
10 33 0.999864
10 34 0.999599
10 35 0.998817
10 36 0.99651
10 37 0.989718
10 38 0.969949
10 39 0.914506
10 40 0.775103
10 41 0.514877
10 42 0.25261
10 43 0.102837
10 44 0.0386132
10 45 0.0140568
10 46 0.00505949
10 47 0.00181364
10 48 0.000649457
10 49 0.000233419
10 50 8.6717e-05
10 51 4.02029e-05

11 1 1
11 2 1
11 3 1
11 4 1
11 5 0.999999
11 6 1
11 7 0.999997
11 8 1
11 9 0.999993
11 10 1.00001
11 11 0.999987
11 12 1.00002
11 13 0.99998
11 14 1.00002
11 15 0.999974
11 16 1.00003
11 17 0.99997
11 18 1.00003
11 19 0.999971
11 20 1.00003
11 21 0.999976
11 22 1.00002
11 23 0.999983
11 24 1.00001
11 25 0.99999
11 26 1.00001
11 27 0.999995
11 28 1
11 29 0.999995
11 30 0.999994
11 31 0.999977
11 32 0.999936
11 33 0.999814
11 34 0.999456
11 35 0.99841
11 36 0.995343
11 37 0.986392
11 38 0.960659
11 39 0.890169
11 40 0.722437
11 41 0.446406
11 42 0.207926
11 43 0.0828233
11 44 0.0309028
11 45 0.0112476
11 46 0.00405639
11 47 0.00145802
11 48 0.000523639
11 49 0.000188764
11 50 7.03492e-05
11 51 3.27179e-05

12 1 1
12 2 1
12 3 1
12 4 0.999999
12 5 1
12 6 0.999997
12 7 1
12 8 0.999994
12 9 1.00001
12 10 0.999988
12 11 1.00002
12 12 0.999979
12 13 1.00003
12 14 0.99997
12 15 1.00003
12 16 0.999963
12 17 1.00004
12 18 0.999962
12 19 1.00004
12 20 0.999966
12 21 1.00003
12 22 0.999974
12 23 1.00002
12 24 0.999983
12 25 1.00001
12 26 0.999991
12 27 1.00001
12 28 0.999995
12 29 0.999999
12 30 0.999988
12 31 0.999969
12 32 0.999909
12 33 0.999738
12 34 0.999241
12 35 0.997799
12 36 0.993609
12 37 0.981507
12 38 0.947272
12 39 0.856462
12 40 0.656011
12 41 0.374646
12 42 0.166318
12 43 0.0650333
12 44 0.0241513
12 45 0.00879572
12 46 0.00318009
12 47 0.00114661
12 48 0.000413154
12 49 0.000149433
12 50 5.58868e-05
12 51 2.60829e-05

13 1 1
13 2 1
13 3 0.999999
13 4 1
13 5 0.999998
13 6 1
13 7 0.999995
13 8 1.00001
13 9 0.999989
13 10 1.00001
13 11 0.99998
13 12 1.00003
13 13 0.999969
13 14 1.00004
13 15 0.999959
13 16 1.00004
13 17 0.999953
13 18 1.00005
13 19 0.999955
13 20 1.00004
13 21 0.999963
13 22 1.00003
13 23 0.999974
13 24 1.00002
13 25 0.999985
13 26 1.00001
13 27 0.999992
13 28 1
13 29 0.999991
13 30 0.999985
13 31 0.999952
13 32 0.999868
13 33 0.99962
13 34 0.99891
13 35 0.996866
13 36 0.990987
13 37 0.974219
13 38 0.927788
13 39 0.810091
13 40 0.575977
13 41 0.303601
13 42 0.129223
13 43 0.0497817
13 44 0.0184321
13 45 0.00672278
13 46 0.00243802
13 47 0.000882161
13 48 0.000319027
13 49 0.000115814
13 50 4.34804e-05
13 51 2.03707e-05

14 1 1
14 2 1
14 3 1
14 4 0.999999
14 5 1
14 6 0.999996
14 7 1.00001
14 8 0.999991
14 9 1.00001
14 10 0.999982
14 11 1.00002
14 12 0.99997
14 13 1.00004
14 14 0.999957
14 15 1.00005
14 16 0.999948
14 17 1.00005
14 18 0.999945
14 19 1.00005
14 20 0.999951
14 21 1.00004
14 22 0.999963
14 23 1.00003
14 24 0.999976
14 25 1.00002
14 26 0.999987
14 27 1.00001
14 28 0.999991
14 29 0.999994
14 30 0.999973
14 31 0.99993
14 32 0.999799
14 33 0.999433
14 34 0.998389
14 35 0.995413
14 36 0.986951
14 37 0.96319
14 38 0.899264
14 39 0.747327
14 40 0.485602
14 41 0.237273
14 42 0.0975262
14 43 0.0371546
14 44 0.013739
14 45 0.00502279
14 46 0.00182804
14 47 0.000664066
14 48 0.000241119
14 49 8.78841e-05
14 50 3.31336e-05
14 51 1.55881e-05

15 1 1
15 2 1
15 3 0.999999
15 4 1
15 5 0.999998
15 6 1
15 7 0.999993
15 8 1.00001
15 9 0.999986
15 10 1.00002
15 11 0.999974
15 12 1.00003
15 13 0.999959
15 14 1.00005
15 15 0.999945
15 16 1.00006
15 17 0.999939
15 18 1.00006
15 19 0.999941
15 20 1.00005
15 21 0.999952
15 22 1.00004
15 23 0.999967
15 24 1.00003
15 25 0.99998
15 26 1.00001
15 27 0.999988
15 28 1
15 29 0.999981
15 30 0.999962
15 31 0.999887
15 32 0.999689
15 33 0.999128
15 34 0.997551
15 35 0.993105
15 36 0.980629
15 37 0.94631
15 38 0.857631
15 39 0.665322
15 40 0.391241
15 41 0.178836
15 42 0.0715273
15 43 0.0270454
15 44 0.0100041
15 45 0.00366893
15 46 0.0013408
15 47 0.000489192
15 48 0.000178402
15 49 6.53089e-05
15 50 2.47346e-05
15 51 1.16893e-05

16 1 1
16 2 1
16 3 1
16 4 0.999999
16 5 1
16 6 0.999996
16 7 1.00001
16 8 0.999989
16 9 1.00002
16 10 0.999978
16 11 1.00003
16 12 0.999963
16 13 1.00004
16 14 0.999948
16 15 1.00006
16 16 0.999936
16 17 1.00007
16 18 0.999934
16 19 1.00006
16 20 0.999942
16 21 1.00005
16 22 0.999956
16 23 1.00004
16 24 0.999972
16 25 1.00002
16 26 0.999984
16 27 1.00001
16 28 0.999984
16 29 0.99998
16 30 0.999931
16 31 0.99982
16 32 0.999502
16 33 0.998624
16 34 0.996177
16 35 0.989366
16 36 0.970568
16 37 0.920288
16 38 0.797814
16 39 0.56496
16 40 0.300642
16 41 0.130124
16 42 0.0510174
16 43 0.0192089
16 44 0.00711815
16 45 0.00262081
16 46 0.000962191
16 47 0.000352732
16 48 0.000129247
16 49 4.75374e-05
16 50 1.80924e-05
16 51 8.59177e-06

17 1 1
17 2 1
17 3 0.999999
17 4 1
17 5 0.999997
17 6 1
17 7 0.999993
17 8 1.00001
17 9 0.999984
17 10 1.00002
17 11 0.99997
17 12 1.00004
17 13 0.999953
17 14 1.00005
17 15 0.999939
17 16 1.00007
17 17 0.999931
17 18 1.00007
17 19 0.999934
17 20 1.00006
17 21 0.999947
17 22 1.00004
17 23 0.999963
17 24 1.00003
17 25 0.999978
17 26 1.00001
17 27 0.999984
17 28 0.999991
17 29 0.999954
17 30 0.999891
17 31 0.999698
17 32 0.999183
17 33 0.997767
17 34 0.993875
17 35 0.983199
17 36 0.954353
17 37 0.880216
17 38 0.714777
17 39 0.453369
17 40 0.220513
17 41 0.0915538
17 42 0.0354217
17 43 0.0133188
17 44 0.00495081
17 45 0.0018313
17 46 0.000675768
17 47 0.000249011
17 48 9.17068e-05
17 49 3.39006e-05
17 50 1.29701e-05
17 51 6.19121e-06

18 1 1
18 2 1
18 3 1
18 4 0.999999
18 5 1
18 6 0.999995
18 7 1.00001
18 8 0.999989
18 9 1.00002
18 10 0.999977
18 11 1.00003
18 12 0.999962
18 13 1.00005
18 14 0.999945
18 15 1.00006
18 16 0.999934
18 17 1.00007
18 18 0.999932
18 19 1.00007
18 20 0.99994
18 21 1.00005
18 22 0.999956
18 23 1.00004
18 24 0.999972
18 25 1.00002
18 26 0.999981
18 27 0.999999
18 28 0.999966
18 29 0.999931
18 30 0.999805
18 31 0.999487
18 32 0.998621
18 33 0.996283
18 34 0.989945
18 35 0.972867
18 36 0.928058
18 37 0.819538
18 38 0.606935
18 39 0.342481
18 40 0.154814
18 41 0.0624167
18 42 0.0239649
18 43 0.00902051
18 44 0.0033673
18 45 0.00125216
18 46 0.000464631
18 47 0.00017216
18 48 6.37491e-05
18 49 2.36926e-05
18 50 9.11534e-06
18 51 4.3751e-06

19 1 1
19 2 1
19 3 0.999999
19 4 1
19 5 0.999997
19 6 1
19 7 0.999993
19 8 1.00001
19 9 0.999984
19 10 1.00002
19 11 0.999971
19 12 1.00004
19 13 0.999955
19 14 1.00005
19 15 0.999941
19 16 1.00006
19 17 0.999934
19 18 1.00007
19 19 0.999938
19 20 1.00006
19 21 0.99995
19 22 1.00004
19 23 0.999966
19 24 1.00002
19 25 0.999978
19 26 1.00001
19 27 0.999971
19 28 0.999955
19 29 0.999865
19 30 0.999658
19 31 0.999097
19 32 0.997617
19 33 0.993661
19 34 0.983115
19 35 0.95536
19 36 0.885589
19 37 0.731352
19 38 0.481474
19 39 0.243946
19 40 0.104436
19 41 0.0413195
19 42 0.0158162
19 43 0.00597138
19 44 0.00224068
19 45 0.000838116
19 46 0.000312858
19 47 0.000116609
19 48 4.34291e-05
19 49 1.62328e-05
19 50 6.28233e-06
19 51 3.03286e-06

20 1 1
20 2 1
20 3 1
20 4 0.999999
20 5 1
20 6 0.999996
20 7 1.00001
20 8 0.99999
20 9 1.00001
20 10 0.99998
20 11 1.00003
20 12 0.999966
20 13 1.00004
20 14 0.999951
20 15 1.00005
20 16 0.999942
20 17 1.00006
20 18 0.99994
20 19 1.00006
20 20 0.999948
20 21 1.00004
20 22 0.999962
20 23 1.00003
20 24 0.999974
20 25 1.00001
20 26 0.999973
20 27 0.999969
20 28 0.999899
20 29 0.999759
20 30 0.999372
20 31 0.99838
20 32 0.995776
20 33 0.988941
20 34 0.971079
20 35 0.925602
20 36 0.81855
20 37 0.612885
20 38 0.354606
20 39 0.164732
20 40 0.0679752
20 41 0.0266151
20 42 0.0101929
20 43 0.00386609
20 44 0.00145943
20 45 0.000549383
20 46 0.00020639
20 47 7.74088e-05
20 48 2.90057e-05
20 49 1.0907e-05
20 50 4.24756e-06
20 51 2.0631e-06

21 1 1
21 2 1
21 3 1
21 4 1
21 5 0.999998
21 6 1
21 7 0.999994
21 8 1.00001
21 9 0.999987
21 10 1.00002
21 11 0.999976
21 12 1.00003
21 13 0.999963
21 14 1.00004
21 15 0.999952
21 16 1.00005
21 17 0.999947
21 18 1.00005
21 19 0.99995
21 20 1.00004
21 21 0.999961
21 22 1.00003
21 23 0.999972
21 24 1.00001
21 25 0.999973
21 26 0.999979
21 27 0.999918
21 28 0.999819
21 29 0.999534
21 30 0.998831
21 31 0.997018
21 32 0.992349
21 33 0.980311
21 34 0.949707
21 35 0.875582
21 36 0.718369
21 37 0.473388
21 38 0.243259
21 39 0.1062
21 40 0.0428547
21 41 0.016712
21 42 0.00642093
21 43 0.00244967
21 44 0.00093093
21 45 0.00035284
21 46 0.000133452
21 47 5.03831e-05
21 48 1.90002e-05
21 49 7.18989e-06
21 50 2.81836e-06
21 51 1.37768e-06

22 1 1
22 2 1
22 3 1
22 4 0.999999
22 5 1
22 6 0.999997
22 7 1
22 8 0.999993
22 9 1.00001
22 10 0.999985
22 11 1.00002
22 12 0.999974
22 13 1.00003
22 14 0.999963
22 15 1.00004
22 16 0.999956
22 17 1.00004
22 18 0.999956
22 19 1.00004
22 20 0.999962
22 21 1.00003
22 22 0.999971
22 23 1.00002
22 24 0.999972
22 25 0.999985
22 26 0.999929
22 27 0.999855
22 28 0.999631
22 29 0.999103
22 30 0.997764
22 31 0.994394
22 32 0.985856
22 33 0.964371
22 34 0.911896
22 35 0.79454
22 36 0.583415
22 37 0.334787
22 38 0.156866
22 39 0.0658166
22 40 0.0262582
22 41 0.0102464
22 42 0.00395737
22 43 0.00152009
22 44 0.000581866
22 45 0.000222142
22 46 8.46176e-05
22 47 3.21674e-05
22 48 1.22124e-05
22 49 4.65188e-06
22 50 1.836e-06
22 51 9.03464e-07

23 1 1
23 2 1
23 3 1
23 4 1
23 5 0.999999
23 6 1
23 7 0.999996
23 8 1.00001
23 9 0.999991
23 10 1.00001
23 11 0.999983
23 12 1.00002
23 13 0.999974
23 14 1.00003
23 15 0.999967
23 16 1.00004
23 17 0.999963
23 18 1.00004
23 19 0.999966
23 20 1.00003
23 21 0.999972
23 22 1.00002
23 23 0.999972
23 24 0.999988
23 25 0.999935
23 26 0.999875
23 27 0.999688
23 28 0.999265
23 29 0.998216
23 30 0.99564
23 31 0.989247
23 32 0.973413
23 33 0.934899
23 34 0.846646
23 35 0.673418
23 36 0.429554
23 37 0.218343
23 38 0.0961266
23 39 0.0394457
23 40 0.015681
23 41 0.006143
23 42 0.00238842
23 43 0.000924385
23 44 0.000356579
23 45 0.000137173
23 46 5.26405e-05
23 47 2.01557e-05
23 48 7.7057e-06
23 49 2.95545e-06
23 50 1.17478e-06
23 51 5.82091e-07

24 1 1
24 2 1
24 3 1
24 4 1
24 5 1
24 6 0.999998
24 7 1
24 8 0.999995
24 9 1.00001
24 10 0.99999
24 11 1.00001
24 12 0.999983
24 13 1.00002
24 14 0.999976
24 15 1.00003
24 16 0.999972
24 17 1.00003
24 18 0.999972
24 19 1.00002
24 20 0.999974
24 21 1.00001
24 22 0.999972
24 23 0.999988
24 24 0.999936
24 25 0.999884
24 26 0.999717
24 27 0.999358
24 28 0.998483
24 29 0.996395
24 30 0.99133
24 31 0.979034
24 32 0.949483
24 33 0.881345
24 34 0.740947
24 35 0.51703
24 36 0.286142
24 37 0.13321
24 38 0.056532
24 39 0.0229719
24 40 0.00914785
24 41 0.0036058
24 42 0.00141281
24 43 0.000551257
24 44 0.000214378
24 45 8.31269e-05
24 46 3.21469e-05
24 47 1.24011e-05
24 48 4.77544e-06
24 49 1.84466e-06
24 50 7.3867e-07
24 51 3.68621e-07

25 1 1
25 2 1
25 3 1
25 4 1
25 5 1
25 6 1
25 7 0.999998
25 8 1
25 9 0.999995
25 10 1.00001
25 11 0.99999
25 12 1.00001
25 13 0.999985
25 14 1.00002
25 15 0.99998
25 16 1.00002
25 17 0.999978
25 18 1.00002
25 19 0.999978
25 20 1.00001
25 21 0.999973
25 22 0.999985
25 23 0.999935
25 24 0.999884
25 25 0.999727
25 26 0.9994
25 27 0.998625
25 28 0.996826
25 29 0.992574
25 30 0.982486
25 31 0.958665
25 32 0.904036
25 33 0.788881
25 34 0.59005
25 35 0.353887
25 36 0.174978
25 37 0.0771617
25 38 0.0321579
25 39 0.0130474
25 40 0.00522278
25 41 0.00207454
25 42 0.000819746
25 43 0.00032261
25 44 0.000126524
25 45 4.9466e-05
25 46 1.92826e-05
25 47 7.49607e-06
25 48 2.90825e-06
25 49 1.13168e-06
25 50 4.56629e-07
25 51 2.2955e-07

26 1 1
26 2 1
26 3 1
26 4 1
26 5 1
26 6 0.999999
26 7 1
26 8 0.999998
26 9 1
26 10 0.999995
26 11 1.00001
26 12 0.999991
26 13 1.00001
26 14 0.999987
26 15 1.00001
26 16 0.999984
26 17 1.00001
26 18 0.999981
26 19 1.00001
26 20 0.999973
26 21 0.999979
26 22 0.999929
26 23 0.999875
26 24 0.999717
26 25 0.9994
26 26 0.998669
26 27 0.997023
26 28 0.993236
26 29 0.984479
26 30 0.964241
26 31 0.918451
26 32 0.821411
26 33 0.646073
26 34 0.415233
26 35 0.218012
26 36 0.100204
26 37 0.0429549
26 38 0.017797
26 39 0.00724749
26 40 0.00292271
26 41 0.00117107
26 42 0.000466929
26 43 0.000185409
26 44 7.33534e-05
26 45 2.89226e-05
26 46 1.13674e-05
26 47 4.45421e-06
26 48 1.74142e-06
26 49 6.82771e-07
26 50 2.77658e-07
26 51 1.40633e-07

27 1 1
27 2 1
27 3 1
27 4 1
27 5 1
27 6 1
27 7 0.999999
27 8 1
27 9 0.999997
27 10 1
27 11 0.999995
27 12 1.00001
27 13 0.999992
27 14 1.00001
27 15 0.999988
27 16 1.00001
27 17 0.999984
27 18 0.999999
27 19 0.999971
27 20 0.999969
27 21 0.999918
27 22 0.999855
27 23 0.999688
27 24 0.999358
27 25 0.998625
27 26 0.997023
27 27 0.993444
27 28 0.985392
27 29 0.967239
27 30 0.926951
27 31 0.84215
27 32 0.685715
27 33 0.465499
27 34 0.258251
27 35 0.12379
27 36 0.0546914
27 37 0.0231853
27 38 0.00962219
27 39 0.00394554
27 40 0.00160519
27 41 0.000649222
27 42 0.000261303
27 43 0.00010472
27 44 4.18039e-05
27 45 1.66269e-05
27 46 6.58999e-06
27 47 2.60329e-06
27 48 1.02581e-06
27 49 4.05319e-07
27 50 1.66153e-07
27 51 8.48041e-08

28 1 1
28 2 1
28 3 1
28 4 1
28 5 1
28 6 1
28 7 1
28 8 0.999999
28 9 1
28 10 0.999997
28 11 1
28 12 0.999995
28 13 1
28 14 0.999991
28 15 1
28 16 0.999984
28 17 0.999991
28 18 0.999966
28 19 0.999955
28 20 0.999899
28 21 0.999819
28 22 0.999631
28 23 0.999265
28 24 0.998483
28 25 0.996826
28 26 0.993236
28 27 0.985392
28 28 0.968184
28 29 0.930893
28 30 0.85363
28 31 0.710749
28 32 0.50214
28 33 0.291851
28 34 0.145587
28 35 0.0663378
28 36 0.0288181
28 37 0.0122078
28 38 0.0050975
28 39 0.00210863
28 40 0.000866197
28 41 0.000353789
28 42 0.000143781
28 43 5.8169e-05
28 44 2.34348e-05
28 45 9.40396e-06
28 46 3.75935e-06
28 47 1.49743e-06
28 48 5.94801e-07
28 49 2.36877e-07
28 50 9.78991e-08
28 51 5.03586e-08

29 1 1
29 2 1
29 3 1
29 4 0.999999
29 5 1
29 6 0.999999
29 7 0.999999
29 8 0.999999
29 9 0.999998
29 10 1
29 11 0.999995
29 12 0.999999
29 13 0.999991
29 14 0.999994
29 15 0.999981
29 16 0.99998
29 17 0.999954
29 18 0.999931
29 19 0.999865
29 20 0.999759
29 21 0.999534
29 22 0.999103
29 23 0.998216
29 24 0.996395
29 25 0.992574
29 26 0.984479
29 27 0.967239
29 28 0.930893
29 29 0.8573
29 30 0.722809
29 31 0.524215
29 32 0.315825
29 33 0.163213
29 34 0.0766455
29 35 0.0341486
29 36 0.0147856
29 37 0.00629599
29 38 0.00265174
29 39 0.0011078
29 40 0.00045972
29 41 0.000189675
29 42 7.78509e-05
29 43 3.18004e-05
29 44 1.29316e-05
29 45 5.23631e-06
29 46 2.11161e-06
29 47 8.48209e-07
29 48 3.39671e-07
29 49 1.36359e-07
29 50 5.68251e-08
29 51 2.94622e-08

30 1 0.999999
30 2 0.999999
30 3 0.999999
30 4 0.999999
30 5 0.999998
30 6 0.999998
30 7 0.999998
30 8 0.999997
30 9 0.999997
30 10 0.999994
30 11 0.999994
30 12 0.999988
30 13 0.999985
30 14 0.999973
30 15 0.999962
30 16 0.999931
30 17 0.999891
30 18 0.999805
30 19 0.999658
30 20 0.999372
30 21 0.998831
30 22 0.997764
30 23 0.99564
30 24 0.99133
30 25 0.982486
30 26 0.964241
30 27 0.926951
30 28 0.85363
30 29 0.722809
30 30 0.531568
30 31 0.328262
30 32 0.174666
30 33 0.0843691
30 34 0.0385587
30 35 0.0170816
30 36 0.00742716
30 37 0.0031893
30 38 0.00135676
30 39 0.000572772
30 40 0.000240197
30 41 0.000100128
30 42 4.15113e-05
30 43 1.71226e-05
30 44 7.02905e-06
30 45 2.87236e-06
30 46 1.16859e-06
30 47 4.73417e-07
30 48 1.91148e-07
30 49 7.7359e-08
30 50 3.25095e-08
30 51 1.69902e-08

31 1 0.999996
31 2 0.999996
31 3 0.999996
31 4 0.999996
31 5 0.999995
31 6 0.999994
31 7 0.999993
31 8 0.999991
31 9 0.999988
31 10 0.999985
31 11 0.999977
31 12 0.999969
31 13 0.999952
31 14 0.99993
31 15 0.999887
31 16 0.99982
31 17 0.999698
31 18 0.999487
31 19 0.999097
31 20 0.99838
31 21 0.997018
31 22 0.994394
31 23 0.989247
31 24 0.979034
31 25 0.958665
31 26 0.918451
31 27 0.84215
31 28 0.710749
31 29 0.524215
31 30 0.328262
31 31 0.178636
31 32 0.0885084
31 33 0.0414767
31 34 0.0188129
31 35 0.00836205
31 36 0.00366558
31 37 0.00158996
31 38 0.000683669
31 39 0.00029175
31 40 0.000123658
31 41 5.20871e-05
31 42 2.18144e-05
31 43 9.08698e-06
31 44 3.76605e-06
31 45 1.55322e-06
31 46 6.37553e-07
31 47 2.60508e-07
31 48 1.06058e-07
31 49 4.32737e-08
31 50 1.834e-08
31 51 9.66215e-09

32 1 0.999989
32 2 0.999989
32 3 0.999988
32 4 0.999987
32 5 0.999985
32 6 0.999982
32 7 0.999978
32 8 0.999973
32 9 0.999965
32 10 0.999953
32 11 0.999936
32 12 0.999909
32 13 0.999868
32 14 0.999799
32 15 0.999689
32 16 0.999502
32 17 0.999183
32 18 0.998621
32 19 0.997617
32 20 0.995776
32 21 0.992349
32 22 0.985856
32 23 0.973413
32 24 0.949483
32 25 0.904036
32 26 0.821411
32 27 0.685715
32 28 0.50214
32 29 0.315825
32 30 0.174666
32 31 0.0885084
32 32 0.042498
32 33 0.019745
32 34 0.00898049
32 35 0.00402344
32 36 0.0017816
32 37 0.000781229
32 38 0.000339652
32 39 0.000146538
32 40 6.278e-05
32 41 2.67225e-05
32 42 1.13061e-05
32 43 4.75648e-06
32 44 1.99027e-06
32 45 8.28472e-07
32 46 3.43114e-07
32 47 1.41408e-07
32 48 5.80503e-08
32 49 2.38803e-08
32 50 1.02073e-08
32 51 5.42108e-09

33 1 0.999967
33 2 0.999965
33 3 0.999963
33 4 0.99996
33 5 0.999954
33 6 0.999947
33 7 0.999936
33 8 0.99992
33 9 0.999897
33 10 0.999864
33 11 0.999814
33 12 0.999738
33 13 0.99962
33 14 0.999433
33 15 0.999128
33 16 0.998624
33 17 0.997767
33 18 0.996283
33 19 0.993661
33 20 0.988941
33 21 0.980311
33 22 0.964371
33 23 0.934899
33 24 0.881345
33 25 0.788881
33 26 0.646073
33 27 0.465499
33 28 0.291851
33 29 0.163213
33 30 0.0843691
33 31 0.0414767
33 32 0.019745
33 33 0.00919696
33 34 0.00421572
33 35 0.00190789
33 36 0.000854158
33 37 0.000378775
33 38 0.000166529
33 39 7.26406e-05
33 40 3.1457e-05
33 41 1.35309e-05
33 42 5.78351e-06
33 43 2.45733e-06
33 44 1.03813e-06
33 45 4.36153e-07
33 46 1.82252e-07
33 47 7.57597e-08
33 48 3.13597e-08
33 49 1.30067e-08
33 50 5.60722e-09
33 51 3.00209e-09

34 1 0.999898
34 2 0.999895
34 3 0.999888
34 4 0.999878
34 5 0.999862
34 6 0.999839
34 7 0.999807
34 8 0.999761
34 9 0.999695
34 10 0.999599
34 11 0.999456
34 12 0.999241
34 13 0.99891
34 14 0.998389
34 15 0.997551
34 16 0.996177
34 17 0.993875
34 18 0.989945
34 19 0.983115
34 20 0.971079
34 21 0.949707
34 22 0.911896
34 23 0.846646
34 24 0.740947
34 25 0.59005
34 26 0.415233
34 27 0.258251
34 28 0.145587
34 29 0.0766455
34 30 0.0385587
34 31 0.0188129
34 32 0.00898049
34 33 0.00421572
34 34 0.00195202
34 35 0.000893224
34 36 0.000404453
34 37 0.000181397
34 38 8.06479e-05
34 39 3.55669e-05
34 40 1.55683e-05
34 41 6.76691e-06
34 42 2.92196e-06
34 43 1.25381e-06
34 44 5.34774e-07
34 45 2.26757e-07
34 46 9.55983e-08
34 47 4.008e-08
34 48 1.67283e-08
34 49 6.99517e-09
34 50 3.04153e-09
34 51 1.64161e-09

35 1 0.999689
35 2 0.999679
35 3 0.99966
35 4 0.999628
35 5 0.999581
35 6 0.999515
35 7 0.99942
35 8 0.999286
35 9 0.999094
35 10 0.998817
35 11 0.99841
35 12 0.997799
35 13 0.996866
35 14 0.995413
35 15 0.993105
35 16 0.989366
35 17 0.983199
35 18 0.972867
35 19 0.95536
35 20 0.925602
35 21 0.875582
35 22 0.79454
35 23 0.673418
35 24 0.51703
35 25 0.353887
35 26 0.218012
35 27 0.12379
35 28 0.0663378
35 29 0.0341486
35 30 0.0170816
35 31 0.00836205
35 32 0.00402344
35 33 0.00190789
35 34 0.000893224
35 35 0.000413405
35 36 0.000189337
35 37 8.58826e-05
35 38 3.86096e-05
35 39 1.7214e-05
35 40 7.61559e-06
35 41 3.34477e-06
35 42 1.45895e-06
35 43 6.32202e-07
35 44 2.72215e-07
35 45 1.16486e-07
35 46 4.95435e-08
35 47 2.09482e-08
35 48 8.81532e-09
35 49 3.7164e-09
35 50 1.62977e-09
35 51 8.86754e-10

36 1 0.999051
36 2 0.999024
36 3 0.998965
36 4 0.998872
36 5 0.998733
36 6 0.998536
36 7 0.998258
36 8 0.997866
36 9 0.99731
36 10 0.99651
36 11 0.995343
36 12 0.993609
36 13 0.990987
36 14 0.986951
36 15 0.980629
36 16 0.970568
36 17 0.954353
36 18 0.928058
36 19 0.885589
36 20 0.81855
36 21 0.718369
36 22 0.583415
36 23 0.429554
36 24 0.286142
36 25 0.174978
36 26 0.100204
36 27 0.0546914
36 28 0.0288181
36 29 0.0147856
36 30 0.00742716
36 31 0.00366558
36 32 0.0017816
36 33 0.000854158
36 34 0.000404453
36 35 0.000189337
36 36 8.77042e-05
36 37 4.023e-05
36 38 1.8286e-05
36 39 8.24123e-06
36 40 3.68466e-06
36 41 1.63504e-06
36 42 7.20356e-07
36 43 3.15192e-07
36 44 1.36994e-07
36 45 5.91545e-08
36 46 2.53794e-08
36 47 1.08214e-08
36 48 4.59104e-09
36 49 1.95126e-09
36 50 8.63027e-10
36 51 4.73357e-10

37 1 0.997109
37 2 0.997027
37 3 0.996855
37 4 0.996577
37 5 0.996168
37 6 0.995587
37 7 0.994773
37 8 0.99363
37 9 0.992017
37 10 0.989718
37 11 0.986392
37 12 0.981507
37 13 0.974219
37 14 0.96319
37 15 0.94631
37 16 0.920288
37 17 0.880216
37 18 0.819538
37 19 0.731352
37 20 0.612885
37 21 0.473388
37 22 0.334787
37 23 0.218343
37 24 0.13321
37 25 0.0771617
37 26 0.0429549
37 27 0.0231853
37 28 0.0122078
37 29 0.00629599
37 30 0.0031893
37 31 0.00158996
37 32 0.000781229
37 33 0.000378775
37 34 0.000181397
37 35 8.58826e-05
37 36 4.023e-05
37 37 1.86584e-05
37 38 8.57354e-06
37 39 3.90534e-06
37 40 1.76436e-06
37 41 7.90911e-07
37 42 3.51909e-07
37 43 1.55456e-07
37 44 6.81937e-08
37 45 2.97095e-08
37 46 1.28563e-08
37 47 5.52731e-09
37 48 2.36396e-09
37 49 1.01285e-09
37 50 4.51802e-10
37 51 2.49799e-10

38 1 0.991212
38 2 0.990968
38 3 0.99046
38 4 0.989643
38 5 0.988443
38 6 0.986746
38 7 0.984379
38 8 0.981081
38 9 0.976465
38 10 0.969949
38 11 0.960659
38 12 0.947272
38 13 0.927788
38 14 0.899264
38 15 0.857631
38 16 0.797814
38 17 0.714777
38 18 0.606935
38 19 0.481474
38 20 0.354606
38 21 0.243259
38 22 0.156866
38 23 0.0961266
38 24 0.056532
38 25 0.0321579
38 26 0.017797
38 27 0.00962219
38 28 0.0050975
38 29 0.00265174
38 30 0.00135676
38 31 0.000683669
38 32 0.000339652
38 33 0.000166529
38 34 8.06479e-05
38 35 3.86096e-05
38 36 1.8286e-05
38 37 8.57354e-06
38 38 3.98186e-06
38 39 1.83288e-06
38 40 8.36587e-07
38 41 3.78779e-07
38 42 1.70175e-07
38 43 7.58837e-08
38 44 3.35908e-08
38 45 1.47628e-08
38 46 6.44245e-09
38 47 2.79252e-09
38 48 1.20388e-09
38 49 5.1995e-10
38 50 2.33914e-10
38 51 1.30367e-10

39 1 0.973511
39 2 0.9728
39 3 0.971322
39 4 0.968955
39 5 0.9655
39 6 0.960652
39 7 0.953957
39 8 0.944748
39 9 0.932058
39 10 0.914506
39 11 0.890169
39 12 0.856462
39 13 0.810091
39 14 0.747327
39 15 0.665322
39 16 0.56496
39 17 0.453369
39 18 0.342481
39 19 0.243946
39 20 0.164732
39 21 0.1062
39 22 0.0658166
39 23 0.0394457
39 24 0.0229719
39 25 0.0130474
39 26 0.00724749
39 27 0.00394554
39 28 0.00210863
39 29 0.0011078
39 30 0.000572772
39 31 0.00029175
39 32 0.000146538
39 33 7.26406e-05
39 34 3.55669e-05
39 35 1.7214e-05
39 36 8.24123e-06
39 37 3.90534e-06
39 38 1.83288e-06
39 39 8.52402e-07
39 40 3.92988e-07
39 41 1.79679e-07
39 42 8.14942e-08
39 43 3.66746e-08
39 44 1.63791e-08
39 45 7.2604e-09
39 46 3.19478e-09
39 47 1.39598e-09
39 48 6.06584e-10
39 49 2.64072e-10
39 50 1.19811e-10
39 51 6.7308e-11

40 1 0.922218
40 2 0.920252
40 3 0.91618
40 4 0.909705
40 5 0.900355
40 6 0.887433
40 7 0.869969
40 8 0.846646
40 9 0.815737
40 10 0.775103
40 11 0.722437
40 12 0.656011
40 13 0.575977
40 14 0.485602
40 15 0.391241
40 16 0.300642
40 17 0.220513
40 18 0.154814
40 19 0.104436
40 20 0.0679752
40 21 0.0428547
40 22 0.0262582
40 23 0.015681
40 24 0.00914785
40 25 0.00522278
40 26 0.00292271
40 27 0.00160519
40 28 0.000866197
40 29 0.00045972
40 30 0.000240197
40 31 0.000123658
40 32 6.278e-05
40 33 3.1457e-05
40 34 1.55683e-05
40 35 7.61559e-06
40 36 3.68466e-06
40 37 1.76436e-06
40 38 8.36587e-07
40 39 3.92988e-07
40 40 1.82965e-07
40 41 8.44555e-08
40 42 3.86612e-08
40 43 1.75552e-08
40 44 7.90851e-09
40 45 3.53516e-09
40 46 1.56828e-09
40 47 6.90719e-10
40 48 3.02484e-10
40 49 1.3273e-10
40 50 6.07327e-11
40 51 3.43905e-11

41 1 0.788075
41 2 0.783464
41 3 0.774003
41 4 0.759211
41 5 0.738376
41 6 0.710593
41 7 0.67488
41 8 0.630404
41 9 0.576854
41 10 0.514877
41 11 0.446406
41 12 0.374646
41 13 0.303601
41 14 0.237273
41 15 0.178836
41 16 0.130124
41 17 0.0915538
41 18 0.0624167
41 19 0.0413195
41 20 0.0266151
41 21 0.016712
41 22 0.0102464
41 23 0.006143
41 24 0.0036058
41 25 0.00207454
41 26 0.00117107
41 27 0.000649222
41 28 0.000353789
41 29 0.000189675
41 30 0.000100128
41 31 5.20871e-05
41 32 2.67225e-05
41 33 1.35309e-05
41 34 6.76691e-06
41 35 3.34477e-06
41 36 1.63504e-06
41 37 7.90911e-07
41 38 3.78779e-07
41 39 1.79679e-07
41 40 8.44555e-08
41 41 3.93474e-08
41 42 1.8175e-08
41 43 8.3252e-09
41 44 3.78232e-09
41 45 1.70467e-09
41 46 7.62298e-10
41 47 3.38375e-10
41 48 1.49333e-10
41 49 6.60457e-11
41 50 3.04769e-11
41 51 1.7395e-11

42 1 0.525169
42 2 0.518379
42 3 0.504804
42 4 0.484499
42 5 0.457646
42 6 0.424662
42 7 0.386301
42 8 0.343734
42 9 0.298542
42 10 0.25261
42 11 0.207926
42 12 0.166318
42 13 0.129223
42 14 0.0975262
42 15 0.0715273
42 16 0.0510174
42 17 0.0354217
42 18 0.0239649
42 19 0.0158162
42 20 0.0101929
42 21 0.00642093
42 22 0.00395737
42 23 0.00238842
42 24 0.00141281
42 25 0.000819746
42 26 0.000466929
42 27 0.000261303
42 28 0.000143781
42 29 7.78509e-05
42 30 4.15113e-05
42 31 2.18144e-05
42 32 1.13061e-05
42 33 5.78351e-06
42 34 2.92196e-06
42 35 1.45895e-06
42 36 7.20356e-07
42 37 3.51909e-07
42 38 1.70175e-07
42 39 8.14942e-08
42 40 3.86612e-08
42 41 1.8175e-08
42 42 8.46898e-09
42 43 3.9124e-09
42 44 1.79224e-09
42 45 8.14273e-10
42 46 3.67003e-10
42 47 1.64171e-10
42 48 7.30104e-11
42 49 3.25448e-11
42 50 1.51454e-11
42 51 8.71288e-12

43 1 0.255146
43 2 0.250454
43 3 0.24126
43 4 0.227941
43 5 0.211065
43 6 0.19137
43 7 0.169735
43 8 0.147127
43 9 0.124525
43 10 0.102837
43 11 0.0828233
43 12 0.0650333
43 13 0.0497817
43 14 0.0371546
43 15 0.0270454
43 16 0.0192089
43 17 0.0133188
43 18 0.00902051
43 19 0.00597138
43 20 0.00386609
43 21 0.00244967
43 22 0.00152009
43 23 0.000924385
43 24 0.000551257
43 25 0.00032261
43 26 0.000185409
43 27 0.00010472
43 28 5.8169e-05
43 29 3.18004e-05
43 30 1.71226e-05
43 31 9.08698e-06
43 32 4.75648e-06
43 33 2.45733e-06
43 34 1.25381e-06
43 35 6.32202e-07
43 36 3.15192e-07
43 37 1.55456e-07
43 38 7.58837e-08
43 39 3.66746e-08
43 40 1.75552e-08
43 41 8.3252e-09
43 42 3.9124e-09
43 43 1.82243e-09
43 44 8.41606e-10
43 45 3.854e-10
43 46 1.75055e-10
43 47 7.89076e-11
43 48 3.53604e-11
43 49 1.5886e-11
43 50 7.45562e-12
43 51 4.32298e-12

44 1 0.102337
44 2 0.100216
44 3 0.0960935
44 4 0.0901976
44 5 0.0828504
44 6 0.0744426
44 7 0.0654022
44 8 0.0561607
44 9 0.0471181
44 10 0.0386132
44 11 0.0309028
44 12 0.0241513
44 13 0.0184321
44 14 0.013739
44 15 0.0100041
44 16 0.00711815
44 17 0.00495081
44 18 0.0033673
44 19 0.00224068
44 20 0.00145943
44 21 0.00093093
44 22 0.000581866
44 23 0.000356579
44 24 0.000214378
44 25 0.000126524
44 26 7.33534e-05
44 27 4.18039e-05
44 28 2.34348e-05
44 29 1.29316e-05
44 30 7.02905e-06
44 31 3.76605e-06
44 32 1.99027e-06
44 33 1.03813e-06
44 34 5.34774e-07
44 35 2.72215e-07
44 36 1.36994e-07
44 37 6.81937e-08
44 38 3.35908e-08
44 39 1.63791e-08
44 40 7.90851e-09
44 41 3.78232e-09
44 42 1.79224e-09
44 43 8.41606e-10
44 44 3.91742e-10
44 45 1.8079e-10
44 46 8.27484e-11
44 47 3.75831e-11
44 48 1.69701e-11
44 49 7.68378e-12
44 50 3.63677e-12
44 51 2.12529e-12

45 1 0.0378433
45 2 0.0370325
45 3 0.0354602
45 4 0.0332212
45 5 0.0304461
45 6 0.0272902
45 7 0.0239197
45 8 0.0204973
45 9 0.0171695
45 10 0.0140568
45 11 0.0112476
45 12 0.00879572
45 13 0.00672278
45 14 0.00502279
45 15 0.00366893
45 16 0.00262081
45 17 0.0018313
45 18 0.00125216
45 19 0.000838116
45 20 0.000549383
45 21 0.00035284
45 22 0.000222142
45 23 0.000137173
45 24 8.31269e-05
45 25 4.9466e-05
45 26 2.89226e-05
45 27 1.66269e-05
45 28 9.40396e-06
45 29 5.23631e-06
45 30 2.87236e-06
45 31 1.55322e-06
45 32 8.28472e-07
45 33 4.36153e-07
45 34 2.26757e-07
45 35 1.16486e-07
45 36 5.91545e-08
45 37 2.97095e-08
45 38 1.47628e-08
45 39 7.2604e-09
45 40 3.53516e-09
45 41 1.70467e-09
45 42 8.14273e-10
45 43 3.854e-10
45 44 1.8079e-10
45 45 8.40764e-11
45 46 3.87745e-11
45 47 1.77438e-11
45 48 8.07266e-12
45 49 3.68381e-12
45 50 1.75836e-12
45 51 1.03562e-12

46 1 0.013576
46 2 0.0132842
46 3 0.0127188
46 4 0.0119144
46 5 0.0109187
46 6 0.00978804
46 7 0.0085821
46 8 0.00735898
46 9 0.00617064
46 10 0.00505949
46 11 0.00405639
46 12 0.00318009
46 13 0.00243802
46 14 0.00182804
46 15 0.0013408
46 16 0.000962191
46 17 0.000675768
46 18 0.000464631
46 19 0.000312858
46 20 0.00020639
46 21 0.000133452
46 22 8.46176e-05
46 23 5.26405e-05
46 24 3.21469e-05
46 25 1.92826e-05
46 26 1.13674e-05
46 27 6.58999e-06
46 28 3.75935e-06
46 29 2.11161e-06
46 30 1.16859e-06
46 31 6.37553e-07
46 32 3.43114e-07
46 33 1.82252e-07
46 34 9.55983e-08
46 35 4.95435e-08
46 36 2.53794e-08
46 37 1.28563e-08
46 38 6.44245e-09
46 39 3.19478e-09
46 40 1.56828e-09
46 41 7.62298e-10
46 42 3.67003e-10
46 43 1.75055e-10
46 44 8.27484e-11
46 45 3.87745e-11
46 46 1.80169e-11
46 47 8.30673e-12
46 48 3.80778e-12
46 49 1.75122e-12
46 50 8.42984e-13
46 51 5.00362e-13

47 1 0.00481835
47 2 0.00471556
47 3 0.00451638
47 4 0.00423299
47 5 0.00388216
47 6 0.00348363
47 7 0.00305836
47 8 0.00262669
47 9 0.00220682
47 10 0.00181364
47 11 0.00145802
47 12 0.00114661
47 13 0.000882161
47 14 0.000664066
47 15 0.000489192
47 16 0.000352732
47 17 0.000249011
47 18 0.00017216
47 19 0.000116609
47 20 7.74088e-05
47 21 5.03831e-05
47 22 3.21674e-05
47 23 2.01557e-05
47 24 1.24011e-05
47 25 7.49607e-06
47 26 4.45421e-06
47 27 2.60329e-06
47 28 1.49743e-06
47 29 8.48209e-07
47 30 4.73417e-07
47 31 2.60508e-07
47 32 1.41408e-07
47 33 7.57597e-08
47 34 4.008e-08
47 35 2.09482e-08
47 36 1.08214e-08
47 37 5.52731e-09
47 38 2.79252e-09
47 39 1.39598e-09
47 40 6.90719e-10
47 41 3.38375e-10
47 42 1.64171e-10
47 43 7.89076e-11
47 44 3.75831e-11
47 45 1.77438e-11
47 46 8.30673e-12
47 47 3.85855e-12
47 48 1.78213e-12
47 49 8.26038e-13
47 50 4.01011e-13
47 51 2.39876e-13

48 1 0.00170464
48 2 0.00166868
48 3 0.00159899
48 4 0.00149978
48 5 0.00137687
48 6 0.00123714
48 7 0.00108784
48 8 0.000936086
48 9 0.000788218
48 10 0.000649457
48 11 0.000523639
48 12 0.000413154
48 13 0.000319027
48 14 0.000241119
48 15 0.000178402
48 16 0.000129247
48 17 9.17068e-05
48 18 6.37491e-05
48 19 4.34291e-05
48 20 2.90057e-05
48 21 1.90002e-05
48 22 1.22124e-05
48 23 7.7057e-06
48 24 4.77544e-06
48 25 2.90825e-06
48 26 1.74142e-06
48 27 1.02581e-06
48 28 5.94801e-07
48 29 3.39671e-07
48 30 1.91148e-07
48 31 1.06058e-07
48 32 5.80503e-08
48 33 3.13597e-08
48 34 1.67283e-08
48 35 8.81532e-09
48 36 4.59104e-09
48 37 2.36396e-09
48 38 1.20388e-09
48 39 6.06584e-10
48 40 3.02484e-10
48 41 1.49333e-10
48 42 7.30104e-11
48 43 3.53604e-11
48 44 1.69701e-11
48 45 8.07266e-12
48 46 3.80778e-12
48 47 1.78213e-12
48 48 8.29386e-13
48 49 3.87481e-13
48 50 1.89726e-13
48 51 1.14379e-13

49 1 0.000604822
49 2 0.000592224
49 3 0.000567798
49 4 0.000533008
49 5 0.000489873
49 6 0.000440774
49 7 0.000388245
49 8 0.000334758
49 9 0.000282537
49 10 0.000233419
49 11 0.000188764
49 12 0.000149433
49 13 0.000115814
49 14 8.78841e-05
49 15 6.53089e-05
49 16 4.75374e-05
49 17 3.39006e-05
49 18 2.36926e-05
49 19 1.62328e-05
49 20 1.0907e-05
49 21 7.18989e-06
49 22 4.65188e-06
49 23 2.95545e-06
49 24 1.84466e-06
49 25 1.13168e-06
49 26 6.82771e-07
49 27 4.05319e-07
49 28 2.36877e-07
49 29 1.36359e-07
49 30 7.7359e-08
49 31 4.32737e-08
49 32 2.38803e-08
49 33 1.30067e-08
49 34 6.99517e-09
49 35 3.7164e-09
49 36 1.95126e-09
49 37 1.01285e-09
49 38 5.1995e-10
49 39 2.64072e-10
49 40 1.3273e-10
49 41 6.60457e-11
49 42 3.25448e-11
49 43 1.5886e-11
49 44 7.68378e-12
49 45 3.68381e-12
49 46 1.75122e-12
49 47 8.26038e-13
49 48 3.87481e-13
49 49 1.82523e-13
49 50 9.01711e-14
49 51 5.48025e-14

50 1 0.000221625
50 2 0.000217073
50 3 0.000208243
50 4 0.000195659
50 5 0.00018004
50 6 0.00016224
50 7 0.000143166
50 8 0.000123708
50 9 0.00010467
50 10 8.6717e-05
50 11 7.03492e-05
50 12 5.58868e-05
50 13 4.34804e-05
50 14 3.31336e-05
50 15 2.47346e-05
50 16 1.80924e-05
50 17 1.29701e-05
50 18 9.11534e-06
50 19 6.28233e-06
50 20 4.24756e-06
50 21 2.81836e-06
50 22 1.836e-06
50 23 1.17478e-06
50 24 7.3867e-07
50 25 4.56629e-07
50 26 2.77658e-07
50 27 1.66153e-07
50 28 9.78991e-08
50 29 5.68251e-08
50 30 3.25095e-08
50 31 1.834e-08
50 32 1.02073e-08
50 33 5.60722e-09
50 34 3.04153e-09
50 35 1.62977e-09
50 36 8.63027e-10
50 37 4.51802e-10
50 38 2.33914e-10
50 39 1.19811e-10
50 40 6.07327e-11
50 41 3.04769e-11
50 42 1.51454e-11
50 43 7.45562e-12
50 44 3.63677e-12
50 45 1.75836e-12
50 46 8.42984e-13
50 47 4.01011e-13
50 48 1.89726e-13
50 49 9.01711e-14
50 50 4.4979e-14
50 51 2.75755e-14

51 1 0.000101328
51 2 9.9277e-05
51 3 9.52963e-05
51 4 8.96188e-05
51 5 8.25653e-05
51 6 7.45162e-05
51 7 6.58774e-05
51 8 5.70477e-05
51 9 4.83889e-05
51 10 4.02029e-05
51 11 3.27179e-05
51 12 2.60829e-05
51 13 2.03707e-05
51 14 1.55881e-05
51 15 1.16893e-05
51 16 8.59177e-06
51 17 6.19121e-06
51 18 4.3751e-06
51 19 3.03286e-06
51 20 2.0631e-06
51 21 1.37768e-06
51 22 9.03464e-07
51 23 5.82091e-07
51 24 3.68621e-07
51 25 2.2955e-07
51 26 1.40633e-07
51 27 8.48041e-08
51 28 5.03586e-08
51 29 2.94622e-08
51 30 1.69902e-08
51 31 9.66215e-09
51 32 5.42108e-09
51 33 3.00209e-09
51 34 1.64161e-09
51 35 8.86754e-10
51 36 4.73357e-10
51 37 2.49799e-10
51 38 1.30367e-10
51 39 6.7308e-11
51 40 3.43905e-11
51 41 1.7395e-11
51 42 8.71288e-12
51 43 4.32298e-12
51 44 2.12529e-12
51 45 1.03562e-12
51 46 5.00362e-13
51 47 2.39876e-13
51 48 1.14379e-13
51 49 5.48025e-14
51 50 2.75755e-14
51 51 1.7038e-14

#x #y #phase
1 1 1
1 2 1
1 3 1
1 4 1
1 5 1
1 6 1
1 7 1
1 8 1
1 9 1
1 10 1
1 11 1
1 12 1
1 13 1
1 14 1
1 15 1
1 16 1
1 17 1
1 18 1
1 19 1
1 20 1
1 21 1
1 22 1
1 23 1
1 24 1
1 25 1
1 26 1
1 27 1
1 28 1
1 29 1
1 30 0.999999
1 31 0.999996
1 32 0.999989
1 33 0.999967
1 34 0.999898
1 35 0.999689
1 36 0.999051
1 37 0.997109
1 38 0.991212
1 39 0.973511
1 40 0.922218
1 41 0.788075
1 42 0.525169
1 43 0.255146
1 44 0.102337
1 45 0.0378433
1 46 0.013576
1 47 0.00481835
1 48 0.00170464
1 49 0.000604822
1 50 0.000221625
1 51 0.000101328

2 1 1
2 2 1
2 3 1
2 4 1
2 5 1
2 6 1
2 7 1
2 8 1
2 9 1
2 10 1
2 11 1
2 12 1
2 13 1
2 14 1
2 15 1
2 16 1
2 17 1
2 18 1
2 19 1
2 20 1
2 21 1
2 22 1
2 23 1
2 24 1
2 25 1
2 26 1
2 27 1
2 28 1
2 29 1
2 30 0.999999
2 31 0.999996
2 32 0.999989
2 33 0.999965
2 34 0.999895
2 35 0.999679
2 36 0.999024
2 37 0.997027
2 38 0.990968
2 39 0.9728
2 40 0.920252
2 41 0.783464
2 42 0.518379
2 43 0.250454
2 44 0.100216
2 45 0.0370325
2 46 0.0132842
2 47 0.00471556
2 48 0.00166868
2 49 0.000592224
2 50 0.000217073
2 51 9.9277e-05

3 1 1
3 2 1
3 3 1
3 4 1
3 5 1
3 6 1
3 7 1
3 8 1
3 9 1
3 10 1
3 11 1
3 12 1
3 13 0.999999
3 14 1
3 15 0.999999
3 16 1
3 17 0.999999
3 18 1
3 19 0.999999
3 20 1
3 21 1
3 22 1
3 23 1
3 24 1
3 25 1
3 26 1
3 27 1
3 28 1
3 29 1
3 30 0.999999
3 31 0.999996
3 32 0.999988
3 33 0.999963
3 34 0.999888
3 35 0.99966
3 36 0.998965
3 37 0.996855
3 38 0.99046
3 39 0.971322
