#x #y #phase
1 1 1
1 2 1
1 3 1
1 4 1
1 5 1
1 6 1
1 7 1
1 8 1
1 9 1
1 10 1
1 11 1
1 12 1
1 13 1
1 14 1
1 15 1
1 16 1
1 17 1
1 18 1
1 19 1
1 20 1
1 21 1
1 22 1
1 23 1
1 24 1
1 25 1
1 26 1
1 27 1
1 28 1
1 29 0.999999
1 30 0.999996
1 31 0.999989
1 32 0.999966
1 33 0.999897
1 34 0.999686
1 35 0.999044
1 36 0.997088
1 37 0.991148
1 38 0.973322
1 39 0.921689
1 40 0.786819
1 41 0.523283
1 42 0.253827
1 43 0.101736
1 44 0.0376129
1 45 0.0134926
1 46 0.00478848
1 47 0.00169318
1 48 0.000598205
1 49 0.000212093
1 50 7.76467e-05
1 51 3.54527e-05

2 1 1
2 2 1
2 3 1
2 4 1
2 5 1
2 6 1
2 7 1
2 8 1
2 9 1
2 10 1
2 11 1
2 12 1
2 13 1
2 14 1
2 15 1
2 16 1
2 17 1
2 18 1
2 19 1
2 20 1
2 21 1
2 22 1
2 23 1
2 24 1
2 25 1
2 26 1
2 27 1
2 28 1
2 29 0.999999
2 30 0.999996
2 31 0.999989
2 32 0.999965
2 33 0.999894
2 34 0.999677
2 35 0.999015
2 36 0.997003
2 37 0.990896
2 38 0.972589
2 39 0.919664
2 40 0.78208
2 41 0.516343
2 42 0.249053
2 43 0.099583
2 44 0.0367902
2 45 0.0131967
2 46 0.00468428
2 47 0.00165675
2 48 0.0005855
2 49 0.000207648
2 50 7.60425e-05
2 51 3.47308e-05

3 1 1
3 2 1
3 3 1
3 4 1
3 5 1
3 6 1
3 7 1
3 8 1
3 9 1
3 10 1
3 11 1
3 12 1
3 13 1
3 14 1
3 15 1
3 16 1
3 17 1
3 18 1
3 19 1
3 20 1
3 21 1
3 22 1
3 23 1
3 24 1
3 25 1
3 26 1
3 27 1
3 28 1
3 29 0.999999
3 30 0.999996
3 31 0.999988
3 32 0.999963
3 33 0.999887
3 34 0.999656
3 35 0.998955
3 36 0.996824
3 37 0.990371
3 38 0.971062
3 39 0.915465
3 40 0.772351
3 41 0.502472
3 42 0.239702
3 43 0.0953991
3 44 0.035196
3 45 0.0126237
3 46 0.0044825
3 47 0.0015862
3 48 0.000560881
3 49 0.000199031
3 50 7.29312e-05
3 51 3.33302e-05

4 1 1
4 2 1
4 3 1
4 4 1
4 5 1
4 6 1
4 7 1
4 8 1
4 9 1
4 10 1
4 11 1
4 12 1
4 13 0.999999
4 14 1
4 15 0.999999
4 16 1
4 17 0.999999
4 18 1
4 19 0.999999
4 20 1
4 21 1
4 22 1
4 23 1
4 24 1
4 25 1
4 26 1
4 27 1
4 28 0.999999
4 29 0.999999
4 30 0.999995
4 31 0.999987
4 32 0.999959
4 33 0.999876
4 34 0.999624
4 35 0.998858
4 36 0.996537
4 37 0.989525
4 38 0.968615
4 39 0.908781
4 40 0.757128
4 41 0.48173
4 42 0.226167
4 43 0.0894209
4 44 0.0329278
4 45 0.0118092
4 46 0.00419567
4 47 0.00148587
4 48 0.000525847
4 49 0.000186761
4 50 6.84977e-05
4 51 3.13329e-05

5 1 1
5 2 1
5 3 1
5 4 1
5 5 1
5 6 1
5 7 1
5 8 1
5 9 1
5 10 1
5 11 1
5 12 0.999999
5 13 1
5 14 0.999999
5 15 1
5 16 0.999999
5 17 1
5 18 0.999999
5 19 1
5 20 0.999999
5 21 1
5 22 0.999999
5 23 1
5 24 1
5 25 1
5 26 1
5 27 1
5 28 1
5 29 0.999998
5 30 0.999995
5 31 0.999985
5 32 0.999954
5 33 0.999859
5 34 0.999575
5 35 0.998714
5 36 0.996112
5 37 0.988279
5 38 0.965034
5 39 0.899109
5 40 0.735665
5 41 0.454315
5 42 0.209038
5 43 0.0819814
5 44 0.0301206
5 45 0.0108025
5 46 0.00384106
5 47 0.00136173
5 48 0.000482465
5 49 0.000171553
5 50 6.2997e-05
5 51 2.88523e-05

6 1 1
6 2 1
6 3 1
6 4 1
6 5 1
6 6 1
6 7 1
6 8 1
6 9 0.999999
6 10 1
6 11 0.999999
6 12 1
6 13 0.999998
6 14 1
6 15 0.999998
6 16 1
6 17 0.999997
6 18 1
6 19 0.999998
6 20 1
6 21 0.999998
6 22 1
6 23 0.999999
6 24 1
6 25 1
6 26 1
6 27 1
6 28 0.999999
6 29 0.999998
6 30 0.999994
6 31 0.999982
6 32 0.999945
6 33 0.999836
6 34 0.999505
6 35 0.998508
6 36 0.995506
6 37 0.986512
6 38 0.959993
6 39 0.885712
6 40 0.70702
6 41 0.420675
6 42 0.18908
6 43 0.0734835
6 44 0.0269341
6 45 0.00966133
6 46 0.00343896
6 47 0.00122084
6 48 0.00043317
6 49 0.000154251
6 50 5.67307e-05
6 51 2.60226e-05

7 1 1
7 2 1
7 3 1
7 4 1
7 5 1
7 6 1
7 7 1
7 8 0.999999
7 9 1
7 10 0.999999
7 11 1
7 12 0.999998
7 13 1
7 14 0.999997
7 15 1
7 16 0.999996
7 17 1
7 18 0.999996
7 19 1
7 20 0.999996
7 21 1
7 22 0.999997
7 23 1
7 24 0.999999
7 25 1
7 26 0.999999
7 27 1
7 28 0.999999
7 29 0.999998
7 30 0.999993
7 31 0.999978
7 32 0.999934
7 33 0.999802
7 34 0.999405
7 35 0.998216
7 36 0.994652
7 37 0.984036
7 38 0.953006
7 39 0.867558
7 40 0.670183
7 41 0.381619
7 42 0.167207
7 43 0.0643681
7 44 0.023539
7 45 0.00844703
7 46 0.00301084
7 47 0.00107064
7 48 0.000380544
7 49 0.000135752
7 50 5.00201e-05
7 51 2.29873e-05

8 1 1
8 2 1
8 3 1
8 4 1
8 5 1
8 6 1
8 7 0.999999
8 8 1
8 9 0.999999
8 10 1
8 11 0.999997
8 12 1
8 13 0.999996
8 14 1.00001
8 15 0.999994
8 16 1.00001
8 17 0.999993
8 18 1.00001
8 19 0.999993
8 20 1.00001
8 21 0.999995
8 22 1
8 23 0.999997
8 24 1
8 25 0.999998
8 26 1
8 27 0.999999
8 28 0.999999
8 29 0.999997
8 30 0.999991
8 31 0.999972
8 32 0.999917
8 33 0.999753
8 34 0.999264
8 35 0.997803
8 36 0.993449
8 37 0.980571
8 38 0.943357
8 39 0.843248
8 40 0.624332
8 41 0.338391
8 42 0.144416
8 43 0.0550775
8 44 0.0201016
8 45 0.00721894
8 46 0.00257748
8 47 0.000918375
8 48 0.0003271
8 49 0.000116931
8 50 4.31796e-05
8 51 1.98872e-05

9 1 1
9 2 1
9 3 1
9 4 1
9 5 1
9 6 0.999999
9 7 1
9 8 0.999999
9 9 1
9 10 0.999997
9 11 1
9 12 0.999995
9 13 1.00001
9 14 0.999992
9 15 1.00001
9 16 0.99999
9 17 1.00001
9 18 0.999989
9 19 1.00001
9 20 0.999991
9 21 1.00001
9 22 0.999993
9 23 1.00001
9 24 0.999996
9 25 1
9 26 0.999998
9 27 1
9 28 0.999998
9 29 0.999996
9 30 0.999987
9 31 0.999964
9 32 0.999893
9 33 0.999683
9 34 0.99906
9 35 0.997213
9 36 0.991742
9 37 0.975696
9 38 0.930004
9 39 0.810945
9 40 0.569228
9 41 0.292656
9 42 0.121713
9 43 0.0460192
9 44 0.0167709
9 45 0.00602982
9 46 0.00215736
9 47 0.000770485
9 48 0.000275086
9 49 9.85744e-05
9 50 3.64927e-05
9 51 1.68498e-05

10 1 1
10 2 1
10 3 1
10 4 1
10 5 1
10 6 1
10 7 0.999999
10 8 1
10 9 0.999997
10 10 1
10 11 0.999994
10 12 1.00001
10 13 0.99999
10 14 1.00001
10 15 0.999987
10 16 1.00001
10 17 0.999985
10 18 1.00002
10 19 0.999986
10 20 1.00001
10 21 0.999988
10 22 1.00001
10 23 0.999992
10 24 1.00001
10 25 0.999996
10 26 1
10 27 0.999997
10 28 0.999999
10 29 0.999994
10 30 0.999984
10 31 0.999951
10 32 0.999857
10 33 0.99958
10 34 0.998763
10 35 0.996358
10 36 0.989292
10 37 0.968776
10 38 0.911452
10 39 0.768401
10 40 0.505682
10 41 0.246382
10 42 0.100025
10 43 0.0375355
10 44 0.0136682
10 45 0.00492232
10 46 0.00176545
10 47 0.00063222
10 48 0.00022634
10 49 8.13291e-05
10 50 3.01945e-05
10 51 1.39814e-05

11 1 1
11 2 1
11 3 1
11 4 1
11 5 1
11 6 0.999999
11 7 1
11 8 0.999997
11 9 1
11 10 0.999994
11 11 1.00001
11 12 0.99999
11 13 1.00001
11 14 0.999985
11 15 1.00002
11 16 0.999981
11 17 1.00002
11 18 0.99998
11 19 1.00002
11 20 0.999982
11 21 1.00002
11 22 0.999987
11 23 1.00001
11 24 0.999992
11 25 1.00001
11 26 0.999995
11 27 1
11 28 0.999995
11 29 0.999993
11 30 0.999976
11 31 0.999932
11 32 0.999803
11 33 0.999425
11 34 0.998323
11 35 0.995102
11 36 0.985725
11 37 0.958853
11 38 0.885626
11 39 0.713256
11 40 0.43586
11 41 0.201615
11 42 0.0801135
11 43 0.0298819
11 44 0.0108811
11 45 0.00392703
11 46 0.00141252
11 47 0.000507386
11 48 0.000182208
11 49 6.56729e-05
11 50 2.44599e-05
11 51 1.13621e-05

12 1 1
12 2 1
12 3 1
12 4 1
12 5 0.999999
12 6 1
12 7 0.999998
12 8 1
12 9 0.999995
12 10 1.00001
12 11 0.99999
12 12 1.00001
12 13 0.999983
12 14 1.00002
12 15 0.999977
12 16 1.00003
12 17 0.999974
12 18 1.00003
12 19 0.999974
12 20 1.00002
12 21 0.999979
12 22 1.00002
12 23 0.999986
12 24 1.00001
12 25 0.999992
12 26 1.00001
12 27 0.999995
12 28 0.999998
12 29 0.999987
12 30 0.999967
12 31 0.999902
12 32 0.99972
12 33 0.99919
12 34 0.997658
12 35 0.993221
12 36 0.980447
12 37 0.944465
12 38 0.849742
12 39 0.643917
12 40 0.363223
12 41 0.160206
12 42 0.0625188
12 43 0.023217
12 44 0.00846133
12 45 0.00306199
12 46 0.001105
12 47 0.000398289
12 48 0.000143521
12 49 5.19054e-05
12 50 1.94006e-05
12 51 9.04365e-06

13 1 1
13 2 1
13 3 1
13 4 0.999999
13 5 1
13 6 0.999998
13 7 1
13 8 0.999996
13 9 1.00001
13 10 0.99999
13 11 1.00001
13 12 0.999983
13 13 1.00002
13 14 0.999975
13 15 1.00003
13 16 0.999969
13 17 1.00003
13 18 0.999967
13 19 1.00003
13 20 0.999971
13 21 1.00003
13 22 0.999978
13 23 1.00002
13 24 0.999987
13 25 1.00001
13 26 0.999992
13 27 1
13 28 0.999991
13 29 0.999984
13 30 0.999948
13 31 0.999856
13 32 0.999588
13 33 0.998825
13 34 0.996633
13 35 0.990352
13 36 0.972512
13 37 0.923401
13 38 0.800288
13 39 0.560977
13 40 0.291959
13 41 0.123565
13 42 0.0475343
13 43 0.0176059
13 44 0.00642755
13 45 0.00233359
13 46 0.000845282
13 47 0.000305838
13 48 0.000110624
13 49 4.01578e-05
13 50 1.50681e-05
13 51 7.05108e-06

14 1 1
14 2 1
14 3 1
14 4 1
14 5 0.999999
14 6 1
14 7 0.999997
14 8 1.00001
14 9 0.999992
14 10 1.00001
14 11 0.999985
14 12 1.00002
14 13 0.999975
14 14 1.00003
14 15 0.999966
14 16 1.00004
14 17 0.999961
14 18 1.00004
14 19 0.999963
14 20 1.00003
14 21 0.99997
14 22 1.00003
14 23 0.999979
14 24 1.00002
14 25 0.999988
14 26 1.00001
14 27 0.999991
14 28 0.999993
14 29 0.99997
14 30 0.999922
14 31 0.999779
14 32 0.999379
14 33 0.998244
14 34 0.995022
14 35 0.985898
14 36 0.960415
14 37 0.89242
14 38 0.733433
14 39 0.468383
14 40 0.226118
14 41 0.0925153
14 42 0.0352185
14 43 0.0130326
14 44 0.00477041
14 45 0.00173856
14 46 0.00063237
14 47 0.000229763
14 48 8.34506e-05
14 49 3.04174e-05
14 50 1.14616e-05
14 51 5.38587e-06

15 1 1
15 2 1
15 3 1
15 4 0.999999
15 5 1
15 6 0.999998
15 7 1
15 8 0.999994
15 9 1.00001
15 10 0.999987
15 11 1.00002
15 12 0.999977
15 13 1.00003
15 14 0.999966
15 15 1.00004
15 16 0.999958
15 17 1.00004
15 18 0.999956
15 19 1.00004
15 20 0.999961
15 21 1.00003
15 22 0.999971
15 23 1.00002
15 24 0.999982
15 25 1.00001
15 26 0.999989
15 27 1
15 28 0.99998
15 29 0.999957
15 30 0.999873
15 31 0.999654
15 32 0.999034
15 33 0.9973
15 34 0.992436
15 35 0.978859
15 36 0.941771
15 37 0.84709
15 38 0.646695
15 39 0.373115
15 40 0.168771
15 41 0.0672764
15 42 0.0254361
15 43 0.00941953
15 44 0.00345986
15 45 0.00126644
15 46 0.00046276
15 47 0.000168907
15 48 6.16227e-05
15 49 2.25606e-05
15 50 8.53997e-06
15 51 4.03111e-06

16 1 1
16 2 1
16 3 1
16 4 1
16 5 0.999999
16 6 1
16 7 0.999996
16 8 1.00001
16 9 0.99999
16 10 1.00001
16 11 0.999981
16 12 1.00003
16 13 0.999969
16 14 1.00004
16 15 0.999958
16 16 1.00005
16 17 0.999952
16 18 1.00005
16 19 0.999954
16 20 1.00004
16 21 0.999963
16 22 1.00003
16 23 0.999975
16 24 1.00002
16 25 0.999985
16 26 1.00001
16 27 0.999983
16 28 0.999976
16 29 0.999922
16 30 0.999796
16 31 0.999437
16 32 0.998456
16 33 0.995735
16 34 0.988204
16 35 0.967556
16 36 0.912865
16 37 0.78204
16 38 0.542117
16 39 0.283161
16 40 0.12154
16 41 0.0475555
16 42 0.0179165
16 43 0.00664964
16 44 0.00245286
16 45 0.000902232
16 46 0.000331329
16 47 0.000121534
16 48 4.45537e-05
16 49 1.63891e-05
16 50 6.23438e-06
16 51 2.95706e-06

17 1 1
17 2 1
17 3 1
17 4 0.999999
17 5 1
17 6 0.999997
17 7 1
17 8 0.999993
17 9 1.00001
17 10 0.999985
17 11 1.00002
17 12 0.999974
17 13 1.00003
17 14 0.999961
17 15 1.00004
17 16 0.999952
17 17 1.00005
17 18 0.99995
17 19 1.00005
17 20 0.999957
17 21 1.00004
17 22 0.999968
17 23 1.00002
17 24 0.99998
17 25 1.00001
17 26 0.999983
17 27 0.999988
17 28 0.999947
17 29 0.999873
17 30 0.999652
17 31 0.999065
17 32 0.997461
17 33 0.993083
17 34 0.981153
17 35 0.949198
17 36 0.868224
17 37 0.69243
17 38 0.428351
17 39 0.20499
17 40 0.0846051
17 41 0.032709
17 42 0.0123147
17 43 0.00458676
17 44 0.00170036
17 45 0.00062881
17 46 0.000232172
17 47 8.56151e-05
17 48 3.15485e-05
17 49 1.16642e-05
17 50 4.46037e-06
17 51 2.12655e-06

18 1 1
18 2 1
18 3 1
18 4 1
18 5 0.999999
18 6 1
18 7 0.999996
18 8 1.00001
18 9 0.999989
18 10 1.00002
18 11 0.99998
18 12 1.00003
18 13 0.999967
18 14 1.00004
18 15 0.999956
18 16 1.00005
18 17 0.99995
18 18 1.00005
18 19 0.999953
18 20 1.00004
18 21 0.999963
18 22 1.00003
18 23 0.999975
18 24 1.00002
18 25 0.999981
18 26 0.999996
18 27 0.99996
18 28 0.999917
18 29 0.99977
18 30 0.9994
18 31 0.9984
18 32 0.995719
18 33 0.988503
18 34 0.969227
18 35 0.919253
18 36 0.800796
18 37 0.578209
18 38 0.318146
18 39 0.142013
18 40 0.057052
18 41 0.021915
18 42 0.00826498
18 43 0.00309276
18 44 0.00115298
18 45 0.000428885
18 46 0.000159276
18 47 5.90675e-05
18 48 2.18859e-05
18 49 8.13553e-06
18 50 3.1284e-06
18 51 1.49968e-06

19 1 1
19 2 1
19 3 1
19 4 0.999999
19 5 1
19 6 0.999998
19 7 1
19 8 0.999993
19 9 1.00001
19 10 0.999986
19 11 1.00002
19 12 0.999974
19 13 1.00003
19 14 0.999963
19 15 1.00004
19 16 0.999954
19 17 1.00005
19 18 0.999953
19 19 1.00004
19 20 0.999959
19 21 1.00003
19 22 0.99997
19 23 1.00002
19 24 0.999979
19 25 1
19 26 0.999967
19 27 0.999943
19 28 0.999837
19 29 0.99959
19 30 0.998929
19 31 0.997194
19 32 0.9926
19 33 0.980459
19 34 0.948855
19 35 0.870797
19 36 0.703893
19 37 0.449302
19 38 0.222733
19 39 0.0945392
19 40 0.0373511
19 41 0.0143189
19 42 0.00541989
19 43 0.00203955
19 44 0.00076508
19 45 0.000286388
19 46 0.000107016
19 47 3.99257e-05
19 48 1.48798e-05
19 49 5.56287e-06
19 50 2.15176e-06
19 51 1.03746e-06

20 1 1
20 2 1
20 3 1
20 4 1
20 5 0.999999
20 6 1
20 7 0.999996
20 8 1.00001
20 9 0.999991
20 10 1.00001
20 11 0.999982
20 12 1.00002
20 13 0.999971
20 14 1.00003
20 15 0.999961
20 16 1.00004
20 17 0.999957
20 18 1.00004
20 19 0.999959
20 20 1.00004
20 21 0.999968
20 22 1.00002
20 23 0.999976
20 24 1.00001
20 25 0.999969
20 26 0.999959
20 27 0.999876
20 28 0.999702
20 29 0.999236
20 30 0.998048
20 31 0.994958
20 32 0.98692
20 33 0.966144
20 34 0.91406
20 35 0.794751
20 36 0.577033
20 37 0.323598
20 38 0.1479
20 39 0.060735
20 40 0.0237907
20 41 0.00913364
20 42 0.00347513
20 43 0.00131614
20 44 0.000497045
20 45 0.000187306
20 46 7.04504e-05
20 47 2.64509e-05
20 48 9.91854e-06
20 49 3.73045e-06
20 50 1.45195e-06
20 51 7.04299e-07

21 1 1
21 2 1
21 3 1
21 4 1
21 5 1
21 6 0.999998
21 7 1
21 8 0.999995
21 9 1.00001
21 10 0.999988
21 11 1.00002
21 12 0.999979
21 13 1.00003
21 14 0.99997
21 15 1.00003
21 16 0.999963
21 17 1.00004
21 18 0.999963
21 19 1.00003
21 20 0.999968
21 21 1.00003
21 22 0.999975
21 23 1.00001
21 24 0.99997
21 25 0.999969
21 26 0.999898
21 27 0.999769
21 28 0.999418
21 29 0.998554
21 30 0.996352
21 31 0.990737
21 32 0.976419
21 33 0.940543
21 34 0.85565
21 35 0.683217
21 36 0.43378
21 37 0.217174
21 38 0.0938353
21 39 0.0378025
21 40 0.0147708
21 41 0.00569369
21 42 0.00218015
21 43 0.000831564
21 44 0.00031631
21 45 0.000120045
21 46 4.54633e-05
21 47 1.71833e-05
21 48 6.48493e-06
21 49 2.45446e-06
21 50 9.6154e-07
21 51 4.69374e-07

22 1 1
22 2 1
22 3 1
22 4 1
22 5 0.999999
22 6 1
22 7 0.999997
22 8 1
22 9 0.999993
22 10 1.00001
22 11 0.999987
22 12 1.00002
22 13 0.999978
22 14 1.00003
22 15 0.999971
22 16 1.00003
22 17 0.999968
22 18 1.00003
22 19 0.99997
22 20 1.00002
22 21 0.999975
22 22 1.00001
22 23 0.99997
22 24 0.999974
22 25 0.99991
22 26 0.999808
22 27 0.999526
22 28 0.998859
22 29 0.997192
22 30 0.99304
22 31 0.982644
22 32 0.956853
22 33 0.895173
22 34 0.762259
22 35 0.538686
22 36 0.298231
22 37 0.137227
22 38 0.0572814
22 39 0.0228732
22 40 0.00895417
22 41 0.00347205
22 42 0.00133921
22 43 0.000514728
22 44 0.000197287
22 45 7.54316e-05
22 46 2.87737e-05
22 47 1.09511e-05
22 48 4.16074e-06
22 49 1.58517e-06
22 50 6.25217e-07
22 51 3.07213e-07

23 1 1
23 2 1
23 3 1
23 4 1
23 5 1
23 6 0.999999
23 7 1
23 8 0.999997
23 9 1.00001
23 10 0.999992
23 11 1.00001
23 12 0.999986
23 13 1.00002
23 14 0.999979
23 15 1.00002
23 16 0.999975
23 17 1.00002
23 18 0.999975
23 19 1.00002
23 20 0.999976
23 21 1.00001
23 22 0.99997
23 23 0.999976
23 24 0.999915
23 25 0.999829
23 26 0.999587
23 27 0.999037
23 28 0.997696
23 29 0.99444
23 30 0.986461
23 31 0.966982
23 32 0.920535
23 33 0.817564
23 34 0.62719
23 35 0.383142
23 36 0.18946
23 37 0.0825574
23 38 0.0338429
23 39 0.0134918
23 40 0.00530764
23 41 0.00207314
23 42 0.000806068
23 43 0.000312337
23 44 0.000120672
23 45 4.64972e-05
23 46 1.78699e-05
23 47 6.85044e-06
23 48 2.62094e-06
23 49 1.00537e-06
23 50 3.99336e-07
23 51 1.97564e-07

24 1 1
24 2 1
24 3 1
24 4 1
24 5 1
24 6 1
24 7 0.999999
24 8 1
24 9 0.999996
24 10 1.00001
24 11 0.999992
24 12 1.00001
24 13 0.999987
24 14 1.00002
24 15 0.999982
24 16 1.00002
24 17 0.99998
24 18 1.00002
24 19 0.999979
24 20 1.00001
24 21 0.99997
24 22 0.999974
24 23 0.999915
24 24 0.999835
24 25 0.999614
24 26 0.999131
24 27 0.997982
24 28 0.995269
24 29 0.988781
24 30 0.973264
24 31 0.936697
24 32 0.854923
24 33 0.695322
24 34 0.46289
24 35 0.246806
24 36 0.112958
24 37 0.0477492
24 38 0.0194421
24 39 0.00777549
24 40 0.00308029
24 41 0.00121313
24 42 0.000475746
24 43 0.000185918
24 44 7.24282e-05
24 45 2.81331e-05
24 46 1.08964e-05
24 47 4.20845e-06
24 48 1.62177e-06
24 49 6.26501e-07
24 50 2.50666e-07
24 51 1.24887e-07

25 1 1
25 2 1
25 3 1
25 4 1
25 5 1
25 6 1
25 7 1
25 8 0.999998
25 9 1
25 10 0.999996
25 11 1.00001
25 12 0.999992
25 13 1.00001
25 14 0.999988
25 15 1.00001
25 16 0.999985
25 17 1.00001
25 18 0.999981
25 19 1
25 20 0.999969
25 21 0.999969
25 22 0.99991
25 23 0.999829
25 24 0.999614
25 25 0.999161
25 26 0.998112
25 27 0.995708
25 28 0.990111
25 29 0.97704
25 30 0.946782
25 31 0.879408
25 32 0.744384
25 33 0.530601
25 34 0.30397
25 35 0.146603
25 36 0.0641429
25 37 0.0267504
25 38 0.0108988
25 39 0.00438632
25 40 0.00175224
25 41 0.000696316
25 42 0.000275541
25 43 0.000108635
25 44 4.26856e-05
25 45 1.67184e-05
25 46 6.52725e-06
25 47 2.54046e-06
25 48 9.86281e-07
25 49 3.83782e-07
25 50 1.54708e-07
25 51 7.76376e-08

26 1 1
26 2 1
26 3 1
26 4 1
26 5 1
26 6 1
26 7 0.999999
26 8 1
26 9 0.999998
26 10 1
26 11 0.999995
26 12 1.00001
26 13 0.999992
26 14 1.00001
26 15 0.999989
26 16 1.00001
26 17 0.999983
26 18 0.999996
26 19 0.999967
26 20 0.999959
26 21 0.999898
26 22 0.999808
26 23 0.999587
26 24 0.999131
26 25 0.998112
26 26 0.995846
26 27 0.990717
26 28 0.979056
26 29 0.952657
26 30 0.894655
26 31 0.777566
26 32 0.582942
26 33 0.355496
26 34 0.180582
26 35 0.0819602
26 36 0.0350934
26 37 0.0145956
26 38 0.00597775
26 39 0.00242575
26 40 0.000978068
26 41 0.000392368
26 42 0.000156724
26 43 6.23552e-05
26 44 2.47183e-05
26 45 9.76409e-06
26 46 3.84354e-06
26 47 1.50778e-06
26 48 5.89829e-07
26 49 2.31228e-07
26 50 9.39304e-08
26 51 4.74872e-08

27 1 1
27 2 1
27 3 1
27 4 1
27 5 1
27 6 1
27 7 1
27 8 0.999999
27 9 1
27 10 0.999997
27 11 1
27 12 0.999995
27 13 1
27 14 0.999991
27 15 1
27 16 0.999983
27 17 0.999988
27 18 0.99996
27 19 0.999943
27 20 0.999876
27 21 0.999769
27 22 0.999526
27 23 0.999037
27 24 0.997982
27 25 0.995708
27 26 0.990717
27 27 0.97969
27 28 0.955363
27 29 0.902974
27 30 0.797907
27 31 0.619376
27 32 0.397032
27 33 0.211492
27 34 0.0995932
27 35 0.0438511
27 36 0.0186508
27 37 0.00778627
27 38 0.00321445
27 39 0.00131684
27 40 0.00053622
27 41 0.000217239
27 42 8.76102e-05
27 43 3.51843e-05
27 44 1.4074e-05
27 45 5.60805e-06
27 46 2.22612e-06
27 47 8.80345e-07
27 48 3.47061e-07
27 49 1.37094e-07
27 50 5.61298e-08
27 51 2.85916e-08

28 1 1
28 2 1
28 3 1
28 4 0.999999
28 5 1
28 6 0.999999
28 7 0.999999
28 8 0.999999
28 9 0.999998
28 10 0.999999
28 11 0.999995
28 12 0.999998
28 13 0.999991
28 14 0.999993
28 15 0.99998
28 16 0.999976
28 17 0.999947
28 18 0.999917
28 19 0.999837
28 20 0.999702
28 21 0.999418
28 22 0.998859
28 23 0.997696
28 24 0.995269
28 25 0.990111
28 26 0.979056
28 27 0.955363
28 28 0.905615
28 29 0.807542
28 30 0.640654
28 31 0.425824
28 32 0.236108
28 33 0.115134
28 34 0.0521581
28 35 0.0227169
28 36 0.009682
28 37 0.00407247
28 38 0.00169743
28 39 0.000702511
28 40 0.000289017
28 41 0.000118277
28 42 4.81708e-05
28 43 1.95304e-05
28 44 7.88449e-06
28 45 3.16969e-06
28 46 1.26898e-06
28 47 5.05951e-07
28 48 2.01038e-07
28 49 8.00283e-08
28 50 3.30286e-08
28 51 1.69537e-08

29 1 0.999999
29 2 0.999999
29 3 0.999999
29 4 0.999999
29 5 0.999998
29 6 0.999998
29 7 0.999998
29 8 0.999997
29 9 0.999996
29 10 0.999994
29 11 0.999993
29 12 0.999987
29 13 0.999984
29 14 0.99997
29 15 0.999957
29 16 0.999922
29 17 0.999873
29 18 0.99977
29 19 0.99959
29 20 0.999236
29 21 0.998554
29 22 0.997192
29 23 0.99444
29 24 0.988781
29 25 0.97704
29 26 0.952657
29 27 0.902974
29 28 0.807542
29 29 0.647631
29 30 0.440481
29 31 0.25191
29 32 0.126728
29 33 0.0590378
29 34 0.0263538
29 35 0.011482
29 36 0.00492769
29 37 0.00209263
29 38 0.00088141
29 39 0.000368691
29 40 0.000153286
29 41 6.33783e-05
29 42 2.6071e-05
29 43 1.06728e-05
29 44 4.34899e-06
29 45 1.76412e-06
29 46 7.12375e-07
29 47 2.86388e-07
29 48 1.14705e-07
29 49 4.60195e-08
29 50 1.91475e-08
29 51 9.90514e-09

30 1 0.999996
30 2 0.999996
30 3 0.999996
30 4 0.999995
30 5 0.999995
30 6 0.999994
30 7 0.999993
30 8 0.999991
30 9 0.999987
30 10 0.999984
30 11 0.999976
30 12 0.999967
30 13 0.999948
30 14 0.999922
30 15 0.999873
30 16 0.999796
30 17 0.999652
30 18 0.9994
30 19 0.998929
30 20 0.998048
30 21 0.996352
30 22 0.99304
30 23 0.986461
30 24 0.973264
30 25 0.946782
30 26 0.894655
30 27 0.797907
30 28 0.640654
30 29 0.440481
30 30 0.25735
30 31 0.132921
30 32 0.0635908
30 33 0.0291036
30 34 0.0129762
30 35 0.00568957
30 36 0.00246511
30 37 0.00105808
30 38 0.000450574
30 39 0.000190539
30 40 8.0068e-05
30 41 3.34511e-05
30 42 1.38997e-05
30 43 5.74593e-06
30 44 2.36349e-06
30 45 9.67438e-07
30 46 3.94071e-07
30 47 1.59749e-07
30 48 6.44984e-08
30 49 2.60816e-08
30 50 1.09413e-08
30 51 5.70463e-09

31 1 0.999989
31 2 0.999989
31 3 0.999988
31 4 0.999987
31 5 0.999985
31 6 0.999982
31 7 0.999978
31 8 0.999972
31 9 0.999964
31 10 0.999951
31 11 0.999932
31 12 0.999902
31 13 0.999856
31 14 0.999779
31 15 0.999654
31 16 0.999437
31 17 0.999065
31 18 0.9984
31 19 0.997194
31 20 0.994958
31 21 0.990737
31 22 0.982644
31 23 0.966982
31 24 0.936697
31 25 0.879408
31 26 0.777566
31 27 0.619376
31 28 0.425824
31 29 0.25191
31 30 0.132921
31 31 0.0651843
31 32 0.0305865
31 33 0.0139675
31 34 0.00626429
31 35 0.00277264
31 36 0.00121434
31 37 0.000527099
31 38 0.00022699
31 39 9.70532e-05
31 40 4.12248e-05
31 41 1.74041e-05
31 42 7.3055e-06
31 43 3.04973e-06
31 44 1.26636e-06
31 45 5.2308e-07
31 46 2.14932e-07
31 47 8.78601e-08
31 48 3.57603e-08
31 49 1.45758e-08
31 50 6.16548e-09
31 51 3.24014e-09

32 1 0.999966
32 2 0.999965
32 3 0.999963
32 4 0.999959
32 5 0.999954
32 6 0.999945
32 7 0.999934
32 8 0.999917
32 9 0.999893
32 10 0.999857
32 11 0.999803
32 12 0.99972
32 13 0.999588
32 14 0.999379
32 15 0.999034
32 16 0.998456
32 17 0.997461
32 18 0.995719
32 19 0.9926
32 20 0.98692
32 21 0.976419
32 22 0.956853
32 23 0.920535
32 24 0.854923
32 25 0.744384
32 26 0.582942
32 27 0.397032
32 28 0.236108
32 29 0.126728
32 30 0.0635908
32 31 0.0305865
32 32 0.014315
32 33 0.00657384
32 34 0.00297597
32 35 0.00133159
32 36 0.000589878
32 37 0.000258993
32 38 0.0001128
32 39 4.87662e-05
32 40 2.09388e-05
32 41 8.93298e-06
32 42 3.78793e-06
32 43 1.59687e-06
32 44 6.6937e-07
32 45 2.79008e-07
32 46 1.15645e-07
32 47 4.76698e-08
32 48 1.95593e-08
32 49 8.0361e-09
32 50 3.42771e-09
32 51 1.81578e-09

33 1 0.999897
33 2 0.999894
33 3 0.999887
33 4 0.999876
33 5 0.999859
33 6 0.999836
33 7 0.999802
33 8 0.999753
33 9 0.999683
33 10 0.99958
33 11 0.999425
33 12 0.99919
33 13 0.998825
33 14 0.998244
33 15 0.9973
33 16 0.995735
33 17 0.993083
33 18 0.988503
33 19 0.980459
33 20 0.966144
33 21 0.940543
33 22 0.895173
33 23 0.817564
33 24 0.695322
33 25 0.530601
33 26 0.355496
33 27 0.211492
33 28 0.115134
33 29 0.0590378
33 30 0.0291036
33 31 0.0139675
33 32 0.00657384
33 33 0.00304712
33 34 0.00139455
33 35 0.000631204
33 36 0.000282881
33 37 0.000125639
33 38 5.53423e-05
33 39 2.41916e-05
33 40 1.04996e-05
33 41 4.52642e-06
33 42 1.93889e-06
33 43 8.25399e-07
33 44 3.49253e-07
33 45 1.46896e-07
33 46 6.14156e-08
33 47 2.55273e-08
33 48 1.05587e-08
33 49 4.37289e-09
33 50 1.88093e-09
33 51 1.00442e-09

34 1 0.999686
34 2 0.999677
34 3 0.999656
34 4 0.999624
34 5 0.999575
34 6 0.999505
34 7 0.999405
34 8 0.999264
34 9 0.99906
34 10 0.998763
34 11 0.998323
34 12 0.997658
34 13 0.996633
34 14 0.995022
34 15 0.992436
34 16 0.988204
34 17 0.981153
34 18 0.969227
34 19 0.948855
34 20 0.91406
34 21 0.85565
34 22 0.762259
34 23 0.62719
34 24 0.46289
34 25 0.30397
34 26 0.180582
34 27 0.0995932
34 28 0.0521581
34 29 0.0263538
34 30 0.0129762
34 31 0.00626429
34 32 0.00297597
34 33 0.00139455
34 34 0.000645634
34 35 0.000295665
34 36 0.000134056
34 37 6.02267e-05
34 38 2.68289e-05
34 39 1.18571e-05
34 40 5.20151e-06
34 41 2.26579e-06
34 42 9.80347e-07
34 43 4.214e-07
34 44 1.79976e-07
34 45 7.63778e-08
34 46 3.22081e-08
34 47 1.34983e-08
34 48 5.62813e-09
34 49 2.3496e-09
34 50 1.0192e-09
34 51 5.48651e-10

35 1 0.999044
35 2 0.999015
35 3 0.998955
35 4 0.998858
35 5 0.998714
35 6 0.998508
35 7 0.998216
35 8 0.997803
35 9 0.997213
35 10 0.996358
35 11 0.995102
35 12 0.993221
35 13 0.990352
35 14 0.985898
35 15 0.978859
35 16 0.967556
35 17 0.949198
35 18 0.919253
35 19 0.870797
35 20 0.794751
35 21 0.683217
35 22 0.538686
35 23 0.383142
35 24 0.246806
35 25 0.146603
35 26 0.0819602
35 27 0.0438511
35 28 0.0227169
35 29 0.011482
35 30 0.00568957
35 31 0.00277264
35 32 0.00133159
35 33 0.000631204
35 34 0.000295665
35 35 0.000136989
35 36 6.28329e-05
35 37 2.85512e-05
35 38 1.28609e-05
35 39 5.74605e-06
35 40 2.5475e-06
35 41 1.12114e-06
35 42 4.89924e-07
35 43 2.12615e-07
35 44 9.16449e-08
35 45 3.9237e-08
35 46 1.66871e-08
35 47 7.05104e-09
35 48 2.96349e-09
35 49 1.2471e-09
35 50 5.45565e-10
35 51 2.96065e-10

36 1 0.997088
36 2 0.997003
36 3 0.996824
36 4 0.996537
36 5 0.996112
36 6 0.995506
36 7 0.994652
36 8 0.993449
36 9 0.991742
36 10 0.989292
36 11 0.985725
36 12 0.980447
36 13 0.972512
36 14 0.960415
36 15 0.941771
36 16 0.912865
36 17 0.868224
36 18 0.800796
36 19 0.703893
36 20 0.577033
36 21 0.43378
36 22 0.298231
36 23 0.18946
36 24 0.112958
36 25 0.0641429
36 26 0.0350934
36 27 0.0186508
36 28 0.009682
36 29 0.00492769
36 30 0.00246511
36 31 0.00121434
36 32 0.000589878
36 33 0.000282881
36 34 0.000134056
36 35 6.28329e-05
36 36 2.91501e-05
36 37 1.3395e-05
36 38 6.10043e-06
36 39 2.75494e-06
36 40 1.23419e-06
36 41 5.48678e-07
36 42 2.42116e-07
36 43 1.06065e-07
36 44 4.61334e-08
36 45 1.99242e-08
36 46 8.54494e-09
36 47 3.64003e-09
36 48 1.54206e-09
36 49 6.54128e-10
36 50 2.88603e-10
36 51 1.57891e-10

37 1 0.991148
37 2 0.990896
37 3 0.990371
37 4 0.989525
37 5 0.988279
37 6 0.986512
37 7 0.984036
37 8 0.980571
37 9 0.975696
37 10 0.968776
37 11 0.958853
37 12 0.944465
37 13 0.923401
37 14 0.89242
37 15 0.84709
37 16 0.78204
37 17 0.69243
37 18 0.578209
37 19 0.449302
37 20 0.323598
37 21 0.217174
37 22 0.137227
37 23 0.0825574
37 24 0.0477492
37 25 0.0267504
37 26 0.0145956
37 27 0.00778627
37 28 0.00407247
37 29 0.00209263
37 30 0.00105808
37 31 0.000527099
37 32 0.000258993
37 33 0.000125639
37 34 6.02267e-05
37 35 2.85512e-05
37 36 1.3395e-05
37 37 6.22346e-06
37 38 2.86505e-06
37 39 1.30754e-06
37 40 5.91788e-07
37 41 2.65707e-07
37 42 1.18375e-07
37 43 5.23377e-08
37 44 2.29674e-08
37 45 1.00045e-08
37 46 4.32629e-09
37 47 1.85781e-09
37 48 7.93276e-10
37 49 3.39196e-10
37 50 1.50936e-10
37 51 8.32479e-11

38 1 0.973322
38 2 0.972589
38 3 0.971062
38 4 0.968615
38 5 0.965034
38 6 0.959993
38 7 0.953006
38 8 0.943357
38 9 0.930004
38 10 0.911452
38 11 0.885626
38 12 0.849742
38 13 0.800288
38 14 0.733433
38 15 0.646695
38 16 0.542117
38 17 0.428351
38 18 0.318146
38 19 0.222733
38 20 0.1479
38 21 0.0938353
38 22 0.0572814
38 23 0.0338429
38 24 0.0194421
38 25 0.0108988
38 26 0.00597775
38 27 0.00321445
38 28 0.00169743
38 29 0.00088141
38 30 0.000450574
38 31 0.00022699
38 32 0.0001128
38 33 5.53423e-05
38 34 2.68289e-05
38 35 1.28609e-05
38 36 6.10043e-06
38 37 2.86505e-06
38 38 1.33296e-06
38 39 6.1462e-07
38 40 2.8097e-07
38 41 1.27379e-07
38 42 5.72816e-08
38 43 2.55554e-08
38 44 1.13125e-08
38 45 4.9693e-09
38 46 2.1665e-09
38 47 9.3778e-10
38 48 4.03585e-10
38 49 1.7395e-10
38 50 7.80703e-11
38 51 4.34102e-11

39 1 0.921689
39 2 0.919664
39 3 0.915465
39 4 0.908781
39 5 0.899109
39 6 0.885712
39 7 0.867558
39 8 0.843248
39 9 0.810945
39 10 0.768401
39 11 0.713256
39 12 0.643917
39 13 0.560977
39 14 0.468383
39 15 0.373115
39 16 0.283161
39 17 0.20499
39 18 0.142013
39 19 0.0945392
39 20 0.060735
39 21 0.0378025
39 22 0.0228732
39 23 0.0134918
39 24 0.00777549
39 25 0.00438632
39 26 0.00242575
39 27 0.00131684
39 28 0.000702511
39 29 0.000368691
39 30 0.000190539
39 31 9.70532e-05
39 32 4.87662e-05
39 33 2.41916e-05
39 34 1.18571e-05
39 35 5.74605e-06
39 36 2.75494e-06
39 37 1.30754e-06
39 38 6.1462e-07
39 39 2.86253e-07
39 40 1.32138e-07
39 41 6.04726e-08
39 42 2.7443e-08
39 43 1.23516e-08
39 44 5.51442e-09
39 45 2.44245e-09
39 46 1.07346e-09
39 47 4.68336e-10
39 48 2.03136e-10
39 49 8.82554e-11
39 50 3.99514e-11
39 51 2.23958e-11

40 1 0.786819
40 2 0.78208
40 3 0.772351
40 4 0.757128
40 5 0.735665
40 6 0.70702
40 7 0.670183
40 8 0.624332
40 9 0.569228
40 10 0.505682
40 11 0.43586
40 12 0.363223
40 13 0.291959
40 14 0.226118
40 15 0.168771
40 16 0.12154
40 17 0.0846051
40 18 0.057052
40 19 0.0373511
40 20 0.0237907
40 21 0.0147708
40 22 0.00895417
40 23 0.00530764
40 24 0.00308029
40 25 0.00175224
40 26 0.000978068
40 27 0.00053622
40 28 0.000289017
40 29 0.000153286
40 30 8.0068e-05
40 31 4.12248e-05
40 32 2.09388e-05
40 33 1.04996e-05
40 34 5.20151e-06
40 35 2.5475e-06
40 36 1.23419e-06
40 37 5.91788e-07
40 38 2.8097e-07
40 39 1.32138e-07
40 40 6.15758e-08
40 41 2.84391e-08
40 42 1.30209e-08
40 43 5.91106e-09
40 44 2.66114e-09
40 45 1.1883e-09
40 46 5.26435e-10
40 47 2.31482e-10
40 48 1.01189e-10
40 49 4.43153e-11
40 50 2.02341e-11
40 51 1.14353e-11

41 1 0.523283
41 2 0.516343
41 3 0.502472
41 4 0.48173
41 5 0.454315
41 6 0.420675
41 7 0.381619
41 8 0.338391
41 9 0.292656
41 10 0.246382
41 11 0.201615
41 12 0.160206
41 13 0.123565
41 14 0.0925153
41 15 0.0672764
41 16 0.0475555
41 17 0.032709
41 18 0.021915
41 19 0.0143189
41 20 0.00913364
41 21 0.00569369
41 22 0.00347205
41 23 0.00207314
41 24 0.00121313
41 25 0.000696316
41 26 0.000392368
41 27 0.000217239
41 28 0.000118277
41 29 6.33783e-05
41 30 3.34511e-05
41 31 1.74041e-05
41 32 8.93298e-06
41 33 4.52642e-06
41 34 2.26579e-06
41 35 1.12114e-06
41 36 5.48678e-07
41 37 2.65707e-07
41 38 1.27379e-07
41 39 6.04726e-08
41 40 2.84391e-08
41 41 1.3252e-08
41 42 6.12008e-09
41 43 2.80175e-09
41 44 1.27171e-09
41 45 5.7244e-10
41 46 2.55606e-10
41 47 1.13273e-10
41 48 4.99021e-11
41 49 2.20296e-11
41 50 1.01458e-11
41 51 5.78058e-12

42 1 0.253827
42 2 0.249053
42 3 0.239702
42 4 0.226167
42 5 0.209038
42 6 0.18908
42 7 0.167207
42 8 0.144416
42 9 0.121713
42 10 0.100025
42 11 0.0801135
42 12 0.0625188
42 13 0.0475343
42 14 0.0352185
42 15 0.0254361
42 16 0.0179165
42 17 0.0123147
42 18 0.00826498
42 19 0.00541989
42 20 0.00347513
42 21 0.00218015
42 22 0.00133921
42 23 0.000806068
42 24 0.000475746
42 25 0.000275541
42 26 0.000156724
42 27 8.76102e-05
42 28 4.81708e-05
42 29 2.6071e-05
42 30 1.38997e-05
42 31 7.3055e-06
42 32 3.78793e-06
42 33 1.93889e-06
42 34 9.80347e-07
42 35 4.89924e-07
42 36 2.42116e-07
42 37 1.18375e-07
42 38 5.72816e-08
42 39 2.7443e-08
42 40 1.30209e-08
42 41 6.12008e-09
42 42 2.85027e-09
42 43 1.31561e-09
42 44 6.01985e-10
42 45 2.73128e-10
42 46 1.22914e-10
42 47 5.48936e-11
42 48 2.43717e-11
42 49 1.08454e-11
42 50 5.03824e-12
42 51 2.89385e-12

43 1 0.101736
43 2 0.099583
43 3 0.0953991
43 4 0.0894209
43 5 0.0819814
43 6 0.0734835
43 7 0.0643681
43 8 0.0550775
43 9 0.0460192
43 10 0.0375355
43 11 0.0298819
43 12 0.023217
43 13 0.0176059
43 14 0.0130326
43 15 0.00941953
43 16 0.00664964
43 17 0.00458676
43 18 0.00309276
43 19 0.00203955
43 20 0.00131614
43 21 0.000831564
43 22 0.000514728
43 23 0.000312337
43 24 0.000185918
43 25 0.000108635
43 26 6.23552e-05
43 27 3.51843e-05
43 28 1.95304e-05
43 29 1.06728e-05
43 30 5.74593e-06
43 31 3.04973e-06
43 32 1.59687e-06
43 33 8.25399e-07
43 34 4.214e-07
43 35 2.12615e-07
43 36 1.06065e-07
43 37 5.23377e-08
43 38 2.55554e-08
43 39 1.23516e-08
43 40 5.91106e-09
43 41 2.80175e-09
43 42 1.31561e-09
43 43 6.12172e-10
43 44 2.82345e-10
43 45 1.29112e-10
43 46 5.85562e-11
43 47 2.6354e-11
43 48 1.17917e-11
43 49 5.2894e-12
43 50 2.47853e-12
43 51 1.43513e-12

44 1 0.0376129
44 2 0.0367902
44 3 0.035196
44 4 0.0329278
44 5 0.0301206
44 6 0.0269341
44 7 0.023539
44 8 0.0201016
44 9 0.0167709
44 10 0.0136682
44 11 0.0108811
44 12 0.00846133
44 13 0.00642755
44 14 0.00477041
44 15 0.00345986
44 16 0.00245286
44 17 0.00170036
44 18 0.00115298
44 19 0.00076508
44 20 0.000497045
44 21 0.00031631
44 22 0.000197287
44 23 0.000120672
44 24 7.24282e-05
44 25 4.26856e-05
44 26 2.47183e-05
44 27 1.4074e-05
44 28 7.88449e-06
44 29 4.34899e-06
44 30 2.36349e-06
44 31 1.26636e-06
44 32 6.6937e-07
44 33 3.49253e-07
44 34 1.79976e-07
44 35 9.16449e-08
44 36 4.61334e-08
44 37 2.29674e-08
44 38 1.13125e-08
44 39 5.51442e-09
44 40 2.66114e-09
44 41 1.27171e-09
44 42 6.01985e-10
44 43 2.82345e-10
44 44 1.31249e-10
44 45 6.04865e-11
44 46 2.76451e-11
44 47 1.25381e-11
44 48 5.65357e-12
44 49 2.55636e-12
44 50 1.20827e-12
44 51 7.05244e-13

45 1 0.0134926
45 2 0.0131967
45 3 0.0126237
45 4 0.0118092
45 5 0.0108025
45 6 0.00966133
45 7 0.00844703
45 8 0.00721894
45 9 0.00602982
45 10 0.00492232
45 11 0.00392703
45 12 0.00306199
45 13 0.00233359
45 14 0.00173856
45 15 0.00126644
45 16 0.000902232
45 17 0.00062881
45 18 0.000428885
45 19 0.000286388
45 20 0.000187306
45 21 0.000120045
45 22 7.54316e-05
45 23 4.64972e-05
45 24 2.81331e-05
45 25 1.67184e-05
45 26 9.76409e-06
45 27 5.60805e-06
45 28 3.16969e-06
45 29 1.76412e-06
45 30 9.67438e-07
45 31 5.2308e-07
45 32 2.79008e-07
45 33 1.46896e-07
45 34 7.63778e-08
45 35 3.9237e-08
45 36 1.99242e-08
45 37 1.00045e-08
45 38 4.9693e-09
45 39 2.44245e-09
45 40 1.1883e-09
45 41 5.7244e-10
45 42 2.73128e-10
45 43 1.29112e-10
45 44 6.04865e-11
45 45 2.80916e-11
45 46 1.29383e-11
45 47 5.91318e-12
45 48 2.68697e-12
45 49 1.22469e-12
45 50 5.83869e-13
45 51 3.43517e-13

46 1 0.00478848
46 2 0.00468428
46 3 0.0044825
46 4 0.00419567
46 5 0.00384106
46 6 0.00343896
46 7 0.00301084
46 8 0.00257748
46 9 0.00215736
46 10 0.00176545
46 11 0.00141252
46 12 0.001105
46 13 0.000845282
46 14 0.00063237
46 15 0.00046276
46 16 0.000331329
46 17 0.000232172
46 18 0.000159276
46 19 0.000107016
46 20 7.04504e-05
46 21 4.54633e-05
46 22 2.87737e-05
46 23 1.78699e-05
46 24 1.08964e-05
46 25 6.52725e-06
46 26 3.84354e-06
46 27 2.22612e-06
46 28 1.26898e-06
46 29 7.12375e-07
46 30 3.94071e-07
46 31 2.14932e-07
46 32 1.15645e-07
46 33 6.14156e-08
46 34 3.22081e-08
46 35 1.66871e-08
46 36 8.54494e-09
46 37 4.32629e-09
46 38 2.1665e-09
46 39 1.07346e-09
46 40 5.26435e-10
46 41 2.55606e-10
46 42 1.22914e-10
46 43 5.85562e-11
46 44 2.76451e-11
46 45 1.29383e-11
46 46 6.00484e-12
46 47 2.76546e-12
46 48 1.26634e-12
46 49 5.81803e-13
46 50 2.79772e-13
46 51 1.6591e-13

47 1 0.00169318
47 2 0.00165675
47 3 0.0015862
47 4 0.00148587
47 5 0.00136173
47 6 0.00122084
47 7 0.00107064
47 8 0.000918375
47 9 0.000770485
47 10 0.00063222
47 11 0.000507386
47 12 0.000398289
47 13 0.000305838
47 14 0.000229763
47 15 0.000168907
47 16 0.000121534
47 17 8.56151e-05
47 18 5.90675e-05
47 19 3.99257e-05
47 20 2.64509e-05
47 21 1.71833e-05
47 22 1.09511e-05
47 23 6.85044e-06
47 24 4.20845e-06
47 25 2.54046e-06
47 26 1.50778e-06
47 27 8.80345e-07
47 28 5.05951e-07
47 29 2.86388e-07
47 30 1.59749e-07
47 31 8.78601e-08
47 32 4.76698e-08
47 33 2.55273e-08
47 34 1.34983e-08
47 35 7.05104e-09
47 36 3.64003e-09
47 37 1.85781e-09
47 38 9.3778e-10
47 39 4.68336e-10
47 40 2.31482e-10
47 41 1.13273e-10
47 42 5.48936e-11
47 43 2.6354e-11
47 44 1.25381e-11
47 45 5.91318e-12
47 46 2.76546e-12
47 47 1.28337e-12
47 48 5.92212e-13
47 49 2.74259e-13
47 50 1.33024e-13
47 51 7.95089e-14

48 1 0.000598205
48 2 0.0005855
48 3 0.000560881
48 4 0.000525847
48 5 0.000482465
48 6 0.00043317
48 7 0.000380544
48 8 0.0003271
48 9 0.000275086
48 10 0.00022634
48 11 0.000182208
48 12 0.000143521
48 13 0.000110624
48 14 8.34506e-05
48 15 6.16227e-05
48 16 4.45537e-05
48 17 3.15485e-05
48 18 2.18859e-05
48 19 1.48798e-05
48 20 9.91854e-06
48 21 6.48493e-06
48 22 4.16074e-06
48 23 2.62094e-06
48 24 1.62177e-06
48 25 9.86281e-07
48 26 5.89829e-07
48 27 3.47061e-07
48 28 2.01038e-07
48 29 1.14705e-07
48 30 6.44984e-08
48 31 3.57603e-08
48 32 1.95593e-08
48 33 1.05587e-08
48 34 5.62813e-09
48 35 2.96349e-09
48 36 1.54206e-09
48 37 7.93276e-10
48 38 4.03585e-10
48 39 2.03136e-10
48 40 1.01189e-10
48 41 4.99021e-11
48 42 2.43717e-11
48 43 1.17917e-11
48 44 5.65357e-12
48 45 2.68697e-12
48 46 1.26634e-12
48 47 5.92212e-13
48 48 2.75406e-13
48 49 1.28573e-13
48 50 6.29059e-14
48 51 3.78977e-14

49 1 0.000212093
49 2 0.000207648
49 3 0.000199031
49 4 0.000186761
49 5 0.000171553
49 6 0.000154251
49 7 0.000135752
49 8 0.000116931
49 9 9.85744e-05
49 10 8.13291e-05
49 11 6.56729e-05
49 12 5.19054e-05
49 13 4.01578e-05
49 14 3.04174e-05
49 15 2.25606e-05
49 16 1.63891e-05
49 17 1.16642e-05
49 18 8.13553e-06
49 19 5.56287e-06
49 20 3.73045e-06
49 21 2.45446e-06
49 22 1.58517e-06
49 23 1.00537e-06
49 24 6.26501e-07
49 25 3.83782e-07
49 26 2.31228e-07
49 27 1.37094e-07
49 28 8.00283e-08
49 29 4.60195e-08
49 30 2.60816e-08
49 31 1.45758e-08
49 32 8.0361e-09
49 33 4.37289e-09
49 34 2.3496e-09
49 35 1.2471e-09
49 36 6.54128e-10
49 37 3.39196e-10
49 38 1.7395e-10
49 39 8.82554e-11
49 40 4.43153e-11
49 41 2.20296e-11
49 42 1.08454e-11
49 43 5.2894e-12
49 44 2.55636e-12
49 45 1.22469e-12
49 46 5.81803e-13
49 47 2.74259e-13
49 48 1.28573e-13
49 49 6.05272e-14
49 50 2.98823e-14
49 51 1.81504e-14

50 1 7.76467e-05
50 2 7.60425e-05
50 3 7.29312e-05
50 4 6.84977e-05
50 5 6.2997e-05
50 6 5.67307e-05
50 7 5.00201e-05
50 8 4.31796e-05
50 9 3.64927e-05
50 10 3.01945e-05
50 11 2.44599e-05
50 12 1.94006e-05
50 13 1.50681e-05
50 14 1.14616e-05
50 15 8.53997e-06
50 16 6.23438e-06
50 17 4.46037e-06
50 18 3.1284e-06
50 19 2.15176e-06
50 20 1.45195e-06
50 21 9.6154e-07
50 22 6.25217e-07
50 23 3.99336e-07
50 24 2.50666e-07
50 25 1.54708e-07
50 26 9.39304e-08
50 27 5.61298e-08
50 28 3.30286e-08
50 29 1.91475e-08
50 30 1.09413e-08
50 31 6.16548e-09
50 32 3.42771e-09
50 33 1.88093e-09
50 34 1.0192e-09
50 35 5.45565e-10
50 36 2.88603e-10
50 37 1.50936e-10
50 38 7.80703e-11
50 39 3.99514e-11
50 40 2.02341e-11
50 41 1.01458e-11
50 42 5.03824e-12
50 43 2.47853e-12
50 44 1.20827e-12
50 45 5.83869e-13
50 46 2.79772e-13
50 47 1.33024e-13
50 48 6.29059e-14
50 49 2.98823e-14
50 50 1.48975e-14
50 51 9.12852e-15

51 1 3.54527e-05
51 2 3.47308e-05
51 3 3.33302e-05
51 4 3.13329e-05
51 5 2.88523e-05
51 6 2.60226e-05
51 7 2.29873e-05
51 8 1.98872e-05
51 9 1.68498e-05
51 10 1.39814e-05
51 11 1.13621e-05
51 12 9.04365e-06
51 13 7.05108e-06
51 14 5.38587e-06
51 15 4.03111e-06
51 16 2.95706e-06
51 17 2.12655e-06
51 18 1.49968e-06
51 19 1.03746e-06
51 20 7.04299e-07
51 21 4.69374e-07
51 22 3.07213e-07
51 23 1.97564e-07
51 24 1.24887e-07
51 25 7.76376e-08
51 26 4.74872e-08
51 27 2.85916e-08
51 28 1.69537e-08
51 29 9.90514e-09
51 30 5.70463e-09
51 31 3.24014e-09
51 32 1.81578e-09
51 33 1.00442e-09
51 34 5.48651e-10
51 35 2.96065e-10
51 36 1.57891e-10
51 37 8.32479e-11
51 38 4.34102e-11
51 39 2.23958e-11
51 40 1.14353e-11
51 41 5.78058e-12
51 42 2.89385e-12
51 43 1.43513e-12
51 44 7.05244e-13
51 45 3.43517e-13
51 46 1.6591e-13
51 47 7.95089e-14
51 48 3.78977e-14
51 49 1.81504e-14
51 50 9.12852e-15
51 51 5.6376e-15

