#x #y #phase
1 1 1
1 2 1
1 3 1
1 4 1
1 5 1
1 6 1
1 7 1
1 8 1
1 9 1
1 10 1
1 11 1
1 12 1
1 13 1
1 14 1
1 15 1
1 16 1
1 17 1
1 18 1
1 19 1
1 20 1
1 21 1
1 22 1
1 23 1
1 24 1
1 25 1
1 26 1
1 27 1
1 28 1
1 29 1
1 30 1
1 31 1
1 32 0.999999
1 33 0.999996
1 34 0.999989
1 35 0.999967
1 36 0.9999
1 37 0.999694
1 38 0.999067
1 39 0.997156
1 40 0.991351
1 41 0.97392
1 42 0.923362
1 43 0.790806
1 44 0.529308
1 45 0.258066
1 46 0.103671
1 47 0.0383594
1 48 0.0137707
1 49 0.00491049
1 50 0.00180276
1 51 0.000825154

2 1 1
2 2 1
2 3 1
2 4 1
2 5 1
2 6 1
2 7 1
2 8 1
2 9 1
2 10 0.999999
2 11 1
2 12 0.999999
2 13 1
2 14 0.999999
2 15 1
2 16 0.999999
2 17 1
2 18 0.999999
2 19 1
2 20 0.999999
2 21 1
2 22 0.999999
2 23 1
2 24 1
2 25 1
2 26 1
2 27 1
2 28 1
2 29 1
2 30 1
2 31 1
2 32 0.999999
2 33 0.999996
2 34 0.999989
2 35 0.999966
2 36 0.999897
2 37 0.999685
2 38 0.999041
2 39 0.997078
2 40 0.991122
2 41 0.973251
2 42 0.92151
2 43 0.78644
2 44 0.522801
2 45 0.253526
2 46 0.10161
2 47 0.03757
2 48 0.0134862
2 49 0.00480976
2 50 0.00176621
2 51 0.000808646

3 1 1
3 2 1
3 3 1
3 4 1
3 5 1
3 6 1
3 7 1
3 8 1
3 9 0.999999
3 10 1
3 11 0.999999
3 12 1
3 13 0.999998
3 14 1
3 15 0.999997
3 16 1
3 17 0.999997
3 18 1
3 19 0.999997
3 20 1
3 21 0.999998
3 22 1
3 23 0.999999
3 24 1
3 25 0.999999
3 26 1
3 27 1
3 28 1
3 29 1
3 30 1
3 31 1
3 32 0.999999
3 33 0.999996
3 34 0.999988
3 35 0.999964
3 36 0.999891
3 37 0.999667
3 38 0.998987
3 39 0.996917
3 40 0.990646
3 41 0.971864
3 42 0.917678
3 43 0.77749
3 44 0.509789
3 45 0.244623
3 46 0.0976005
3 47 0.0360377
3 48 0.0129344
3 49 0.00461435
3 50 0.00169528
3 51 0.000776603

4 1 1
4 2 1
4 3 1
4 4 1
4 5 1
4 6 1
4 7 1
4 8 0.999999
4 9 1
4 10 0.999998
4 11 1
4 12 0.999997
4 13 1
4 14 0.999996
4 15 1
4 16 0.999995
4 17 1
4 18 0.999995
4 19 1
4 20 0.999996
4 21 1
4 22 0.999997
4 23 1
4 24 0.999998
4 25 1
4 26 0.999999
4 27 1
4 28 1
4 29 1
4 30 1
4 31 0.999999
4 32 0.999999
4 33 0.999996
4 34 0.999987
4 35 0.999961
4 36 0.999881
4 37 0.999638
4 38 0.998899
4 39 0.996659
4 40 0.989883
4 41 0.96965
4 42 0.911602
4 43 0.76352
4 44 0.490313
4 45 0.231706
4 46 0.0918552
4 47 0.0338514
4 48 0.0121478
4 49 0.00433582
4 50 0.00159414
4 51 0.00073088

5 1 1
5 2 1
5 3 1
5 4 1
5 5 1
5 6 1
5 7 0.999999
5 8 1
5 9 0.999998
5 10 1
5 11 0.999996
5 12 1
5 13 0.999994
5 14 1.00001
5 15 0.999993
5 16 1.00001
5 17 0.999992
5 18 1.00001
5 19 0.999992
5 20 1.00001
5 21 0.999994
5 22 1.00001
5 23 0.999996
5 24 1
5 25 0.999998
5 26 1
5 27 0.999999
5 28 1
5 29 1
5 30 1
5 31 0.999999
5 32 0.999998
5 33 0.999995
5 34 0.999985
5 35 0.999956
5 36 0.999866
5 37 0.999594
5 38 0.998771
5 39 0.99628
5 40 0.988769
5 41 0.966432
5 42 0.902858
5 43 0.743875
5 44 0.464525
5 45 0.2153
5 46 0.0846765
5 47 0.0311343
5 48 0.0111715
5 49 0.00399007
5 50 0.00146851
5 51 0.000674036

6 1 1
6 2 1
6 3 1
6 4 1
6 5 1
6 6 0.999999
6 7 1
6 8 0.999997
6 9 1
6 10 0.999995
6 11 1.00001
6 12 0.999992
6 13 1.00001
6 14 0.99999
6 15 1.00001
6 16 0.999988
6 17 1.00001
6 18 0.999987
6 19 1.00001
6 20 0.999989
6 21 1.00001
6 22 0.999991
6 23 1.00001
6 24 0.999995
6 25 1
6 26 0.999997
6 27 1
6 28 0.999999
6 29 1
6 30 0.999999
6 31 1
6 32 0.999998
6 33 0.999994
6 34 0.999983
6 35 0.999949
6 36 0.999845
6 37 0.999533
6 38 0.99859
6 39 0.995745
6 40 0.987203
6 41 0.961942
6 42 0.890823
6 43 0.717721
6 44 0.43278
6 45 0.196091
6 46 0.076432
6 47 0.0280332
6 48 0.0100588
6 49 0.00359594
6 50 0.00132517
6 51 0.000609108

7 1 1
7 2 1
7 3 1
7 4 1
7 5 0.999999
7 6 1
7 7 0.999997
7 8 1
7 9 0.999995
7 10 1.00001
7 11 0.999991
7 12 1.00001
7 13 0.999987
7 14 1.00002
7 15 0.999983
7 16 1.00002
7 17 0.999981
7 18 1.00002
7 19 0.999982
7 20 1.00002
7 21 0.999985
7 22 1.00001
7 23 0.999989
7 24 1.00001
7 25 0.999993
7 26 1
7 27 0.999997
7 28 1
7 29 0.999999
7 30 1
7 31 0.999999
7 32 0.999998
7 33 0.999993
7 34 0.99998
7 35 0.999939
7 36 0.999816
7 37 0.999447
7 38 0.998337
7 39 0.995001
7 40 0.985033
7 41 0.955781
7 42 0.874637
7 43 0.684124
7 44 0.395738
7 45 0.174898
7 46 0.0675268
7 47 0.0247061
7 48 0.00886681
7 49 0.00317352
7 50 0.00117136
7 51 0.000539338

8 1 1
8 2 1
8 3 1
8 4 0.999999
8 5 1
8 6 0.999997
8 7 1
8 8 0.999995
8 9 1.00001
8 10 0.99999
8 11 1.00001
8 12 0.999984
8 13 1.00002
8 14 0.999978
8 15 1.00002
8 16 0.999973
8 17 1.00003
8 18 0.999972
8 19 1.00003
8 20 0.999975
8 21 1.00002
8 22 0.999981
8 23 1.00002
8 24 0.999987
8 25 1.00001
8 26 0.999993
8 27 1.00001
8 28 0.999997
8 29 1
8 30 0.999998
8 31 1
8 32 0.999997
8 33 0.999992
8 34 0.999975
8 35 0.999925
8 36 0.999775
8 37 0.999327
8 38 0.997983
8 39 0.993966
8 40 0.982037
8 41 0.947372
8 42 0.853132
8 43 0.642246
8 44 0.354433
8 45 0.152628
8 46 0.0583718
8 47 0.0213088
8 48 0.00765123
8 49 0.00274245
8 50 0.00101418
8 51 0.000467917

9 1 1
9 2 1
9 3 0.999999
9 4 1
9 5 0.999998
9 6 1
9 7 0.999995
9 8 1.00001
9 9 0.99999
9 10 1.00001
9 11 0.999982
9 12 1.00002
9 13 0.999974
9 14 1.00003
9 15 0.999966
9 16 1.00004
9 17 0.999962
9 18 1.00004
9 19 0.999963
9 20 1.00003
9 21 0.999969
9 22 1.00003
9 23 0.999978
9 24 1.00002
9 25 0.999986
9 26 1.00001
9 27 0.999993
9 28 1
9 29 0.999997
9 30 1
9 31 0.999998
9 32 0.999997
9 33 0.999989
9 34 0.999968
9 35 0.999905
9 36 0.999717
9 37 0.999157
9 38 0.997487
9 39 0.992522
9 40 0.977883
9 41 0.93588
9 42 0.824772
9 43 0.591651
9 44 0.31029
9 45 0.13021
9 46 0.0493529
9 47 0.0179836
9 48 0.00646259
9 49 0.00232053
9 50 0.000860063
9 51 0.000397748

10 1 1
10 2 0.999999
10 3 1
10 4 0.999998
10 5 1
10 6 0.999995
10 7 1.00001
10 8 0.99999
10 9 1.00001
10 10 0.999982
10 11 1.00002
10 12 0.999971
10 13 1.00004
10 14 0.999959
10 15 1.00005
10 16 0.999951
10 17 1.00005
10 18 0.999949
10 19 1.00005
10 20 0.999954
10 21 1.00004
10 22 0.999964
10 23 1.00003
10 24 0.999976
10 25 1.00002
10 26 0.999986
10 27 1.00001
10 28 0.999993
10 29 1
10 30 0.999997
10 31 1
10 32 0.999994
10 33 0.999986
10 34 0.999958
10 35 0.999876
10 36 0.999633
10 37 0.998914
10 38 0.996782
10 39 0.990485
10 40 0.97208
10 41 0.920114
10 42 0.78763
10 43 0.53271
10 44 0.26504
10 45 0.10852
10 46 0.0408025
10 47 0.0148493
10 48 0.00534283
10 49 0.00192253
10 50 0.000714383
10 51 0.000331266

11 1 1
11 2 1
11 3 0.999999
11 4 1
11 5 0.999996
11 6 1.00001
11 7 0.999991
11 8 1.00001
11 9 0.999982
11 10 1.00002
11 11 0.99997
11 12 1.00004
11 13 0.999955
11 14 1.00005
11 15 0.999942
11 16 1.00006
11 17 0.999935
11 18 1.00006
11 19 0.999937
11 20 1.00006
11 21 0.999947
11 22 1.00005
11 23 0.999962
11 24 1.00003
11 25 0.999976
11 26 1.00002
11 27 0.999987
11 28 1.00001
11 29 0.999994
11 30 1
11 31 0.999995
11 32 0.999995
11 33 0.99998
11 34 0.999943
11 35 0.999833
11 36 0.999511
11 37 0.998561
11 38 0.995768
11 39 0.987577
11 40 0.963897
11 41 0.89842
11 42 0.73953
11 43 0.466929
11 44 0.220554
11 45 0.0883094
11 46 0.0329796
11 47 0.0119955
11 48 0.00432329
11 49 0.00155954
11 50 0.000581194
11 51 0.000270321

12 1 1
12 2 0.999999
12 3 1
12 4 0.999997
12 5 1
12 6 0.999992
12 7 1.00001
12 8 0.999984
12 9 1.00002
12 10 0.999971
12 11 1.00004
12 12 0.999953
12 13 1.00006
12 14 0.999936
12 15 1.00007
12 16 0.999923
12 17 1.00008
12 18 0.99992
12 19 1.00008
12 20 0.999928
12 21 1.00006
12 22 0.999944
12 23 1.00005
12 24 0.999962
12 25 1.00003
12 26 0.999978
12 27 1.00002
12 28 0.999989
12 29 1.00001
12 30 0.999994
12 31 1
12 32 0.999989
12 33 0.999974
12 34 0.99992
12 35 0.99977
12 36 0.999329
12 37 0.998041
12 38 0.994283
12 39 0.983365
12 40 0.95224
12 41 0.868565
12 42 0.678577
12 43 0.397036
12 44 0.178615
12 45 0.0701447
12 46 0.0260582
12 47 0.00947997
12 48 0.00342408
12 49 0.00123872
12 50 0.000463144
12 51 0.00021614

13 1 1
13 2 1
13 3 0.999998
13 4 1
13 5 0.999994
13 6 1.00001
13 7 0.999987
13 8 1.00002
13 9 0.999974
13 10 1.00004
13 11 0.999955
13 12 1.00006
13 13 0.999934
13 14 1.00008
13 15 0.999915
13 16 1.00009
13 17 0.999905
13 18 1.00009
13 19 0.999908
13 20 1.00009
13 21 0.999923
13 22 1.00007
13 23 0.999944
13 24 1.00005
13 25 0.999965
13 26 1.00003
13 27 0.999981
13 28 1.00001
13 29 0.999991
13 30 1
13 31 0.999992
13 32 0.999988
13 33 0.999959
13 34 0.999887
13 35 0.999672
13 36 0.999054
13 37 0.997261
13 38 0.992072
13 39 0.977168
13 40 0.935465
13 41 0.827661
13 42 0.604232
13 43 0.326658
13 44 0.140694
13 45 0.0543777
13 46 0.0201272
13 47 0.00732969
13 48 0.00265448
13 49 0.00096343
13 50 0.000361529
13 51 0.000169345

14 1 1
14 2 0.999999
14 3 1
14 4 0.999996
14 5 1.00001
14 6 0.99999
14 7 1.00002
14 8 0.999978
14 9 1.00003
14 10 0.999959
14 11 1.00005
14 12 0.999936
14 13 1.00008
14 14 0.999912
14 15 1.0001
14 16 0.999895
14 17 1.00011
14 18 0.999891
14 19 1.0001
14 20 0.999902
14 21 1.00009
14 22 0.999924
14 23 1.00006
14 24 0.999948
14 25 1.00004
14 26 0.99997
14 27 1.00002
14 28 0.999985
14 29 1.00001
14 30 0.999991
14 31 0.999997
14 32 0.999977
14 33 0.999942
14 34 0.999831
14 35 0.999521
14 36 0.998629
14 37 0.996067
14 38 0.988725
14 39 0.967922
14 40 0.911141
14 41 0.772266
14 42 0.518555
14 43 0.259651
14 44 0.10778
14 45 0.0411447
14 46 0.0151985
14 47 0.00554489
14 48 0.00201447
14 49 0.000733812
14 50 0.000276468
14 51 0.000130028

15 1 1
15 2 1
15 3 0.999997
15 4 1
15 5 0.999993
15 6 1.00001
15 7 0.999983
15 8 1.00002
15 9 0.999966
15 10 1.00005
15 11 0.999942
15 12 1.00007
15 13 0.999915
15 14 1.0001
15 15 0.999891
15 16 1.00012
15 17 0.99988
15 18 1.00012
15 19 0.999884
15 20 1.00011
15 21 0.999903
15 22 1.00008
15 23 0.99993
15 24 1.00006
15 25 0.999956
15 26 1.00003
15 27 0.999976
15 28 1.00002
15 29 0.999988
15 30 1
15 31 0.999984
15 32 0.99997
15 33 0.999908
15 34 0.999746
15 35 0.99928
15 36 0.99796
15 37 0.994205
15 38 0.983571
15 39 0.95396
15 40 0.875846
15 41 0.699155
15 42 0.42665
15 43 0.199328
15 44 0.0803217
15 45 0.0303929
15 46 0.0112218
15 47 0.00410478
15 48 0.00149674
15 49 0.000547421
15 50 0.000207148
15 51 9.78546e-05

16 1 1
16 2 0.999999
16 3 1
16 4 0.999995
16 5 1.00001
16 6 0.999988
16 7 1.00002
16 8 0.999973
16 9 1.00004
16 10 0.999951
16 11 1.00006
16 12 0.999923
16 13 1.00009
16 14 0.999895
16 15 1.00012
16 16 0.999876
16 17 1.00013
16 18 0.999872
16 19 1.00012
16 20 0.999885
16 21 1.0001
16 22 0.999911
16 23 1.00007
16 24 0.99994
16 25 1.00005
16 26 0.999965
16 27 1.00002
16 28 0.999982
16 29 1.00001
16 30 0.999986
16 31 0.999986
16 32 0.999946
16 33 0.999859
16 34 0.999602
16 35 0.99889
16 36 0.996884
16 37 0.991247
16 38 0.975505
16 39 0.93269
16 40 0.825137
16 41 0.607465
16 42 0.335594
16 43 0.14788
16 44 0.0582672
16 45 0.0219254
16 46 0.00810353
16 47 0.00297411
16 48 0.00108896
16 49 0.000400041
16 50 0.000152096
16 51 7.21905e-05

17 1 1
17 2 1
17 3 0.999997
17 4 1
17 5 0.999992
17 6 1.00001
17 7 0.999981
17 8 1.00003
17 9 0.999962
17 10 1.00005
17 11 0.999935
17 12 1.00008
17 13 0.999905
17 14 1.00011
17 15 0.99988
17 16 1.00013
17 17 0.999867
17 18 1.00013
17 19 0.999873
17 20 1.00012
17 21 0.999894
17 22 1.00009
17 23 0.999924
17 24 1.00006
17 25 0.999953
17 26 1.00003
17 27 0.999974
17 28 1.00002
17 29 0.999984
17 30 0.999996
17 31 0.999965
17 32 0.999918
17 33 0.999768
17 34 0.999365
17 35 0.998241
17 36 0.995121
17 37 0.986459
17 38 0.962705
17 39 0.900184
17 40 0.754035
17 41 0.501488
17 42 0.252319
17 43 0.10617
17 44 0.0411781
17 45 0.0154538
17 46 0.00572479
17 47 0.00210958
17 48 0.000775973
17 49 0.000286432
17 50 0.000109459
17 51 5.22177e-05

18 1 1
18 2 0.999999
18 3 1
18 4 0.999995
18 5 1.00001
18 6 0.999987
18 7 1.00002
18 8 0.999972
18 9 1.00004
18 10 0.999949
18 11 1.00006
18 12 0.99992
18 13 1.00009
18 14 0.999891
18 15 1.00012
18 16 0.999872
18 17 1.00013
18 18 0.999869
18 19 1.00013
18 20 0.999883
18 21 1.0001
18 22 0.99991
18 23 1.00007
18 24 0.99994
18 25 1.00005
18 26 0.999965
18 27 1.00002
18 28 0.99998
18 29 1
18 30 0.999973
18 31 0.999951
18 32 0.999855
18 33 0.999617
18 34 0.998955
18 35 0.997145
18 36 0.992175
18 37 0.978588
18 38 0.942209
18 39 0.850919
18 40 0.65904
18 41 0.391055
18 42 0.181692
18 43 0.0738971
18 44 0.0283766
18 45 0.0106476
18 46 0.00395791
18 47 0.00146531
18 48 0.000541706
18 49 0.000200993
18 50 7.72283e-05
18 51 3.70422e-05

19 1 1
19 2 1
19 3 0.999997
19 4 1
19 5 0.999992
19 6 1.00001
19 7 0.999982
19 8 1.00003
19 9 0.999963
19 10 1.00005
19 11 0.999937
19 12 1.00008
19 13 0.999908
19 14 1.0001
19 15 0.999884
19 16 1.00012
19 17 0.999873
19 18 1.00013
19 19 0.999879
19 20 1.00011
19 21 0.9999
19 22 1.00009
19 23 0.999929
19 24 1.00006
19 25 0.999956
19 26 1.00003
19 27 0.999975
19 28 1.00001
19 29 0.999976
19 30 0.999971
19 31 0.999904
19 32 0.999757
19 33 0.999344
19 34 0.998241
19 35 0.995252
19 36 0.987162
19 37 0.96547
19 38 0.909337
19 39 0.778269
19 40 0.542687
19 41 0.287883
19 42 0.125717
19 43 0.0499619
19 44 0.0190866
19 45 0.00717514
19 46 0.00267891
19 47 0.000996992
19 48 0.000370586
19 49 0.000138261
19 50 5.34339e-05
19 51 2.57769e-05

20 1 1
20 2 0.999999
20 3 1
20 4 0.999996
20 5 1.00001
20 6 0.999989
20 7 1.00002
20 8 0.999975
20 9 1.00003
20 10 0.999954
20 11 1.00006
20 12 0.999928
20 13 1.00009
20 14 0.999902
20 15 1.00011
20 16 0.999885
20 17 1.00012
20 18 0.999883
20 19 1.00011
20 20 0.999897
20 21 1.00009
20 22 0.999922
20 23 1.00006
20 24 0.999948
20 25 1.00004
20 26 0.999969
20 27 1.00002
20 28 0.999976
20 29 0.999984
20 30 0.99993
20 31 0.999837
20 32 0.999564
20 33 0.998856
20 34 0.996966
20 35 0.991923
20 36 0.9785
20 37 0.943441
20 38 0.857208
20 39 0.676912
20 40 0.416857
20 41 0.20083
20 42 0.0839041
20 43 0.0328759
20 44 0.0125426
20 45 0.00473171
20 46 0.00177588
20 47 0.000664718
20 48 0.000248523
20 49 9.32653e-05
20 50 3.62665e-05
20 51 1.76015e-05

21 1 1
21 2 1
21 3 0.999998
21 4 1
21 5 0.999994
21 6 1.00001
21 7 0.999985
21 8 1.00002
21 9 0.999969
21 10 1.00004
21 11 0.999947
21 12 1.00006
21 13 0.999923
21 14 1.00009
21 15 0.999903
21 16 1.0001
21 17 0.999894
21 18 1.0001
21 19 0.9999
21 20 1.00009
21 21 0.999919
21 22 1.00007
21 23 0.999943
21 24 1.00004
21 25 0.999964
21 26 1.00002
21 27 0.999975
21 28 0.999993
21 29 0.999945
21 30 0.999885
21 31 0.999691
21 32 0.999213
21 33 0.997952
21 34 0.99465
21 35 0.985968
21 36 0.963362
21 37 0.90653
21 38 0.777372
21 39 0.548962
21 40 0.298389
21 41 0.133571
21 42 0.0542167
21 43 0.0210923
21 44 0.00805993
21 45 0.00305537
21 46 0.00115352
21 47 0.000434447
21 48 0.000163438
21 49 6.17151e-05
21 50 2.4154e-05
21 51 1.17977e-05

22 1 1
22 2 0.999999
22 3 1
22 4 0.999997
22 5 1.00001
22 6 0.999991
22 7 1.00001
22 8 0.999981
22 9 1.00003
22 10 0.999964
22 11 1.00005
22 12 0.999944
22 13 1.00007
22 14 0.999924
22 15 1.00008
22 16 0.999911
22 17 1.00009
22 18 0.99991
22 19 1.00009
22 20 0.999922
22 21 1.00007
22 22 0.999941
22 23 1.00005
22 24 0.999961
22 25 1.00003
22 26 0.999973
22 27 0.999999
22 28 0.999953
22 29 0.999914
22 30 0.999768
22 31 0.999427
22 32 0.998538
22 33 0.996259
22 34 0.990364
22 35 0.975174
22 36 0.93681
22 37 0.845881
22 38 0.663525
22 39 0.409745
22 40 0.200303
22 41 0.0852593
22 42 0.034034
22 43 0.0132152
22 44 0.00506922
22 45 0.00193295
22 46 0.000734515
22 47 0.000278467
22 48 0.000105444
22 49 4.00758e-05
22 50 1.57917e-05
22 51 7.7648e-06

23 1 1
23 2 1
23 3 0.999999
23 4 1
23 5 0.999996
23 6 1.00001
23 7 0.999989
23 8 1.00002
23 9 0.999978
23 10 1.00003
23 11 0.999962
23 12 1.00005
23 13 0.999944
23 14 1.00006
23 15 0.99993
23 16 1.00007
23 17 0.999924
23 18 1.00007
23 19 0.999929
23 20 1.00006
23 21 0.999943
23 22 1.00005
23 23 0.99996
23 24 1.00003
23 25 0.999971
23 26 1
23 27 0.999957
23 28 0.999932
23 29 0.999813
23 30 0.999556
23 31 0.998892
23 32 0.997233
23 33 0.993018
23 34 0.982323
23 35 0.955468
23 36 0.890711
23 37 0.751145
23 38 0.520441
23 39 0.281552
23 40 0.127332
23 41 0.0525463
23 42 0.0208145
23 43 0.00809722
23 44 0.00312298
23 45 0.00119879
23 46 0.000458725
23 47 0.000175124
23 48 6.67669e-05
23 49 2.55489e-05
23 50 1.01392e-05
23 51 5.02013e-06

24 1 1
24 2 1
24 3 1
24 4 0.999998
24 5 1
24 6 0.999995
24 7 1.00001
24 8 0.999987
24 9 1.00002
24 10 0.999976
24 11 1.00003
24 12 0.999962
24 13 1.00005
24 14 0.999948
24 15 1.00006
24 16 0.99994
24 17 1.00006
24 18 0.99994
24 19 1.00006
24 20 0.999948
24 21 1.00004
24 22 0.999961
24 23 1.00003
24 24 0.999971
24 25 1.00001
24 26 0.999959
24 27 0.999943
24 28 0.99984
24 29 0.999635
24 30 0.999109
24 31 0.997831
24 32 0.994651
24 33 0.986732
24 34 0.967095
24 35 0.919637
24 36 0.81345
24 37 0.617252
24 38 0.370359
24 39 0.179999
24 40 0.077416
24 41 0.0314269
24 42 0.0124312
24 43 0.00485777
24 44 0.00188605
24 45 0.000729276
24 46 0.000281131
24 47 0.000108109
24 48 4.1512e-05
24 49 1.59976e-05
24 50 6.3958e-06
24 51 3.18956e-06

25 1 1
25 2 1
25 3 0.999999
25 4 1
25 5 0.999998
25 6 1
25 7 0.999993
25 8 1.00001
25 9 0.999986
25 10 1.00002
25 11 0.999976
25 12 1.00003
25 13 0.999965
25 14 1.00004
25 15 0.999956
25 16 1.00005
25 17 0.999953
25 18 1.00005
25 19 0.999956
25 20 1.00004
25 21 0.999964
25 22 1.00003
25 23 0.999971
25 24 1.00001
25 25 0.999959
25 26 0.999948
25 27 0.999854
25 28 0.99968
25 29 0.999238
25 30 0.998195
25 31 0.995659
25 32 0.989479
25 33 0.97441
25 34 0.938265
25 35 0.856125
25 36 0.693893
25 37 0.457363
25 38 0.240442
25 39 0.10859
25 40 0.0453955
25 41 0.0183118
25 42 0.00726397
25 43 0.00285655
25 44 0.00111741
25 45 0.000435444
25 46 0.000169164
25 47 6.55464e-05
25 48 2.53554e-05
25 49 9.84322e-06
25 50 3.96555e-06
25 51 1.99236e-06

26 1 1
26 2 1
26 3 1
26 4 0.999999
26 5 1
26 6 0.999997
26 7 1
26 8 0.999993
26 9 1.00001
26 10 0.999986
26 11 1.00002
26 12 0.999978
26 13 1.00003
26 14 0.99997
26 15 1.00003
26 16 0.999965
26 17 1.00003
26 18 0.999965
26 19 1.00003
26 20 0.999969
26 21 1.00002
26 22 0.999973
26 23 1
26 24 0.999959
26 25 0.999948
26 26 0.999858
26 27 0.999701
26 28 0.999306
26 29 0.998405
26 30 0.996264
26 31 0.991171
26 32 0.979003
26 33 0.950218
26 34 0.884717
26 35 0.750593
26 36 0.534365
26 37 0.303741
26 38 0.14482
26 39 0.0626273
26 40 0.0258402
26 41 0.0104266
26 42 0.00415933
26 43 0.00164805
26 44 0.00064993
26 45 0.000255349
26 46 9.99996e-05
26 47 3.90516e-05
26 48 1.52222e-05
26 49 5.95433e-06
26 50 2.41788e-06
26 51 1.22412e-06

27 1 1
27 2 1
27 3 1
27 4 1
27 5 0.999999
27 6 1
27 7 0.999997
27 8 1.00001
27 9 0.999993
27 10 1.00001
27 11 0.999987
27 12 1.00002
27 13 0.999981
27 14 1.00002
27 15 0.999976
27 16 1.00002
27 17 0.999974
27 18 1.00002
27 19 0.999975
27 20 1.00002
27 21 0.999975
27 22 0.999999
27 23 0.999957
27 24 0.999943
27 25 0.999854
27 26 0.999701
27 27 0.999328
27 28 0.998501
27 29 0.996587
27 30 0.992151
27 31 0.98179
27 32 0.957731
27 33 0.903433
27 34 0.790539
27 35 0.596753
27 36 0.364133
27 37 0.183619
27 38 0.0824219
27 39 0.034881
27 40 0.014346
27 41 0.00581461
27 42 0.00233677
27 43 0.00093368
27 44 0.000371381
27 45 0.000147154
27 46 5.81078e-05
27 47 2.28758e-05
27 48 8.98725e-06
27 49 3.54296e-06
27 50 1.45046e-06
27 51 7.40125e-07

28 1 1
28 2 1
28 3 1
28 4 1
28 5 1
28 6 0.999999
28 7 1
28 8 0.999997
28 9 1
28 10 0.999993
28 11 1.00001
28 12 0.999989
28 13 1.00001
28 14 0.999985
28 15 1.00002
28 16 0.999982
28 17 1.00002
28 18 0.99998
28 19 1.00001
28 20 0.999976
28 21 0.999993
28 22 0.999953
28 23 0.999932
28 24 0.99984
28 25 0.99968
28 26 0.999306
28 27 0.998501
28 28 0.996689
28 29 0.9926
28 30 0.983289
28 31 0.962135
28 32 0.915108
28 33 0.817255
28 34 0.643414
28 35 0.41656
28 36 0.221643
28 37 0.103429
28 38 0.0449918
28 39 0.0188972
28 40 0.0077945
28 41 0.00318149
28 42 0.00128952
28 43 0.000519862
28 44 0.000208632
28 45 8.33922e-05
28 46 3.32109e-05
28 47 1.31829e-05
28 48 5.22107e-06
28 49 2.07476e-06
28 50 8.56512e-07
28 51 4.40574e-07

29 1 1
29 2 1
29 3 1
29 4 1
29 5 1
29 6 1
29 7 0.999999
29 8 1
29 9 0.999997
29 10 1
29 11 0.999994
29 12 1.00001
29 13 0.999991
29 14 1.00001
29 15 0.999988
29 16 1.00001
29 17 0.999984
29 18 1
29 19 0.999976
29 20 0.999984
29 21 0.999945
29 22 0.999914
29 23 0.999813
29 24 0.999635
29 25 0.999238
29 26 0.998405
29 27 0.996587
29 28 0.9926
29 29 0.983762
29 30 0.964172
29 31 0.921491
29 32 0.833545
29 33 0.675219
29 34 0.457594
29 35 0.255352
29 36 0.123786
29 37 0.0554137
29 38 0.0238057
29 39 0.0100076
29 40 0.0041545
29 41 0.00171032
29 42 0.000699648
29 43 0.000284695
29 44 0.000115306
29 45 4.65026e-05
29 46 1.86812e-05
29 47 7.47824e-06
29 48 2.98621e-06
29 49 1.1964e-06
29 50 4.98134e-07
29 51 2.58333e-07

30 1 1
30 2 1
30 3 1
30 4 1
30 5 1
30 6 0.999999
30 7 1
30 8 0.999998
30 9 1
30 10 0.999997
30 11 1
30 12 0.999994
30 13 1
30 14 0.999991
30 15 1
30 16 0.999986
30 17 0.999996
30 18 0.999973
30 19 0.999971
30 20 0.99993
30 21 0.999885
30 22 0.999768
30 23 0.999556
30 24 0.999109
30 25 0.998195
30 26 0.996264
30 27 0.992151
30 28 0.983289
30 29 0.964172
30 30 0.923521
30 31 0.841244
30 32 0.693573
30 33 0.485455
30 34 0.28166
30 35 0.141421
30 36 0.0651488
30 37 0.0286567
30 38 0.0122944
30 39 0.0051979
30 40 0.00217621
30 41 0.000904404
30 42 0.000373557
30 43 0.000153464
30 44 6.27389e-05
30 45 2.55337e-05
30 46 1.03486e-05
30 47 4.17834e-06
30 48 1.68252e-06
30 49 6.79714e-07
30 50 2.85476e-07
30 51 1.49281e-07

31 1 1
31 2 1
31 3 1
31 4 0.999999
31 5 0.999999
31 6 1
31 7 0.999999
31 8 1
31 9 0.999998
31 10 1
31 11 0.999995
31 12 1
31 13 0.999992
31 14 0.999997
31 15 0.999984
31 16 0.999986
31 17 0.999965
31 18 0.999951
31 19 0.999904
31 20 0.999837
31 21 0.999691
31 22 0.999427
31 23 0.998892
31 24 0.997831
31 25 0.995659
31 26 0.991171
31 27 0.98179
31 28 0.962135
31 29 0.921491
31 30 0.841244
31 31 0.69956
31 32 0.499469
31 33 0.298317
31 34 0.154409
31 35 0.0731152
31 36 0.0329452
31 37 0.0144404
31 38 0.00622538
31 39 0.00265397
31 40 0.00112186
31 41 0.00047089
31 42 0.000196435
31 43 8.14877e-05
31 44 3.3631e-05
31 45 1.38141e-05
31 46 5.64912e-06
31 47 2.30084e-06
31 48 9.34393e-07
31 49 3.80678e-07
31 50 1.61298e-07
31 51 8.50555e-08

32 1 0.999999
32 2 0.999999
32 3 0.999999
32 4 0.999999
32 5 0.999998
32 6 0.999998
32 7 0.999998
32 8 0.999997
32 9 0.999997
32 10 0.999994
32 11 0.999995
32 12 0.999989
32 13 0.999988
32 14 0.999977
32 15 0.99997
32 16 0.999946
32 17 0.999918
32 18 0.999855
32 19 0.999757
32 20 0.999564
32 21 0.999213
32 22 0.998538
32 23 0.997233
32 24 0.994651
32 25 0.989479
32 26 0.979003
32 27 0.957731
32 28 0.915108
32 29 0.833545
32 30 0.693573
32 31 0.499469
32 32 0.304012
32 33 0.161292
32 34 0.0783441
32 35 0.0361601
32 36 0.0162057
32 37 0.00713195
32 38 0.00309967
32 39 0.0013343
32 40 0.000569798
32 41 0.000241624
32 42 0.000101814
32 43 4.26532e-05
32 44 1.77729e-05
32 45 7.36864e-06
32 46 3.04073e-06
32 47 1.24941e-06
32 48 5.11771e-07
32 49 2.10285e-07
32 50 8.98982e-08
32 51 4.78066e-08

33 1 0.999996
33 2 0.999996
33 3 0.999996
33 4 0.999996
33 5 0.999995
33 6 0.999994
33 7 0.999993
33 8 0.999992
33 9 0.999989
33 10 0.999986
33 11 0.99998
33 12 0.999974
33 13 0.999959
33 14 0.999942
33 15 0.999908
33 16 0.999859
33 17 0.999768
33 18 0.999617
33 19 0.999344
33 20 0.998856
33 21 0.997952
33 22 0.996259
33 23 0.993018
33 24 0.986732
33 25 0.97441
33 26 0.950218
33 27 0.903433
33 28 0.817255
33 29 0.675219
33 30 0.485455
33 31 0.298317
33 32 0.161292
33 33 0.0801665
33 34 0.0378846
33 35 0.0173697
33 36 0.00781104
33 37 0.00346481
33 38 0.0015206
33 39 0.000661387
33 40 0.00028541
33 41 0.000122288
33 42 5.2054e-05
33 43 2.20239e-05
33 44 9.26592e-06
33 45 3.87785e-06
33 46 1.61489e-06
33 47 6.6945e-07
33 48 2.76594e-07
33 49 1.14632e-07
33 50 4.94482e-08
33 51 2.65195e-08

34 1 0.999989
34 2 0.999989
34 3 0.999988
34 4 0.999987
34 5 0.999985
34 6 0.999983
34 7 0.99998
34 8 0.999975
34 9 0.999968
34 10 0.999958
34 11 0.999943
34 12 0.99992
34 13 0.999887
34 14 0.999831
34 15 0.999746
34 16 0.999602
34 17 0.999365
34 18 0.998955
34 19 0.998241
34 20 0.996966
34 21 0.99465
34 22 0.990364
34 23 0.982323
34 24 0.967095
34 25 0.938265
34 26 0.884717
34 27 0.790539
34 28 0.643414
34 29 0.457594
34 30 0.28166
34 31 0.154409
34 32 0.0783441
34 33 0.0378846
34 34 0.0177765
34 35 0.00817524
34 36 0.00370495
34 37 0.00165954
34 38 0.000736001
34 39 0.000323556
34 40 0.00014111
34 41 6.10924e-05
34 42 2.62708e-05
34 43 1.1226e-05
34 44 4.76889e-06
34 45 2.01469e-06
34 46 8.46713e-07
34 47 3.54141e-07
34 48 1.47594e-07
34 49 6.16993e-08
34 50 2.68559e-08
34 51 1.45255e-08

35 1 0.999967
35 2 0.999966
35 3 0.999964
35 4 0.999961
35 5 0.999956
35 6 0.999949
35 7 0.999939
35 8 0.999925
35 9 0.999905
35 10 0.999876
35 11 0.999833
35 12 0.99977
35 13 0.999672
35 14 0.999521
35 15 0.99928
35 16 0.99889
35 17 0.998241
35 18 0.997145
35 19 0.995252
35 20 0.991923
35 21 0.985968
35 22 0.975174
35 23 0.955468
35 24 0.919637
35 25 0.856125
35 26 0.750593
35 27 0.596753
35 28 0.41656
35 29 0.255352
35 30 0.141421
35 31 0.0731152
35 32 0.0361601
35 33 0.0173697
35 34 0.00817524
35 35 0.00378876
35 36 0.00173386
35 37 0.000784886
35 38 0.000351872
35 39 0.00015636
35 40 6.89185e-05
35 41 3.01492e-05
35 42 1.3097e-05
35 43 5.65237e-06
35 44 2.42451e-06
35 45 1.03397e-06
35 46 4.38545e-07
35 47 1.85063e-07
35 48 7.78006e-08
35 49 3.28052e-08
35 50 1.44086e-08
35 51 7.85925e-09

36 1 0.9999
36 2 0.999897
36 3 0.999891
36 4 0.999881
36 5 0.999866
36 6 0.999845
36 7 0.999816
36 8 0.999775
36 9 0.999717
36 10 0.999633
36 11 0.999511
36 12 0.999329
36 13 0.999054
36 14 0.998629
36 15 0.99796
36 16 0.996884
36 17 0.995121
36 18 0.992175
36 19 0.987162
36 20 0.9785
36 21 0.963362
36 22 0.93681
36 23 0.890711
36 24 0.81345
36 25 0.693893
36 26 0.534365
36 27 0.364133
36 28 0.221643
36 29 0.123786
36 30 0.0651488
36 31 0.0329452
36 32 0.0162057
36 33 0.00781104
36 34 0.00370495
36 35 0.00173386
36 36 0.000801915
36 37 0.000366975
36 38 0.000166314
36 39 7.47018e-05
36 40 3.32753e-05
36 41 1.47079e-05
36 42 6.4542e-06
36 43 2.81316e-06
36 44 1.21837e-06
36 45 5.24496e-07
36 46 2.245e-07
36 47 9.55824e-08
36 48 4.05322e-08
36 49 1.72385e-08
36 50 7.63991e-09
36 51 4.20235e-09

37 1 0.999694
37 2 0.999685
37 3 0.999667
37 4 0.999638
37 5 0.999594
37 6 0.999533
37 7 0.999447
37 8 0.999327
37 9 0.999157
37 10 0.998914
37 11 0.998561
37 12 0.998041
37 13 0.997261
37 14 0.996067
37 15 0.994205
37 16 0.991247
37 17 0.986459
37 18 0.978588
37 19 0.96547
37 20 0.943441
37 21 0.90653
37 22 0.845881
37 23 0.751145
37 24 0.617252
37 25 0.457363
37 26 0.303741
37 27 0.183619
37 28 0.103429
37 29 0.0554137
37 30 0.0286567
37 31 0.0144404
37 32 0.00713195
37 33 0.00346481
37 34 0.00165954
37 35 0.000784886
37 36 0.000366975
37 37 0.000169776
37 38 7.77782e-05
37 39 3.53088e-05
37 40 1.58934e-05
37 41 7.09748e-06
37 42 3.14602e-06
37 43 1.38478e-06
37 44 6.05526e-07
37 45 2.63121e-07
37 46 1.13652e-07
37 47 4.88165e-08
37 48 2.08796e-08
37 49 8.95651e-09
37 50 4.00514e-09
37 51 2.22144e-09

38 1 0.999067
38 2 0.999041
38 3 0.998987
38 4 0.998899
38 5 0.998771
38 6 0.99859
38 7 0.998337
38 8 0.997983
38 9 0.997487
38 10 0.996782
38 11 0.995768
38 12 0.994283
38 13 0.992072
38 14 0.988725
38 15 0.983571
38 16 0.975505
38 17 0.962705
38 18 0.942209
38 19 0.909337
38 20 0.857208
38 21 0.777372
38 22 0.663525
38 23 0.520441
38 24 0.370359
38 25 0.240442
38 26 0.14482
38 27 0.0824219
38 28 0.0449918
38 29 0.0238057
38 30 0.0122944
38 31 0.00622538
38 32 0.00309967
38 33 0.0015206
38 34 0.000736001
38 35 0.000351872
38 36 0.000166314
38 37 7.77782e-05
38 38 3.60146e-05
38 39 1.65225e-05
38 40 7.51461e-06
38 41 3.39006e-06
38 42 1.51772e-06
38 43 6.74597e-07
38 44 2.97801e-07
38 45 1.30608e-07
38 46 5.69245e-08
38 47 2.46652e-08
38 48 1.06399e-08
38 49 4.60299e-09
38 50 2.07672e-09
38 51 1.16137e-09

39 1 0.997156
39 2 0.997078
39 3 0.996917
39 4 0.996659
39 5 0.99628
39 6 0.995745
39 7 0.995001
39 8 0.993966
39 9 0.992522
39 10 0.990485
39 11 0.987577
39 12 0.983365
39 13 0.977168
39 14 0.967922
39 15 0.95396
39 16 0.93269
39 17 0.900184
39 18 0.850919
39 19 0.778269
39 20 0.676912
39 21 0.548962
39 22 0.409745
39 23 0.281552
39 24 0.179999
39 25 0.10859
39 26 0.0626273
39 27 0.034881
39 28 0.0188972
39 29 0.0100076
39 30 0.0051979
39 31 0.00265397
39 32 0.0013343
39 33 0.000661387
39 34 0.000323556
39 35 0.00015636
39 36 7.47018e-05
39 37 3.53088e-05
39 38 1.65225e-05
39 39 7.65916e-06
39 40 3.51926e-06
39 41 1.60367e-06
39 42 7.25062e-07
39 43 3.25396e-07
39 44 1.45003e-07
39 45 6.41795e-08
39 46 2.82217e-08
39 47 1.23343e-08
39 48 5.3656e-09
39 49 2.3408e-09
39 50 1.06543e-09
39 51 6.00692e-10

40 1 0.991351
40 2 0.991122
40 3 0.990646
40 4 0.989883
40 5 0.988769
40 6 0.987203
40 7 0.985033
40 8 0.982037
40 9 0.977883
40 10 0.97208
40 11 0.963897
40 12 0.95224
40 13 0.935465
40 14 0.911141
40 15 0.875846
40 16 0.825137
40 17 0.754035
40 18 0.65904
40 19 0.542687
40 20 0.416857
40 21 0.298389
40 22 0.200303
40 23 0.127332
40 24 0.077416
40 25 0.0453955
40 26 0.0258402
40 27 0.014346
40 28 0.0077945
40 29 0.0041545
40 30 0.00217621
40 31 0.00112186
40 32 0.000569798
40 33 0.00028541
40 34 0.00014111
40 35 6.89185e-05
40 36 3.32753e-05
40 37 1.58934e-05
40 38 7.51461e-06
40 39 3.51926e-06
40 40 1.63341e-06
40 41 7.51723e-07
40 42 3.4319e-07
40 43 1.55488e-07
40 44 6.99332e-08
40 45 3.12331e-08
40 46 1.38548e-08
40 47 6.10684e-09
40 48 2.67867e-09
40 49 1.17832e-09
40 50 5.4101e-10
40 51 3.0748e-10

41 1 0.97392
41 2 0.973251
41 3 0.971864
41 4 0.96965
41 5 0.966432
41 6 0.961942
41 7 0.955781
41 8 0.947372
41 9 0.93588
41 10 0.920114
41 11 0.89842
41 12 0.868565
41 13 0.827661
41 14 0.772266
41 15 0.699155
41 16 0.607465
41 17 0.501488
41 18 0.391055
41 19 0.287883
41 20 0.20083
41 21 0.133571
41 22 0.0852593
41 23 0.0525463
41 24 0.0314269
41 25 0.0183118
41 26 0.0104266
41 27 0.00581461
41 28 0.00318149
41 29 0.00171032
41 30 0.000904404
41 31 0.00047089
41 32 0.000241624
41 33 0.000122288
41 34 6.10924e-05
41 35 3.01492e-05
41 36 1.47079e-05
41 37 7.09748e-06
41 38 3.39006e-06
41 39 1.60367e-06
41 40 7.51723e-07
41 41 3.49339e-07
41 42 1.61016e-07
41 43 7.36347e-08
41 44 3.34211e-08
41 45 1.50589e-08
41 46 6.73764e-09
41 47 2.99463e-09
41 48 1.32429e-09
41 49 5.87314e-10
41 50 2.71988e-10
41 51 1.55812e-10

42 1 0.923362
42 2 0.92151
42 3 0.917678
42 4 0.911602
42 5 0.902858
42 6 0.890823
42 7 0.874637
42 8 0.853132
42 9 0.824772
42 10 0.78763
42 11 0.73953
42 12 0.678577
42 13 0.604232
42 14 0.518555
42 15 0.42665
42 16 0.335594
42 17 0.252319
42 18 0.181692
42 19 0.125717
42 20 0.0839041
42 21 0.0542167
42 22 0.034034
42 23 0.0208145
42 24 0.0124312
42 25 0.00726397
42 26 0.00415933
42 27 0.00233677
42 28 0.00128952
42 29 0.000699648
42 30 0.000373557
42 31 0.000196435
42 32 0.000101814
42 33 5.2054e-05
42 34 2.62708e-05
42 35 1.3097e-05
42 36 6.4542e-06
42 37 3.14602e-06
42 38 1.51772e-06
42 39 7.25062e-07
42 40 3.4319e-07
42 41 1.61016e-07
42 42 7.49124e-08
42 43 3.45729e-08
42 44 1.58322e-08
42 45 7.19573e-09
42 46 3.24668e-09
42 47 1.45486e-09
42 48 6.48535e-10
42 49 2.89944e-10
42 50 1.35421e-10
42 51 7.81861e-11

43 1 0.790806
43 2 0.78644
43 3 0.77749
43 4 0.76352
43 5 0.743875
43 6 0.717721
43 7 0.684124
43 8 0.642246
43 9 0.591651
43 10 0.53271
43 11 0.466929
43 12 0.397036
43 13 0.326658
43 14 0.259651
43 15 0.199328
43 16 0.14788
43 17 0.10617
43 18 0.0738971
43 19 0.0499619
43 20 0.0328759
43 21 0.0210923
43 22 0.0132152
43 23 0.00809722
43 24 0.00485777
43 25 0.00285655
43 26 0.00164805
43 27 0.00093368
43 28 0.000519862
43 29 0.000284695
43 30 0.000153464
43 31 8.14877e-05
43 32 4.26532e-05
43 33 2.20239e-05
43 34 1.1226e-05
43 35 5.65237e-06
43 36 2.81316e-06
43 37 1.38478e-06
43 38 6.74597e-07
43 39 3.25396e-07
43 40 1.55488e-07
43 41 7.36347e-08
43 42 3.45729e-08
43 43 1.60989e-08
43 44 7.43666e-09
43 45 3.40866e-09
43 46 1.55065e-09
43 47 7.00436e-10
43 48 3.14695e-10
43 49 1.41811e-10
43 50 6.67933e-11
43 51 3.88621e-11

44 1 0.529308
44 2 0.522801
44 3 0.509789
44 4 0.490313
44 5 0.464525
44 6 0.43278
44 7 0.395738
44 8 0.354433
44 9 0.31029
44 10 0.26504
44 11 0.220554
44 12 0.178615
44 13 0.140694
44 14 0.10778
44 15 0.0803217
44 16 0.0582672
44 17 0.0411781
44 18 0.0283766
44 19 0.0190866
44 20 0.0125426
44 21 0.00805993
44 22 0.00506922
44 23 0.00312298
44 24 0.00188605
44 25 0.00111741
44 26 0.00064993
44 27 0.000371381
44 28 0.000208632
44 29 0.000115306
44 30 6.27389e-05
44 31 3.3631e-05
44 32 1.77729e-05
44 33 9.26592e-06
44 34 4.76889e-06
44 35 2.42451e-06
44 36 1.21837e-06
44 37 6.05526e-07
44 38 2.97801e-07
44 39 1.45003e-07
44 40 6.99332e-08
44 41 3.34211e-08
44 42 1.58322e-08
44 43 7.43666e-09
44 44 3.46449e-09
44 45 1.60113e-09
44 46 7.34244e-10
44 47 3.34266e-10
44 48 1.51342e-10
44 49 6.87339e-11
44 50 3.26443e-11
44 51 1.91386e-11

45 1 0.258066
45 2 0.253526
45 3 0.244623
45 4 0.231706
45 5 0.2153
45 6 0.196091
45 7 0.174898
45 8 0.152628
45 9 0.13021
45 10 0.10852
45 11 0.0883094
45 12 0.0701447
45 13 0.0543777
45 14 0.0411447
45 15 0.0303929
45 16 0.0219254
45 17 0.0154538
45 18 0.0106476
45 19 0.00717514
45 20 0.00473171
45 21 0.00305537
45 22 0.00193295
45 23 0.00119879
45 24 0.000729276
45 25 0.000435444
45 26 0.000255349
45 27 0.000147154
45 28 8.33922e-05
45 29 4.65026e-05
45 30 2.55337e-05
45 31 1.38141e-05
45 32 7.36864e-06
45 33 3.87785e-06
45 34 2.01469e-06
45 35 1.03397e-06
45 36 5.24496e-07
45 37 2.63121e-07
45 38 1.30608e-07
45 39 6.41795e-08
45 40 3.12331e-08
45 41 1.50589e-08
45 42 7.19573e-09
45 43 3.40866e-09
45 44 1.60113e-09
45 45 7.45933e-10
45 46 3.44759e-10
45 47 1.58159e-10
45 48 7.21519e-11
45 49 3.30225e-11
45 50 1.58134e-11
45 51 9.34129e-12

46 1 0.103671
46 2 0.10161
46 3 0.0976005
46 4 0.0918552
46 5 0.0846765
46 6 0.076432
46 7 0.0675268
46 8 0.0583718
46 9 0.0493529
46 10 0.0408025
46 11 0.0329796
46 12 0.0260582
46 13 0.0201272
46 14 0.0151985
46 15 0.0112218
46 16 0.00810353
46 17 0.00572479
46 18 0.00395791
46 19 0.00267891
46 20 0.00177588
46 21 0.00115352
46 22 0.000734515
46 23 0.000458725
46 24 0.000281131
46 25 0.000169164
46 26 9.99996e-05
46 27 5.81078e-05
46 28 3.32109e-05
46 29 1.86812e-05
46 30 1.03486e-05
46 31 5.64912e-06
46 32 3.04073e-06
46 33 1.61489e-06
46 34 8.46713e-07
46 35 4.38545e-07
46 36 2.245e-07
46 37 1.13652e-07
46 38 5.69245e-08
46 39 2.82217e-08
46 40 1.38548e-08
46 41 6.73764e-09
46 42 3.24668e-09
46 43 1.55065e-09
46 44 7.34244e-10
46 45 3.44759e-10
46 46 1.60567e-10
46 47 7.4216e-11
46 48 3.41107e-11
46 49 1.57314e-11
46 50 7.59522e-12
46 51 4.52032e-12

47 1 0.0383594
47 2 0.03757
47 3 0.0360377
47 4 0.0338514
47 5 0.0311343
47 6 0.0280332
47 7 0.0247061
47 8 0.0213088
47 9 0.0179836
47 10 0.0148493
47 11 0.0119955
47 12 0.00947997
47 13 0.00732969
47 14 0.00554489
47 15 0.00410478
47 16 0.00297411
47 17 0.00210958
47 18 0.00146531
47 19 0.000996992
47 20 0.000664718
47 21 0.000434447
47 22 0.000278467
47 23 0.000175124
47 24 0.000108109
47 25 6.55464e-05
47 26 3.90516e-05
47 27 2.28758e-05
47 28 1.31829e-05
47 29 7.47824e-06
47 30 4.17834e-06
47 31 2.30084e-06
47 32 1.24941e-06
47 33 6.6945e-07
47 34 3.54141e-07
47 35 1.85063e-07
47 36 9.55824e-08
47 37 4.88165e-08
47 38 2.46652e-08
47 39 1.23343e-08
47 40 6.10684e-09
47 41 2.99463e-09
47 42 1.45486e-09
47 43 7.00436e-10
47 44 3.34266e-10
47 45 1.58159e-10
47 46 7.4216e-11
47 47 3.45584e-11
47 48 1.60012e-11
47 49 7.43574e-12
47 50 3.61949e-12
47 51 2.17025e-12

48 1 0.0137707
48 2 0.0134862
48 3 0.0129344
48 4 0.0121478
48 5 0.0111715
48 6 0.0100588
48 7 0.00886681
48 8 0.00765123
48 9 0.00646259
48 10 0.00534283
48 11 0.00432329
48 12 0.00342408
48 13 0.00265448
48 14 0.00201447
48 15 0.00149674
48 16 0.00108896
48 17 0.000775973
48 18 0.000541706
48 19 0.000370586
48 20 0.000248523
48 21 0.000163438
48 22 0.000105444
48 23 6.67669e-05
48 24 4.1512e-05
48 25 2.53554e-05
48 26 1.52222e-05
48 27 8.98725e-06
48 28 5.22107e-06
48 29 2.98621e-06
48 30 1.68252e-06
48 31 9.34393e-07
48 32 5.11771e-07
48 33 2.76594e-07
48 34 1.47594e-07
48 35 7.78006e-08
48 36 4.05322e-08
48 37 2.08796e-08
48 38 1.06399e-08
48 39 5.3656e-09
48 40 2.67867e-09
48 41 1.32429e-09
48 42 6.48535e-10
48 43 3.14695e-10
48 44 1.51342e-10
48 45 7.21519e-11
48 46 3.41107e-11
48 47 1.60012e-11
48 48 7.4638e-12
48 49 3.49502e-12
48 50 1.71537e-12
48 51 1.03629e-12

49 1 0.00491049
49 2 0.00480976
49 3 0.00461435
49 4 0.00433582
49 5 0.00399007
49 6 0.00359594
49 7 0.00317352
49 8 0.00274245
49 9 0.00232053
49 10 0.00192253
49 11 0.00155954
49 12 0.00123872
49 13 0.00096343
49 14 0.000733812
49 15 0.000547421
49 16 0.000400041
49 17 0.000286432
49 18 0.000200993
49 19 0.000138261
49 20 9.32653e-05
49 21 6.17151e-05
49 22 4.00758e-05
49 23 2.55489e-05
49 24 1.59976e-05
49 25 9.84322e-06
49 26 5.95433e-06
49 27 3.54296e-06
49 28 2.07476e-06
49 29 1.1964e-06
49 30 6.79714e-07
49 31 3.80678e-07
49 32 2.10285e-07
49 33 1.14632e-07
49 34 6.16993e-08
49 35 3.28052e-08
49 36 1.72385e-08
49 37 8.95651e-09
49 38 4.60299e-09
49 39 2.3408e-09
49 40 1.17832e-09
49 41 5.87314e-10
49 42 2.89944e-10
49 43 1.41811e-10
49 44 6.87339e-11
49 45 3.30225e-11
49 46 1.57314e-11
49 47 7.43574e-12
49 48 3.49502e-12
49 49 1.64962e-12
49 50 8.1663e-13
49 51 4.97202e-13

50 1 0.00180276
50 2 0.00176621
50 3 0.00169528
50 4 0.00159414
50 5 0.00146851
50 6 0.00132517
50 7 0.00117136
50 8 0.00101418
50 9 0.000860063
50 10 0.000714383
50 11 0.000581194
50 12 0.000463144
50 13 0.000361529
50 14 0.000276468
50 15 0.000207148
50 16 0.000152096
50 17 0.000109459
50 18 7.72283e-05
50 19 5.34339e-05
50 20 3.62665e-05
50 21 2.4154e-05
50 22 1.57917e-05
50 23 1.01392e-05
50 24 6.3958e-06
50 25 3.96555e-06
50 26 2.41788e-06
50 27 1.45046e-06
50 28 8.56512e-07
50 29 4.98134e-07
50 30 2.85476e-07
50 31 1.61298e-07
50 32 8.98982e-08
50 33 4.94482e-08
50 34 2.68559e-08
50 35 1.44086e-08
50 36 7.63991e-09
50 37 4.00514e-09
50 38 2.07672e-09
50 39 1.06543e-09
50 40 5.4101e-10
50 41 2.71988e-10
50 42 1.35421e-10
50 43 6.67933e-11
50 44 3.26443e-11
50 45 1.58134e-11
50 46 7.59522e-12
50 47 3.61949e-12
50 48 1.71537e-12
50 49 8.1663e-13
50 50 4.08051e-13
50 51 2.5054e-13

51 1 0.000825154
51 2 0.000808646
51 3 0.000776603
51 4 0.00073088
51 5 0.000674036
51 6 0.000609108
51 7 0.000539338
51 8 0.000467917
51 9 0.000397748
51 10 0.000331266
51 11 0.000270321
51 12 0.00021614
51 13 0.000169345
51 14 0.000130028
51 15 9.78546e-05
51 16 7.21905e-05
51 17 5.22177e-05
51 18 3.70422e-05
51 19 2.57769e-05
51 20 1.76015e-05
51 21 1.17977e-05
51 22 7.7648e-06
51 23 5.02013e-06
51 24 3.18956e-06
51 25 1.99236e-06
51 26 1.22412e-06
51 27 7.40125e-07
51 28 4.40574e-07
51 29 2.58333e-07
51 30 1.49281e-07
51 31 8.50555e-08
51 32 4.78066e-08
51 33 2.65195e-08
51 34 1.45255e-08
51 35 7.85925e-09
51 36 4.20235e-09
51 37 2.22144e-09
51 38 1.16137e-09
51 39 6.00692e-10
51 40 3.0748e-10
51 41 1.55812e-10
51 42 7.81861e-11
51 43 3.88621e-11
51 44 1.91386e-11
51 45 9.34129e-12
51 46 4.52032e-12
51 47 2.17025e-12
51 48 1.03629e-12
51 49 4.97202e-13
51 50 2.5054e-13
51 51 1.54993e-13

